1036 3231
0 1
0 2
3 1
3 4
5 6
5 7
8 9
8 7
10 6
10 11
12 13
12 14
15 1
15 16
17 18
17 19
20 9
20 6
21 1
21 22
23 24
23 25
26 27
26 19
28 24
28 29
30 24
30 31
32 11
32 33
34 24
34 35
36 9
36 37
38 24
38 39
40 41
40 22
42 43
42 24
44 24
44 45
46 11
46 37
47 24
47 48
49 33
49 37
50 51
50 52
53 54
53 52
55 9
55 11
56 57
56 58
59 54
59 60
61 60
61 62
63 52
63 60
64 51
64 60
65 51
65 62
66 54
66 62
67 54
67 51
68 52
68 62
69 58
69 70
71 72
71 19
73 74
73 75
76 77
76 75
78 79
78 75
80 81
80 82
83 84
83 82
85 86
85 87
88 89
88 82
90 74
90 82
91 77
91 82
92 79
92 82
93 58
93 94
95 96
95 97
95 98
95 51
95 99
95 100
95 101
95 57
95 102
95 84
95 41
95 103
95 39
95 6
95 104
95 105
95 106
107 108
107 7
107 109
107 110
107 54
107 111
107 112
107 113
107 114
107 115
107 116
107 117
107 43
107 118
107 119
107 120
107 121
122 123
122 124
122 125
122 62
122 27
122 126
122 127
122 128
122 129
122 130
122 131
122 11
122 132
122 45
122 133
122 89
122 70
134 135
134 136
134 137
134 60
134 18
134 138
134 139
134 140
134 4
134 141
134 33
134 48
134 142
134 74
134 143
134 144
134 94
145 146
145 147
145 27
145 148
145 149
145 138
145 150
145 151
145 52
145 31
145 14
145 70
145 115
145 77
145 103
145 6
145 121
152 153
152 70
154 155
154 113
154 156
154 4
154 54
154 157
154 99
154 158
154 140
154 24
154 11
154 159
154 132
154 160
154 104
154 161
154 75
162 163
162 81
162 156
162 164
162 165
162 166
162 72
162 167
162 9
162 52
162 149
162 159
162 168
162 169
162 170
162 171
162 172
173 1
173 174
175 131
175 120
176 177
176 57
176 178
176 109
176 98
176 179
176 180
176 181
176 167
176 182
176 183
176 184
176 25
176 185
176 169
176 136
176 89
186 116
186 153
187 164
187 141
188 189
188 98
190 189
190 72
191 161
191 189
192 18
192 189
193 27
193 189
194 189
194 110
195 86
195 110
196 86
196 98
197 72
197 86
198 199
198 158
200 180
200 158
201 202
201 158
203 150
203 158
204 177
204 205
206 177
206 137
207 135
207 158
208 133
208 158
209 210
209 112
211 210
211 99
212 163
212 210
213 177
213 214
215 210
215 214
216 210
216 205
217 210
217 137
218 210
218 124
219 179
219 144
220 199
220 105
221 179
221 123
222 13
222 141
223 131
223 104
224 131
224 164
225 104
225 120
226 164
226 120
227 164
227 104
228 183
228 229
230 231
230 229
232 229
232 233
234 229
234 235
236 229
236 143
237 118
237 238
239 238
239 132
240 238
240 142
241 242
241 238
243 244
243 168
245 103
245 244
246 118
246 244
247 244
247 132
248 249
248 159
250 238
250 168
251 103
251 238
252 244
252 238
253 254
253 168
255 103
255 254
256 118
256 254
257 254
257 132
258 254
258 142
259 254
259 242
260 254
260 238
261 60
261 148
261 104
261 99
261 143
261 151
261 167
261 262
261 27
261 244
261 25
261 180
261 169
261 160
261 263
261 111
261 70
264 244
264 142
265 244
265 242
266 100
266 267
266 124
266 231
266 180
266 268
266 269
266 19
266 270
266 131
266 271
266 126
266 25
266 103
266 6
266 75
266 2
272 178
272 156
272 137
272 183
272 138
272 199
272 72
272 273
272 141
272 29
272 159
272 174
272 118
272 7
272 111
272 172
272 82
274 177
274 102
274 37
274 275
274 27
274 51
274 123
274 127
274 158
274 276
274 24
274 242
274 185
274 277
274 84
274 1
274 70
278 279
278 229
278 97
278 214
278 166
278 123
278 165
278 127
278 87
278 280
278 271
278 2
278 281
278 118
278 7
278 74
278 282
283 279
283 96
283 57
283 98
283 205
283 284
283 229
283 150
283 101
283 13
283 31
283 11
283 285
283 132
283 16
283 263
283 125
286 169
286 22
287 146
287 14
287 98
287 179
287 54
287 138
287 113
287 181
287 170
287 57
287 133
287 22
287 288
287 37
287 45
287 242
287 75
289 163
289 290
289 100
289 62
289 291
289 164
289 110
289 128
289 292
289 135
289 1
289 116
289 238
289 48
289 277
289 284
289 82
293 177
293 155
293 109
293 185
293 105
293 144
293 139
293 19
293 52
293 273
293 149
293 11
293 270
293 132
293 77
293 39
293 174
294 210
294 295
294 249
294 16
294 119
294 51
294 126
294 72
294 172
294 296
294 102
294 285
294 142
294 43
294 79
294 297
294 33
298 155
298 275
299 155
299 136
300 81
300 268
300 301
300 18
300 112
300 269
300 276
300 302
300 120
300 254
300 29
300 94
300 41
300 235
300 199
300 125
300 106
303 155
303 281
304 100
304 125
305 155
305 147
306 111
306 125
307 100
307 295
308 111
308 100
309 295
309 170
310 125
310 170
311 295
311 125
312 111
312 136
313 111
313 295
314 163
314 281
314 102
314 51
314 164
314 268
314 202
314 269
314 129
314 130
314 35
314 79
314 18
314 284
314 118
314 7
314 94
315 136
315 125
316 262
316 6
317 136
317 170
318 100
318 136
319 284
319 276
320 160
320 276
321 171
321 322
323 97
323 322
324 97
324 276
325 109
325 276
326 126
326 276
327 138
327 276
328 115
328 174
329 41
329 174
330 160
330 284
331 171
331 276
332 2
332 129
333 115
333 2
334 169
334 174
335 2
335 4
336 39
336 166
337 148
337 268
338 291
338 268
339 268
339 181
340 39
340 45
341 166
341 45
342 43
342 39
343 43
343 166
344 268
344 296
345 268
345 139
346 302
346 290
347 9
347 184
348 262
348 302
349 184
349 7
350 184
350 6
351 184
351 33
352 184
352 11
353 184
353 290
354 184
354 37
355 302
355 184
356 262
356 184
357 279
357 62
358 54
358 279
359 279
359 51
360 279
360 52
361 178
361 267
362 178
362 363
364 178
364 301
365 178
365 60
366 178
366 62
367 54
367 178
368 155
368 125
369 155
369 111
370 79
370 89
371 79
371 117
372 77
372 79
373 79
373 74
374 84
374 75
375 81
375 75
376 89
376 75
377 117
377 75
378 153
378 13
378 108
378 114
378 147
378 205
378 183
378 86
378 178
378 158
378 140
378 24
378 4
378 103
378 89
378 6
378 171
379 155
379 108
379 169
379 363
379 137
379 141
379 110
379 166
379 165
379 233
379 167
379 302
379 116
379 254
379 114
379 79
379 138
380 156
380 363
380 161
380 150
380 184
380 322
380 182
380 136
380 131
380 31
380 84
380 159
380 115
380 124
380 157
380 121
380 233
381 96
381 137
381 141
381 275
381 231
381 189
381 382
381 202
381 9
381 130
381 35
381 267
381 117
381 168
381 129
381 58
381 101
383 177
383 279
383 229
383 133
383 249
383 161
383 100
383 157
383 296
383 129
383 130
383 185
383 45
383 103
383 6
383 276
383 263
384 210
384 81
384 4
384 179
384 135
384 111
384 189
384 181
384 140
384 52
384 149
384 322
384 48
384 297
384 118
384 7
384 58
385 79
385 84
386 79
386 81
387 229
387 128
388 13
388 267
388 105
388 205
388 27
388 284
388 123
388 41
388 127
388 182
388 184
388 295
388 70
388 231
388 39
388 75
388 106
389 178
389 183
389 214
389 160
389 18
389 144
389 119
389 139
389 115
389 170
389 9
389 280
389 168
389 43
389 94
389 121
389 82
390 58
390 172
391 104
391 185
392 164
392 185
393 273
393 271
394 285
394 167
395 280
395 131
396 280
396 120
397 13
397 280
398 280
398 141
399 271
399 285
400 273
400 285
401 288
401 167
402 288
402 106
403 285
403 106
404 285
404 121
405 130
405 285
406 140
406 285
407 177
407 156
407 109
407 147
407 60
407 133
407 157
407 161
407 143
407 22
407 288
407 159
407 185
407 45
407 103
407 6
407 263
408 210
408 81
408 96
408 301
408 281
408 135
408 189
408 235
408 1
408 126
408 48
408 277
408 118
408 7
408 58
408 297
408 101
409 13
409 113
409 27
409 105
409 205
409 136
409 148
409 184
409 151
409 182
409 54
409 273
409 174
409 70
409 39
409 171
409 75
410 214
410 275
410 97
410 62
410 18
410 268
410 269
410 94
410 128
410 9
410 280
410 16
410 285
410 168
410 43
410 119
410 82
411 153
411 205
411 62
411 291
411 100
411 86
411 128
411 158
411 292
411 13
411 24
411 284
411 277
411 103
411 89
411 1
411 6
412 102
412 137
412 141
412 110
412 291
412 166
412 271
412 165
412 382
412 292
412 302
412 116
412 254
412 2
412 51
412 79
412 125
413 295
413 124
413 51
413 161
413 126
413 150
413 184
413 296
413 182
413 131
413 31
413 84
413 285
413 102
413 249
413 16
413 157
414 113
414 137
414 54
414 138
414 189
414 202
414 181
414 170
414 9
414 179
414 35
414 141
414 288
414 117
414 168
414 22
414 58
415 279
415 229
415 97
415 281
415 27
415 104
415 99
415 123
415 127
415 262
415 244
415 271
415 25
415 263
415 180
415 70
415 2
416 155
416 81
416 199
416 109
416 302
416 18
416 144
416 112
416 139
416 149
416 52
416 273
416 254
416 29
416 174
416 120
416 94
417 116
417 58
418 101
418 292
419 117
419 82
420 153
420 94
421 157
421 58
422 153
422 157
423 178
423 189
423 109
423 169
423 179
423 166
423 112
423 165
423 181
423 167
423 183
423 33
423 142
423 136
423 58
423 120
423 82
424 153
424 58
425 279
425 74
425 229
425 249
425 112
425 72
425 202
425 100
425 296
425 129
425 130
425 35
425 238
425 290
425 276
425 120
425 172
426 178
426 270
426 160
426 150
426 99
426 139
426 19
426 170
426 183
426 31
426 242
426 37
426 115
426 89
426 104
426 144
426 121
427 155
427 113
427 156
427 4
427 214
427 54
427 135
427 280
427 72
427 302
427 140
427 160
427 254
427 117
427 48
427 172
427 159
428 281
428 102
428 270
428 205
428 133
428 51
428 268
428 269
428 19
428 262
428 13
428 130
428 244
428 84
428 45
428 284
428 129
429 81
429 137
429 147
429 119
429 148
429 149
429 138
429 87
429 151
429 52
429 141
429 115
429 238
429 290
429 43
429 282
429 121
430 282
430 172
431 163
431 123
431 267
431 33
431 284
431 164
431 199
431 127
431 87
431 295
431 29
431 117
431 142
431 41
431 231
431 282
431 106
432 155
432 108
432 363
432 11
432 138
432 86
432 146
432 233
432 167
432 14
432 84
432 25
432 132
432 169
432 114
432 153
432 180
433 7
433 37
434 159
434 151
435 302
435 6
436 57
436 153
437 101
437 151
438 302
438 7
439 153
439 172
440 177
440 108
440 109
440 54
440 150
440 111
440 86
440 113
440 262
440 244
440 31
440 75
440 185
440 115
440 114
440 153
440 121
441 169
441 16
442 174
442 2
443 284
443 97
444 284
444 171
445 160
445 109
446 160
446 97
447 160
447 138
448 160
448 126
449 284
449 126
450 284
450 109
451 160
451 171
452 284
452 138
453 114
453 292
454 262
454 290
455 6
455 33
456 7
456 33
457 43
457 45
458 166
458 48
459 6
459 37
460 9
460 302
461 48
461 45
462 166
462 25
463 39
463 48
464 43
464 48
465 25
465 45
466 25
466 48
467 39
467 25
468 43
468 25
469 249
469 123
470 249
470 114
471 179
471 159
472 249
472 144
473 179
473 114
474 179
474 101
475 18
475 86
476 161
476 86
477 189
477 86
478 72
478 87
479 87
479 98
480 87
480 110
481 27
481 87
482 18
482 87
483 161
483 87
484 189
484 87
485 16
485 174
486 100
486 170
487 111
487 170
488 163
488 214
489 99
489 214
490 112
490 214
491 124
491 214
492 137
492 214
493 205
493 214
494 177
494 163
495 177
495 99
496 177
496 112
497 177
497 124
498 7
498 11
499 131
499 185
500 149
500 229
501 229
501 102
502 113
502 229
503 120
503 185
504 183
504 143
505 183
505 235
506 183
506 233
507 183
507 231
508 183
508 113
509 183
509 128
510 9
510 33
511 106
511 277
512 167
512 277
513 130
513 277
514 121
514 277
515 271
515 288
516 140
516 288
517 288
517 285
518 273
518 288
519 130
519 288
520 288
520 121
521 280
521 104
522 280
522 164
523 262
523 144
523 363
523 205
523 133
523 111
523 139
523 22
523 19
523 13
523 244
523 288
523 233
523 45
523 270
523 84
523 171
524 27
524 86
525 156
525 205
525 180
525 161
525 167
525 13
525 52
525 149
525 242
525 25
525 37
525 77
525 169
525 170
525 157
525 171
525 159
526 179
526 249
527 159
527 292
528 158
528 119
529 105
529 158
530 6
530 290
531 9
531 290
532 18
532 72
533 27
533 110
534 18
534 110
535 18
535 98
536 161
536 72
537 27
537 18
538 161
538 110
539 161
539 98
540 18
540 161
541 27
541 161
542 249
542 292
543 262
543 124
543 98
543 52
543 179
543 111
543 158
543 181
543 140
543 24
543 244
543 149
543 57
543 322
543 4
543 77
543 131
544 179
544 292
545 165
545 158
546 156
546 296
547 96
547 296
548 150
548 202
549 89
549 81
550 127
550 181
551 139
551 181
552 96
552 181
553 108
553 181
554 139
554 296
555 156
555 181
556 108
556 296
557 127
557 296
558 149
558 102
559 113
559 149
560 123
560 292
561 114
561 151
562 113
562 143
563 143
563 128
564 149
564 143
565 144
565 292
566 102
566 128
567 113
567 128
568 113
568 102
569 149
569 128
570 267
570 301
571 267
571 363
572 52
572 178
573 51
573 178
574 51
574 267
575 146
575 112
576 267
576 62
577 267
577 60
578 295
578 136
579 295
579 275
580 363
580 301
581 52
581 267
582 77
582 89
583 77
583 74
584 77
584 84
585 77
585 117
586 89
586 74
587 77
587 81
588 74
588 84
589 74
589 117
590 89
590 117
591 81
591 74
592 81
592 117
593 267
593 97
593 214
593 135
593 72
593 302
593 296
593 280
593 254
593 117
593 48
593 277
593 249
593 231
593 1
593 172
593 125
594 41
594 129
595 115
595 129
596 115
596 41
597 169
597 129
598 115
598 4
599 4
599 129
600 249
600 269
601 144
601 269
602 269
602 292
603 179
603 269
604 165
604 105
605 269
605 151
606 105
606 119
607 165
607 119
608 84
608 117
609 133
609 165
610 19
610 110
611 98
611 19
612 189
612 19
613 161
613 19
614 87
614 19
615 86
615 19
616 180
616 199
617 135
617 199
618 133
618 199
619 199
619 119
620 133
620 150
621 150
621 119
622 150
622 105
623 165
623 150
624 131
624 141
625 13
625 164
626 141
626 104
627 141
627 120
628 155
628 295
629 199
629 165
630 13
630 104
631 13
631 120
632 146
632 102
632 125
632 11
632 291
632 180
632 86
632 382
632 292
632 271
632 84
632 25
632 132
632 51
632 14
632 153
632 2
633 51
633 301
634 52
634 301
635 270
635 157
636 108
636 156
637 54
637 301
638 144
638 151
639 295
639 147
640 89
640 84
641 146
641 123
641 301
641 16
641 27
641 100
641 150
641 127
641 382
641 77
641 31
641 14
641 285
641 103
641 6
641 235
641 70
642 163
642 144
642 363
642 164
642 18
642 111
642 139
642 202
642 233
642 35
642 288
642 79
642 118
642 22
642 7
642 171
642 94
643 267
643 97
643 1
643 249
643 99
643 157
643 158
643 296
643 24
643 11
643 132
643 277
643 231
643 104
643 161
643 75
643 125
644 163
644 81
644 301
644 275
644 284
644 166
644 72
644 296
644 9
644 271
644 2
644 168
644 249
644 235
644 164
644 172
644 165
645 363
645 147
645 98
645 160
645 99
645 181
645 57
645 179
645 273
645 84
645 233
645 174
645 103
645 39
645 6
645 104
645 105
646 281
646 267
646 110
646 291
646 112
646 276
646 116
646 120
646 16
646 285
646 231
646 43
646 118
646 7
646 119
646 292
646 117
647 281
647 295
648 279
648 295
648 137
648 229
648 1
648 18
648 268
648 382
648 269
648 135
648 142
648 141
648 33
648 48
648 277
648 74
648 94
649 177
649 57
649 96
649 101
649 98
649 62
649 180
649 128
649 276
649 182
649 295
649 184
649 271
649 25
649 185
649 89
649 2
650 210
650 108
650 114
650 60
650 110
650 199
650 143
650 322
650 170
650 9
650 116
650 273
650 29
650 168
650 297
650 174
650 74
651 210
651 290
651 267
651 18
651 166
651 268
651 165
651 269
651 100
651 652
651 2
651 271
651 126
651 238
651 297
651 231
651 94
651 117
653 270
653 172
654 153
654 282
655 100
655 147
656 279
656 126
656 275
656 229
656 210
656 291
656 110
656 292
656 9
656 116
656 199
656 29
656 168
656 297
656 41
656 74
656 106
657 270
657 70
658 126
658 97
659 126
659 109
660 109
660 97
661 126
661 171
662 138
662 109
663 138
663 126
664 138
664 171
665 138
665 97
666 270
666 94
667 270
667 282
668 270
668 116
669 270
669 57
670 97
670 171
671 109
671 171
672 270
672 58
673 270
673 153
674 1
674 169
675 1
675 41
676 115
676 1
677 1
677 129
678 22
678 174
679 22
679 16
680 39
680 31
681 166
681 31
682 31
682 45
683 43
683 31
684 29
684 45
685 43
685 29
686 29
686 25
687 29
687 48
688 39
688 29
689 166
689 29
690 7
690 290
691 115
691 22
692 143
692 233
693 128
693 233
694 113
694 233
695 102
695 233
696 149
696 233
697 143
697 235
698 128
698 235
699 113
699 235
700 102
700 235
701 149
701 235
702 57
702 157
703 116
703 157
704 70
704 94
705 157
705 172
706 302
706 33
707 116
707 94
708 144
708 114
709 144
709 123
710 144
710 159
711 144
711 101
712 123
712 101
713 123
713 114
714 114
714 101
715 123
715 159
716 101
716 159
717 114
717 159
718 100
718 275
719 170
719 275
720 163
720 137
721 112
721 124
722 112
722 205
723 99
723 205
724 137
724 205
725 124
725 205
726 112
726 137
727 99
727 137
728 163
728 205
729 124
729 137
730 57
730 70
731 22
731 129
732 172
732 70
733 22
733 4
734 57
734 116
735 22
735 2
736 37
736 290
737 116
737 172
738 33
738 290
739 11
739 290
740 279
740 146
740 295
740 229
740 1
740 268
740 382
740 19
740 269
740 182
740 24
740 184
740 14
740 158
740 277
740 270
740 263
741 262
741 11
742 262
742 7
743 141
743 14
744 133
744 180
745 35
745 31
746 24
746 166
747 140
747 277
748 271
748 277
749 280
749 14
750 135
750 180
751 288
751 277
752 103
752 168
753 273
753 277
754 285
754 277
755 168
755 132
756 103
756 132
757 118
757 168
758 103
758 118
759 280
759 185
760 180
760 119
761 262
761 9
762 164
762 297
763 133
763 135
764 180
764 165
765 146
765 156
765 111
765 105
765 183
765 161
765 178
765 262
765 273
765 14
765 159
765 174
765 39
765 89
765 244
765 157
765 138
766 163
766 279
766 96
766 125
766 229
766 119
766 284
766 164
766 189
766 302
766 254
766 16
766 285
766 43
766 74
766 58
766 101
767 108
767 136
767 160
767 99
767 86
767 22
767 114
767 182
767 52
767 184
767 149
767 288
767 45
767 77
767 133
767 153
767 104
768 135
768 119
769 116
769 70
770 172
770 94
771 141
771 185
772 13
772 185
773 136
773 147
774 138
774 382
775 284
775 382
776 262
776 33
777 262
777 37
778 27
778 72
779 27
779 98
780 72
780 110
781 98
781 110
782 382
782 322
783 72
783 98
784 160
784 382
785 382
785 276
786 125
786 147
787 123
787 151
788 108
788 136
788 214
788 160
788 280
788 110
788 81
788 202
788 52
788 35
788 149
788 288
788 33
788 116
788 142
788 114
788 22
789 291
789 156
790 181
790 296
791 291
791 108
792 291
792 96
793 291
793 139
794 291
794 127
795 291
795 181
796 291
796 296
797 148
797 96
798 148
798 156
799 57
799 94
800 111
800 147
801 139
801 127
802 108
802 139
803 96
803 139
804 156
804 139
805 108
805 127
806 96
806 127
807 156
807 127
808 108
808 96
809 301
809 62
810 156
810 96
811 52
811 363
812 301
812 60
813 54
813 363
814 51
814 363
815 363
815 60
816 363
816 62
817 81
817 263
818 75
818 82
819 74
819 263
820 89
820 263
821 263
821 117
822 84
822 263
823 263
823 82
824 263
824 75
825 79
825 263
826 77
826 263
827 133
827 119
828 135
828 165
829 31
829 48
830 31
830 25
831 57
831 172
832 249
832 151
833 155
833 210
833 178
833 302
833 148
833 87
833 322
833 202
833 183
833 35
833 254
833 288
833 151
833 297
833 22
833 282
833 82
834 177
834 281
834 267
834 291
834 86
834 276
834 262
834 150
834 244
834 31
834 285
834 185
834 231
834 16
834 153
834 292
834 75
835 35
835 45
836 35
836 48
837 35
837 25
838 35
838 29
839 31
839 29
840 35
840 166
841 39
841 35
842 43
842 35
843 140
843 121
844 140
844 130
845 140
845 167
846 140
846 106
847 130
847 106
848 130
848 121
849 121
849 106
850 130
850 167
851 167
851 106
852 121
852 167
853 199
853 150
854 165
854 202
855 202
855 105
856 202
856 119
857 133
857 202
858 135
858 202
859 180
859 202
860 199
860 202
861 123
861 269
862 114
862 269
863 269
863 101
864 269
864 159
865 151
865 292
866 179
866 151
867 135
867 150
868 180
868 150
869 155
869 178
869 124
869 11
869 148
869 183
869 22
869 322
869 27
869 131
869 288
869 151
869 132
869 45
869 133
869 89
869 70
870 249
870 101
871 146
871 205
872 180
872 105
873 146
873 214
874 177
874 146
875 242
875 168
876 132
876 142
877 118
877 142
878 103
878 142
879 242
879 142
880 242
880 132
881 118
881 242
882 103
882 242
883 146
883 99
884 168
884 142
885 118
885 132
886 54
886 267
887 182
887 142
888 182
888 132
889 182
889 118
890 182
890 103
891 182
891 254
892 146
892 124
893 182
893 238
894 182
894 242
895 147
895 170
896 146
896 137
897 182
897 168
898 244
898 254
899 169
899 2
900 136
900 275
901 163
901 155
901 60
901 119
901 179
901 164
901 189
901 143
901 181
901 58
901 302
901 254
901 115
901 43
901 74
901 171
901 121
902 281
902 146
902 105
902 62
902 249
902 161
902 382
902 296
902 262
902 244
902 128
902 14
902 41
902 39
902 89
902 157
902 106
903 9
903 363
903 48
903 148
903 135
903 112
903 87
903 151
903 170
903 140
903 4
903 233
903 168
903 79
903 109
903 282
903 120
904 295
904 301
904 133
904 291
904 99
904 129
904 86
904 292
904 182
904 130
904 184
904 45
904 77
904 153
904 235
904 104
904 97
905 210
905 123
905 128
905 125
905 62
905 202
905 126
905 127
905 302
905 87
905 129
905 130
905 35
905 254
905 297
905 282
905 82
906 125
906 275
907 210
907 113
907 147
907 165
907 54
907 18
907 166
907 290
907 139
907 322
907 167
907 238
907 297
907 169
907 94
907 144
907 117
908 140
908 146
908 136
908 60
908 143
908 138
908 139
908 19
908 182
908 24
908 184
908 14
908 158
908 4
908 270
908 263
908 144
909 164
909 14
910 100
910 96
910 97
910 214
910 51
910 189
910 41
910 101
910 280
910 199
910 29
910 238
910 102
910 290
910 79
910 58
910 106
911 81
911 84
912 177
912 210
913 163
913 146
914 199
914 363
914 147
914 214
914 160
914 280
914 189
914 181
914 179
914 273
914 29
914 238
914 174
914 290
914 79
914 58
914 233
915 102
915 143
916 185
916 297
917 177
917 233
917 363
917 37
917 27
917 148
917 158
917 170
917 140
917 24
917 4
917 242
917 151
917 185
917 109
917 70
917 84
918 301
918 205
918 275
918 284
918 161
918 296
918 13
918 271
918 242
918 25
918 37
918 249
918 77
918 235
918 157
918 180
918 2
919 111
919 275
920 157
920 94
921 135
921 105
922 126
922 382
923 109
923 382
924 382
924 97
925 382
925 171
926 322
926 276
927 160
927 322
928 284
928 322
929 138
929 322
930 126
930 322
931 109
931 322
932 57
932 282
933 116
933 282
934 282
934 70
935 282
935 94
936 282
936 157
937 282
937 58
938 148
938 139
939 148
939 296
940 148
940 181
941 148
941 291
942 156
942 268
943 96
943 268
944 108
944 268
945 268
945 127
946 148
946 108
947 148
947 127
948 231
948 235
949 231
949 233
950 183
950 149
951 183
951 102
952 231
952 102
953 231
953 113
954 231
954 128
955 231
955 143
956 233
956 235
957 231
957 149
958 210
958 146
959 279
959 178
960 163
960 99
961 279
961 363
962 279
962 267
963 163
963 124
964 99
964 124
965 163
965 112
966 99
966 112
967 279
967 60
968 279
968 301
969 81
969 123
969 301
969 137
969 119
969 100
969 127
969 87
969 382
969 141
969 16
969 238
969 290
969 43
969 235
969 282
969 285
970 108
970 124
970 105
970 60
970 143
970 86
970 131
970 322
970 170
970 273
970 242
970 37
970 114
970 39
970 153
970 263
970 174
971 147
971 275
972 281
972 170
973 156
973 109
973 147
973 60
973 143
973 112
973 72
973 202
973 35
973 288
973 238
973 290
973 22
973 74
973 120
973 172
973 159
974 97
974 62
974 275
974 99
974 268
974 150
974 269
974 19
974 128
974 270
974 31
974 242
974 285
974 37
974 16
974 89
974 104
975 189
975 96
975 101
975 62
975 166
975 112
975 165
975 128
975 276
975 295
975 271
975 2
975 33
975 142
975 58
975 120
975 82
976 281
976 96
976 124
976 301
976 98
976 1
976 126
976 131
976 158
976 235
976 262
976 24
976 244
976 57
976 277
976 77
976 101
977 281
977 275
978 281
978 147
979 155
979 170
980 155
980 100
981 281
981 100
982 281
982 111
983 281
983 125
984 281
984 136
985 13
985 131
986 9
986 123
986 48
986 275
986 51
986 112
986 127
986 87
986 135
986 1
986 102
986 168
986 277
986 79
986 276
986 120
986 282
987 163
987 113
987 136
987 148
987 164
987 199
987 87
987 151
987 54
987 273
987 29
987 117
987 142
987 174
987 282
987 171
987 33
988 157
988 70
989 41
989 2
990 271
990 106
991 271
991 167
992 104
992 297
993 120
993 297
994 131
994 297
995 141
995 297
996 13
996 297
997 280
997 297
998 140
998 273
999 130
999 273
1000 273
1000 121
1001 273
1001 106
1002 273
1002 167
1003 140
1003 271
1004 130
1004 271
1005 271
1005 121
1006 81
1006 295
1006 301
1006 214
1006 291
1006 280
1006 110
1006 202
1006 292
1006 129
1006 130
1006 35
1006 33
1006 142
1006 116
1006 235
1006 97
1007 155
1007 57
1007 143
1007 205
1007 60
1007 179
1007 150
1007 98
1007 181
1007 13
1007 31
1007 11
1007 132
1007 115
1007 263
1007 171
1007 121
1008 7
1008 60
1008 214
1008 148
1008 143
1008 166
1008 165
1008 87
1008 151
1008 167
1008 280
1008 160
1008 169
1008 118
1008 74
1008 111
1008 282
1009 16
1009 2
1010 210
1010 156
1010 363
1010 33
1010 119
1010 297
1010 72
1010 172
1010 322
1010 136
1010 115
1010 159
1010 142
1010 43
1010 79
1010 121
1010 233
1011 177
1011 301
1011 105
1011 268
1011 269
1011 19
1011 276
1011 270
1011 11
1011 132
1011 41
1011 77
1011 39
1011 235
1011 125
1011 185
1011 106
1012 163
1012 108
1012 114
1012 4
1012 147
1012 110
1012 183
1012 135
1012 164
1012 178
1012 140
1012 116
1012 238
1012 48
1012 290
1012 171
1012 82
1013 146
1013 96
1013 101
1013 98
1013 275
1013 133
1013 231
1013 129
1013 382
1013 57
1013 130
1013 267
1013 242
1013 37
1013 45
1013 14
1013 75
1014 16
1014 4
1015 281
1015 7
1015 137
1015 62
1015 249
1015 199
1015 72
1015 382
1015 296
1015 128
1015 141
1015 29
1015 41
1015 118
1015 82
1015 172
1015 106
1016 16
1016 129
1017 302
1017 11
1018 115
1018 16
1019 41
1019 16
1020 174
1020 4
1021 174
1021 129
1022 169
1022 4
1023 279
1023 229
1023 124
1023 105
1023 275
1023 291
1023 126
1023 86
1023 292
1023 131
1023 242
1023 37
1023 41
1023 39
1023 153
1023 263
1023 106
1024 41
1024 4
1025 182
1025 244
1026 131
1026 14
1027 41
1027 169
1028 302
1028 37
1029 14
1029 120
1030 115
1030 169
1031 113
1031 124
1031 147
1031 54
1031 180
1031 139
1031 19
1031 167
1031 270
1031 131
1031 25
1031 103
1031 169
1031 6
1031 322
1031 144
1031 75
1032 104
1032 14
1033 133
1033 105
1034 14
1034 297
1035 14
1035 185
