1596 2983
0 1
2 3
4 5
6 7
8 9
10 11
12 13
14 15
16 4
17 18
19 20
21 22
23 24
25 26
27 28
29 30
31 32
33 34
35 36
37 22
38 39
40 41
42 43
44 45
46 18
47 48
49 50
51 52
53 54
55 56
57 58
59 60
61 62
63 64
38 65
66 67
68 69
70 8
71 72
73 74
75 76
77 78
79 9
80 81
82 83
84 85
86 87
4 88
89 9
30 90
91 92
93 94
95 96
97 98
99 10
88 96
100 101
102 103
104 62
105 106
107 108
109 110
111 86
4 112
4 113
114 115
72 116
117 118
119 120
121 122
11 123
124 102
125 60
126 127
128 97
129 130
131 132
133 134
135 84
136 137
138 139
4 140
141 118
142 143
11 144
145 146
147 105
148 149
150 151
4 152
153 154
4 155
156 157
158 159
51 160
143 161
162 86
163 164
86 165
142 166
167 97
168 169
138 170
171 172
173 174
175 176
177 4
148 178
179 168
180 181
74 182
183 102
184 81
95 185
11 186
25 187
188 189
190 191
192 193
194 195
9 196
197 198
199 200
201 161
101 202
156 203
204 205
31 206
105 34
4 207
208 209
11 210
86 211
212 50
213 214
215 37
216 105
217 218
219 220
221 4
222 102
4 123
25 223
224 170
53 225
226 227
228 190
229 18
230 231
20 232
233 234
194 235
236 20
16 237
238 9
9 239
240 241
4 242
243 190
76 244
26 170
76 245
246 247
199 248
2 81
249 81
250 251
252 253
201 254
148 255
168 256
257 76
258 34
259 260
261 262
114 263
84 264
68 265
111 94
266 267
41 19
268 269
270 271
272 105
273 274
275 26
50 189
208 276
277 15
68 278
263 60
156 279
38 280
281 282
283 284
86 285
29 60
161 286
287 288
281 289
19 290
177 291
11 247
176 97
292 205
85 293
68 17
294 4
295 296
297 298
299 105
300 43
277 181
301 302
34 60
303 257
9 304
305 306
307 308
53 58
294 159
309 310
311 76
312 172
313 314
280 170
315 45
316 317
107 318
319 161
142 320
76 321
322 323
255 324
50 101
325 326
327 50
43 328
329 151
322 298
230 1
55 330
331 101
105 332
97 333
40 334
335 165
336 172
303 337
338 255
37 264
339 298
340 87
228 341
342 102
4 343
263 344
49 345
346 213
347 348
329 349
350 168
351 228
352 353
354 187
355 20
119 356
37 357
102 358
359 360
361 76
203 362
363 364
365 102
366 367
368 369
197 370
229 371
278 372
373 251
374 375
273 271
348 376
226 199
377 378
331 190
379 18
51 380
381 181
71 382
383 290
101 83
384 385
50 386
387 168
356 159
388 389
390 391
176 198
50 392
393 394
43 184
395 396
261 397
398 29
399 15
34 333
322 337
100 400
398 7
401 168
393 402
403 62
76 404
309 405
172 406
407 408
409 410
411 412
40 413
214 96
21 368
363 50
135 414
278 415
25 377
413 416
417 418
322 187
127 263
305 97
419 62
420 39
161 421
422 368
47 423
424 11
425 228
11 5
426 427
428 429
430 431
432 181
433 281
71 197
261 434
309 435
436 37
121 168
437 190
438 439
440 441
442 443
102 32
444 407
74 445
100 446
275 50
105 447
355 256
448 105
97 449
450 375
70 197
451 452
453 454
105 455
384 456
457 60
458 459
460 50
461 1
462 463
27 298
464 18
309 465
25 466
146 200
76 467
61 468
86 469
156 153
252 470
413 471
472 188
235 50
76 473
50 304
4 474
475 334
104 187
68 476
477 281
478 76
90 479
11 463
480 253
481 271
482 11
11 348
483 337
484 53
346 9
485 26
486 487
172 447
68 488
489 8
190 490
488 489
491 11
492 493
494 445
495 496
105 497
498 499
500 1
305 501
502 503
76 504
86 503
362 290
505 506
176 370
486 7
38 507
352 271
30 479
390 50
136 508
509 233
55 510
511 512
207 172
513 278
31 514
353 515
11 297
516 251
517 271
518 519
520 190
521 11
522 142
9 514
523 212
524 268
86 525
39 376
419 197
246 526
396 455
527 269
337 528
219 529
530 11
127 89
4 531
212 532
322 161
305 533
534 97
50 535
44 298
536 537
322 105
224 189
329 538
539 102
104 34
540 541
188 190
275 542
543 544
545 190
298 546
107 547
428 536
548 549
490 83
120 416
550 168
551 298
440 552
394 181
105 101
553 190
554 50
41 168
516 51
435 102
555 211
338 556
557 558
559 370
63 11
215 560
71 561
524 416
562 314
563 512
485 8
536 564
563 382
565 50
119 151
566 97
329 567
568 254
569 189
570 322
571 499
572 101
573 557
253 496
280 574
575 576
577 108
578 67
509 579
175 170
555 115
580 581
153 582
583 584
585 586
326 101
86 587
51 265
588 589
590 435
100 275
95 214
4 591
114 256
168 592
593 594
595 175
596 172
487 323
197 72
21 597
598 536
273 24
599 600
76 601
602 97
272 190
603 431
570 323
208 604
384 605
606 607
405 251
421 608
609 250
610 431
611 612
68 613
614 419
329 615
616 314
306 83
617 102
336 251
4 618
384 164
619 262
265 620
621 622
623 323
624 24
3 260
173 625
68 446
626 18
4 627
114 497
628 255
86 629
181 630
346 631
51 18
86 632
518 255
633 293
153 634
388 635
636 181
100 637
159 638
593 639
640 102
641 50
642 643
384 644
53 645
646 46
236 279
647 102
37 561
648 115
649 76
650 651
652 653
11 623
450 298
29 511
22 654
49 26
4 655
278 656
228 657
36 18
68 658
659 660
500 322
329 661
662 60
492 663
20 541
558 602
664 665
384 52
666 190
667 142
365 668
516 669
146 670
671 647
440 672
265 673
674 527
675 9
676 228
677 678
329 679
680 102
151 115
548 681
682 18
683 88
151 684
685 60
322 634
509 686
384 687
105 664
55 688
433 264
689 690
691 190
68 692
693 105
619 378
694 348
104 43
149 378
76 695
82 105
646 231
502 298
95 138
72 514
97 115
68 420
696 251
697 323
698 83
162 76
119 699
147 700
153 701
213 702
703 388
253 378
704 161
40 61
705 706
707 192
708 255
709 256
76 710
111 50
667 170
105 711
278 635
516 553
309 712
268 314
255 713
468 172
714 323
715 24
203 149
716 717
8 718
31 719
349 251
151 720
9 392
179 7
518 9
240 433
11 115
536 349
721 105
72 722
4 26
4 723
351 86
724 725
4 168
726 727
728 24
31 729
379 526
730 731
468 732
11 733
228 322
93 734
212 306
735 97
736 377
76 87
100 26
737 334
38 97
738 254
298 223
251 739
740 741
261 485
161 742
743 255
151 269
121 50
744 50
298 17
598 745
746 747
326 83
150 748
438 749
407 43
750 50
751 101
61 752
44 223
173 753
150 754
50 755
81 756
757 758
76 759
261 45
4 760
97 761
10 168
43 254
762 763
764 765
189 766
384 767
482 768
769 770
677 337
95 405
771 76
772 113
298 773
281 774
121 756
268 168
50 775
102 415
776 61
319 254
298 541
29 777
606 690
572 305
142 778
779 281
714 780
219 256
100 781
51 782
93 783
43 784
76 476
86 785
177 298
19 262
68 786
86 787
168 788
588 789
790 791
792 9
278 323
365 1
793 197
794 51
570 97
76 795
142 796
523 797
798 81
71 799
95 207
25 800
278 722
413 168
801 802
803 102
128 642
100 272
384 804
229 329
805 102
306 394
806 337
309 807
181 574
384 320
68 808
809 41
810 1
16 20
811 265
30 812
813 97
544 814
271 815
808 9
266 5
305 364
816 298
817 88
818 102
101 670
819 159
483 24
68 500
190 820
808 536
68 623
821 756
76 822
261 823
824 102
558 256
825 97
39 134
55 826
86 189
255 827
55 828
544 108
829 830
553 701
384 831
33 832
516 833
305 834
835 680
836 62
44 205
652 837
55 838
694 839
309 840
111 228
261 163
281 279
175 11
841 222
842 102
217 102
323 512
843 161
86 518
844 190
845 298
190 846
847 848
30 375
76 849
55 850
800 851
852 853
120 854
855 810
365 32
364 459
68 856
114 8
857 384
858 859
105 860
374 471
861 264
346 104
68 862
278 863
823 102
864 76
49 101
865 866
867 255
435 868
869 298
279 290
322 256
50 629
870 4
801 519
329 290
41 393
305 871
872 76
516 53
146 222
873 70
874 1
875 256
76 738
407 876
877 288
340 777
878 879
101 630
50 812
502 288
880 859
352 239
129 404
671 231
309 544
881 76
776 357
243 161
327 323
882 255
55 883
884 635
885 102
875 886
609 174
54 172
29 676
25 887
667 558
76 184
384 263
100 113
31 888
889 61
316 97
334 314
281 88
55 890
891 892
9 701
189 893
4 894
44 684
55 895
735 447
208 896
278 560
305 711
50 608
9 67
161 897
348 154
322 353
898 205
899 317
479 670
93 900
407 901
252 902
509 487
771 664
776 903
395 235
363 502
354 143
76 503
480 101
829 172
352 197
31 904
190 345
114 801
141 105
759 255
905 851
368 349
636 906
395 907
908 76
735 909
261 159
86 910
86 304
76 911
180 383
221 154
135 212
76 799
768 912
425 175
261 147
913 914
136 168
874 43
208 915
76 916
101 917
12 110
470 918
161 546
919 76
920 60
59 462
910 400
544 190
411 921
922 923
11 535
206 1
924 64
211 50
39 88
4 925
405 9
926 181
0 927
928 376
25 263
281 130
311 298
172 288
39 291
929 288
340 36
598 502
930 181
931 287
932 933
100 82
229 934
86 695
935 466
936 454
526 937
593 938
428 309
247 402
76 939
760 462
940 189
21 941
872 50
480 76
509 7
11 942
76 630
76 904
208 72
11 471
33 508
691 108
936 943
76 190
50 944
199 945
946 102
20 279
947 329
599 194
948 159
949 357
171 9
100 50
19 18
509 950
951 102
952 76
953 954
139 612
226 955
363 600
956 9
768 957
530 660
420 882
351 71
958 959
540 8
11 960
12 289
928 961
44 243
530 962
161 164
963 964
95 965
86 381
536 856
68 136
394 966
187 288
932 175
420 967
485 254
495 486
219 195
43 968
969 72
771 181
309 265
217 783
735 537
70 51
111 970
275 971
327 197
972 973
974 654
18 455
466 597
25 975
705 538
489 322
379 976
536 113
4 468
74 707
977 978
207 97
4 979
980 255
31 208
981 557
772 502
982 159
983 401
523 99
873 97
377 151
984 985
86 257
540 986
354 94
251 317
644 499
829 987
100 84
4 306
988 430
411 697
119 268
809 648
989 298
990 407
260 140
991 544
382 992
50 695
44 993
969 829
180 9
57 837
430 190
146 60
606 191
31 994
995 922
338 527
180 251
522 51
13 377
996 271
142 997
536 214
940 190
998 4
86 305
599 642
999 1000
105 915
19 279
271 1001
364 670
488 298
86 377
4 241
502 670
53 414
0 1002
407 1003
882 526
131 462
1004 161
60 406
984 15
800 251
1005 161
1006 251
495 278
771 502
971 255
253 98
873 314
50 83
11 1007
973 1008
352 323
1009 50
100 21
55 1010
500 383
1011 237
176 197
889 486
55 1012
410 290
305 1013
1014 190
55 1015
25 36
234 1016
1017 181
53 1018
480 228
72 1019
1020 322
1021 337
751 4
595 287
637 101
95 1022
363 922
206 1023
374 376
4 1024
178 326
1025 290
217 1026
40 472
1027 505
21 165
303 1028
76 118
558 671
1029 961
21 855
260 348
409 463
340 466
226 209
194 43
0 288
351 76
1030 1031
1032 18
874 227
464 1033
86 1034
1035 181
265 902
809 1036
127 1037
384 1038
68 1039
208 46
260 286
1040 902
11 479
384 1041
217 751
714 353
772 635
1042 314
1043 172
301 800
291 479
384 937
1044 102
1045 97
95 1018
886 251
1046 405
623 60
70 357
204 279
737 72
384 1047
692 288
1048 105
1049 1033
68 646
703 51
751 304
714 1050
82 190
10 281
102 756
76 1051
76 1052
436 41
1039 154
147 654
1053 76
1054 94
1055 97
44 1010
848 241
1056 154
255 1057
626 775
599 228
384 601
255 1058
997 154
102 314
322 463
161 106
1059 102
261 1060
1061 60
1062 10
51 168
1063 116
168 1064
1065 187
764 105
1066 298
671 664
1067 600
1068 859
384 308
662 1069
212 228
31 187
1070 168
25 563
1071 127
31 1072
203 1073
1074 1075
16 496
97 1076
50 170
86 43
536 497
588 1077
208 800
1078 749
595 72
556 527
251 1079
1080 102
151 1081
648 172
1082 161
4 1083
72 293
100 933
1084 612
97 1085
128 1086
100 22
105 642
44 11
40 1087
751 670
471 1088
86 535
141 60
344 895
55 752
16 11
760 1089
1090 76
60 1091
230 288
136 403
599 176
4 1092
37 154
735 994
25 671
505 161
86 1093
1021 1094
353 1095
1096 749
76 1097
468 1
11 332
1098 964
606 1099
558 26
50 1100
275 97
1101 1102
213 323
1103 51
421 98
86 402
309 1104
384 1105
1106 1107
1027 51
172 1108
161 647
86 118
1063 1109
30 340
1110 1089
382 463
667 101
1111 178
208 1112
454 296
1113 102
1114 796
261 1115
1094 281
558 648
238 102
1116 159
861 102
794 1117
1067 1091
667 252
1118 105
19 410
1119 102
384 1120
4 1121
173 1122
261 1123
83 574
11 1124
328 154
120 545
502 1125
648 684
524 11
309 289
309 336
1011 34
141 479
1070 1005
1126 11
1127 101
555 114
280 251
814 1128
428 4
55 818
1129 933
805 127
305 487
1130 74
841 1094
1131 161
60 853
1132 4
450 98
1133 76
377 1018
22 503
86 9
161 584
157 279
22 474
1134 76
509 11
1135 97
11 792
309 1136
4 466
1137 419
149 1138
572 933
1139 105
1140 963
308 859
97 1141
261 9
1142 608
184 251
22 940
699 937
50 1141
898 269
1143 490
787 519
509 314
231 116
1144 86
76 22
561 541
1145 18
261 868
599 751
1146 86
1094 964
161 1147
956 25
1148 910
26 83
1130 105
1065 677
571 631
95 236
1063 497
170 1149
55 329
1082 298
1150 50
172 749
233 278
226 296
1151 377
55 765
76 170
86 597
105 828
201 8
1152 298
86 1153
204 1154
0 255
1155 296
162 181
311 9
1133 50
29 64
797 382
390 97
1156 910
255 1157
278 1158
226 420
53 679
932 698
86 608
97 18
51 1159
1160 251
784 172
68 322
170 113
76 1161
1162 102
1163 90
1164 53
1165 92
172 1166
4 1167
228 1168
107 1169
488 209
260 416
520 60
272 83
648 410
275 384
1170 102
298 1171
107 1172
402 600
998 402
845 102
105 223
751 785
1173 168
11 8
76 1174
692 1
1175 24
983 72
1176 98
976 1177
1178 445
389 574
127 225
90 1179
599 15
509 553
922 670
1180 24
1137 381
1181 570
599 389
540 411
1182 161
309 1183
4 188
4 1184
796 431
384 1185
384 1186
188 278
157 362
236 1073
301 289
13 1107
354 1187
1188 1189
1003 1190
1191 256
1192 859
402 455
351 563
138 105
99 105
21 60
351 101
111 1193
68 619
1063 1041
11 1194
920 823
4 895
530 376
101 1117
316 544
4 1195
714 1196
65 101
135 348
1197 76
306 170
606 1198
175 1199
175 381
81 1200
44 877
1201 255
208 151
161 893
172 132
509 298
43 1202
411 1203
65 1204
389 83
4 1205
874 218
1206 102
554 76
43 97
1207 74
628 684
389 1208
8 161
1209 161
1054 1106
830 159
105 1210
500 486
554 181
1211 11
188 170
142 52
351 181
998 396
365 60
593 1212
105 574
260 469
261 559
55 1213
172 860
1214 36
235 600
222 463
1096 281
309 164
1215 288
257 50
322 1
53 722
1003 1216
127 800
875 278
278 1217
478 161
548 922
39 564
355 382
303 1218
659 4
902 314
208 1034
1219 50
0 353
1220 67
271 528
114 300
588 1221
11 1222
4 830
347 680
203 279
70 154
434 81
8 455
384 1223
1224 1225
172 1226
1227 1228
61 143
1229 105
738 290
1178 1230
1231 585
346 105
990 95
384 1232
602 101
1233 1033
309 1234
1235 455
68 124
91 161
1061 190
74 308
1236 670
1076 60
1237 1238
526 532
161 223
206 1239
266 1240
1234 382
1241 18
787 518
555 536
275 101
1242 168
509 216
127 434
1243 170
141 190
1118 462
1244 190
253 1245
751 799
787 72
368 161
40 172
25 1246
31 168
478 298
1247 97
146 18
61 1218
26 178
4 1248
204 1230
1148 94
56 159
72 1249
1250 255
208 192
268 898
68 1251
84 298
53 1252
371 628
1253 9
176 76
305 675
1254 181
107 383
696 777
575 1255
77 189
835 86
86 1256
278 339
275 256
1257 298
880 174
1258 886
47 470
208 563
1011 1259
297 50
382 722
435 96
228 503
199 1168
217 229
407 1260
1261 53
31 1262
891 376
522 384
1263 1264
153 108
150 1040
44 269
735 106
1051 72
1265 377
43 909
650 646
278 101
347 664
261 409
1266 190
597 1174
278 1267
208 1046
814 97
8 67
76 608
261 937
39 457
131 1034
1268 53
162 138
53 405
43 214
1269 9
1270 189
11 1271
49 1272
1273 190
1248 159
1274 271
1275 934
1143 1118
1276 670
442 1277
76 1278
183 9
1279 337
240 859
176 72
932 76
194 105
1280 94
278 1
1281 149
51 263
77 933
278 770
51 1223
1282 553
1135 76
1283 197
105 326
705 262
1284 101
142 164
588 837
353 254
35 1285
419 314
969 597
260 660
68 1286
77 41
221 1287
255 1288
836 228
858 1096
72 630
278 1289
140 463
1290 101
11 1291
1292 1293
150 1294
1114 290
278 50
127 886
368 168
1295 76
407 892
27 62
58 833
268 937
384 1296
37 431
16 172
1046 322
149 253
1297 18
511 214
726 1298
21 85
187 770
128 76
973 39
1299 327
536 54
955 60
9 1026
97 684
25 648
19 912
1300 4
563 982
16 45
805 53
1220 76
974 1301
91 147
233 322
68 233
1302 101
8 1303
1304 102
1305 9
1306 439
1307 466
50 190
271 1308
172 1309
233 8
1235 722
11 1310
1096 1311
206 7
649 652
677 18
1312 219
401 74
829 1160
599 101
599 756
371 254
1313 190
4 1303
1314 1315
411 371
97 231
301 76
910 635
76 449
1316 705
146 1293
261 989
910 105
208 386
1317 168
381 76
548 1318
692 11
1282 256
677 298
1319 181
1320 314
10 1230
1164 127
735 792
134 628
39 298
87 50
1321 1306
1322 101
301 407
606 1323
1324 648
322 280
375 323
76 113
255 1325
261 349
1123 560
1326 102
157 262
215 1123
716 662
99 4
563 98
1327 622
1328 50
61 322
50 172
991 265
190 455
56 298
484 102
19 236
107 420
53 1329
1322 1
347 1330
140 251
44 102
735 1331
384 999
1332 208
1333 670
794 322
771 50
11 1334
1106 918
1299 756
509 1335
480 50
956 110
1135 999
298 174
51 153
534 161
1265 328
142 526
101 535
354 233
1336 1337
341 1338
76 1314
133 298
86 915
309 322
275 306
1339 181
156 36
1340 53
1341 431
161 499
1342 102
141 251
251 1343
1 1344
536 96
407 1345
4 476
344 290
40 51
536 960
147 499
557 37
395 278
97 561
453 1346
201 298
599 393
105 406
123 701
383 756
1347 463
1348 1349
656 60
516 39
502 105
11 32
76 1350
1351 1023
102 1352
830 254
34 251
1353 255
414 9
261 1354
816 431
228 170
509 65
340 65
9 455
593 1355
172 101
1356 18
1357 124
1358 1359
278 1012
348 190
26 833
1360 393
1361 536
172 717
76 1362
1250 353
353 116
1187 386
168 799
287 18
203 190
1363 76
76 1364
0 78
990 105
305 330
1365 159
1366 11
351 97
1367 20
255 205
190 1368
278 72
1369 97
143 62
244 181
950 8
38 133
1044 11
896 255
228 518
478 168
142 37
1370 190
1371 92
1372 102
76 1373
43 96
906 1023
1374 255
105 893
43 1375
1059 199
536 774
989 81
1376 172
1287 154
150 314
735 1377
570 348
1138 1378
1063 466
76 1379
1380 190
409 154
100 328
497 684
76 1381
1382 58
869 4
1137 159
306 235
188 161
1383 376
168 944
1063 349
859 1384
31 1187
39 280
811 474
100 711
346 42
175 1214
170 574
801 193
309 1385
1386 260
480 194
11 1387
1005 921
261 1299
1388 102
86 327
71 4
572 480
0 1389
1390 463
1391 251
1054 1392
1393 97
1394 168
305 764
1395 490
384 1396
148 1354
865 127
1397 497
309 1398
340 1399
1118 251
1400 1124
1401 102
1281 101
1402 9
9 1403
142 623
298 770
619 279
76 235
1404 1405
157 1073
175 101
11 349
471 102
53 1406
354 113
1243 83
228 194
660 876
509 1407
1408 97
175 305
161 288
100 170
558 584
375 9
984 502
509 877
55 1409
217 628
25 297
1180 271
1410 255
696 11
50 1411
25 937
1412 394
873 298
309 263
759 181
76 1413
1414 159
55 154
371 1138
260 1179
716 1415
86 121
1416 563
705 1020
208 560
136 1160
86 1133
136 1204
562 168
1417 140
76 1418
135 1320
260 333
247 1419
53 559
1420 467
1421 181
540 716
390 161
910 647
1422 94
540 496
1397 538
1340 833
16 649
1107 1423
351 141
1424 992
462 584
1425 256
31 530
70 64
932 611
1426 323
525 50
1319 50
129 1399
51 1105
1427 1428
188 235
168 1429
1430 172
11 1431
873 43
735 1432
138 940
97 296
163 490
1036 170
1230 281
599 637
86 357
1433 101
1434 102
4 329
20 101
11 1435
1436 536
530 298
751 105
1437 1187
204 628
1063 1303
64 893
451 130
228 799
384 1438
478 105
114 112
1162 251
261 1439
309 1440
4 1441
53 496
72 853
1442 168
368 298
168 170
1443 8
190 1411
354 1367
309 856
172 1444
198 101
329 1303
53 886
384 265
42 536
595 198
208 110
480 97
37 197
979 172
181 1208
989 101
1424 251
419 1293
1445 648
1446 298
261 1447
1447 545
930 664
898 1081
637 170
511 635
623 172
168 1085
24 528
39 161
68 1448
1324 499
1449 1399
76 1450
76 820
555 334
1360 50
676 834
11 265
20 1451
60 512
462 538
260 1411
768 278
168 382
1452 255
305 792
76 189
95 797
1453 172
407 921
298 164
35 1454
76 1256
11 130
881 86
1455 76
694 168
1456 105
100 1457
714 256
99 11
11 1458
49 642
235 642
813 168
0 429
95 479
420 435
68 798
509 468
642 83
213 154
1459 9
1397 88
751 305
172 1460
107 899
440 1461
1462 1463
480 551
22 894
29 51
500 323
1261 11
384 778
68 1464
305 1465
509 67
1243 120
224 933
55 898
220 1466
133 4
306 1213
261 1467
50 1359
800 98
12 151
450 72
599 22
1468 97
1307 670
364 933
1371 1049
307 1005
306 341
42 30
918 512
1469 18
278 1470
208 296
435 251
524 4
1165 147
1292 1399
1471 635
961 281
797 20
105 914
1472 102
134 421
790 143
1473 123
1090 50
1347 348
95 414
558 647
1474 384
50 244
751 189
882 278
547 1475
309 1476
1143 376
1477 105
20 1478
1397 329
95 289
0 154
509 925
86 933
1277 471
1143 161
1361 4
49 191
354 729
322 515
1479 161
204 1480
57 124
1481 1075
497 499
864 50
76 1482
652 1483
190 32
175 108
10 130
420 327
95 1484
1485 105
1043 553
833 1486
384 1487
1488 1193
311 323
534 205
1489 102
505 1303
188 178
1263 278
50 928
895 670
962 560
190 1199
534 43
351 188
31 302
261 362
281 241
1263 962
1490 190
20 690
1491 46
134 88
932 381
60 463
329 877
117 105
25 421
337 868
642 190
156 877
1492 801
1493 1494
289 159
61 403
1046 1204
524 140
233 251
100 381
50 785
411 1495
1219 253
228 608
30 72
222 251
1496 101
268 1081
127 1367
8 323
102 837
326 251
236 18
1268 102
84 11
1063 567
176 561
997 563
480 181
1497 271
22 1108
530 462
479 296
556 514
830 1498
25 1499
4 1500
735 1501
323 515
453 945
676 577
593 276
68 29
1492 518
419 463
714 1
213 770
617 11
127 563
136 1502
448 102
243 269
45 362
197 382
57 1503
806 60
53 552
368 367
86 747
33 1504
790 995
354 8
1505 1506
390 1507
329 344
751 1208
1314 1085
55 180
275 51
776 62
68 997
71 370
213 962
243 205
348 72
564 60
536 1508
261 1073
76 211
365 297
595 71
1017 50
572 670
198 370
932 50
228 83
1003 1509
19 72
280 88
188 608
250 172
76 1510
114 97
344 801
1511 227
1512 97
172 159
127 232
691 298
1354 1513
1514 181
29 1117
881 50
1515 1419
175 197
1516 271
105 113
1307 4
1517 1518
271 1057
219 1094
692 323
1073 279
428 51
172 630
280 1519
593 164
141 1138
537 81
142 265
266 721
1397 1063
1347 290
548 1520
261 516
19 149
548 529
69 18
168 669
593 1204
756 1521
21 30
105 1
156 1138
100 331
305 642
25 792
213 339
1522 161
1523 72
1524 255
55 658
208 462
303 190
4 130
1333 190
1525 371
148 271
865 1468
55 348
1526 337
1307 799
588 1527
318 97
530 427
311 50
172 1047
51 455
1528 105
990 298
20 725
794 4
138 622
178 612
68 828
363 964
674 140
381 326
50 1088
170 455
68 1529
1073 290
175 370
1424 18
694 995
543 1470
168 1530
76 1531
735 187
171 156
1043 62
1021 178
1532 18
25 116
251 722
173 1533
173 1534
612 1535
536 463
4 1143
11 282
251 914
135 701
34 323
275 1536
1537 1538
1539 951
384 1026
1063 421
27 499
230 78
190 189
278 1540
955 1541
1542 140
518 281
53 1543
787 801
309 779
898 344
142 289
699 323
1544 1452
8 770
692 353
261 515
95 537
436 174
394 922
1402 298
120 978
33 1026
1176 643
509 85
772 50
814 431
142 906
39 777
585 1545
1546 1306
1547 777
271 1286
599 50
1548 756
953 1264
1178 102
59 20
19 1378
138 9
1404 1549
1550 255
250 9
1135 62
51 796
1051 375
772 1149
1419 1124
1551 1411
1224 1552
1553 97
354 749
642 531
333 429
989 834
288 116
1554 1193
790 906
470 264
667 611
716 62
351 722
509 1555
86 235
127 1204
40 78
301 563
298 1556
431 281
953 278
236 262
59 739
309 1026
142 1047
1263 643
1243 307
178 50
440 1039
530 105
120 937
142 1234
1557 976
1357 1503
476 323
457 172
138 732
268 9
43 853
1404 1558
65 62
229 1026
227 168
1559 190
168 251
68 105
180 60
1258 168
175 275
1560 1561
570 1562
928 281
316 314
283 97
405 382
403 251
1027 384
382 1563
11 1018
329 497
146 161
8 298
411 394
86 1208
752 149
140 18
694 1564
25 203
322 181
365 4
696 136
138 1565
281 1095
153 155
1566 86
100 599
1044 4
1477 190
1567 314
995 281
555 4
31 113
86 849
209 860
1287 560
40 102
597 586
1568 60
25 62
770 515
1537 1569
173 1570
301 1571
208 9
44 1037
188 476
1572 161
990 756
1573 161
175 608
1181 1404
252 97
37 568
8 487
1046 563
825 5
4 999
1357 837
649 1574
1360 228
825 1204
1118 60
797 256
41 314
199 105
1575 1095
735 206
68 187
22 83
629 181
1021 271
482 995
261 4
1576 60
273 102
262 290
1577 1314
305 101
233 1
111 971
1143 269
272 305
354 965
8 937
760 701
68 298
1578 46
1256 463
1389 1579
1580 1013
25 168
111 59
309 1581
791 9
451 961
70 568
1230 251
1582 255
111 188
133 88
1277 832
262 279
329 421
962 541
42 51
1263 732
555 187
593 1440
1583 102
275 1067
1584 431
129 281
652 133
1585 1069
382 1586
291 108
1137 1070
680 447
882 1051
1587 193
996 337
255 515
287 256
1397 102
127 141
120 356
500 172
38 434
119 738
1070 951
173 1588
68 61
901 536
1589 159
40 4
1590 60
76 1591
355 271
571 487
236 290
1123 278
1592 140
50 503
530 95
99 298
33 553
157 344
142 662
53 364
55 1031
50 670
394 507
213 96
637 178
31 877
833 181
818 9
707 193
145 484
407 701
141 159
1412 251
413 180
261 8
250 1495
1076 378
11 742
609 34
751 298
271 97
86 574
1593 159
30 214
49 194
275 190
1594 102
382 101
1320 254
72 1595
309 158
910 583
105 897
261 143
43 537
8 106
454 43
