158 189
0 1
2 1
2 3
4 5
4 6
5 7
5 8
7 9
8 10
10 11
12 13
12 14
12 15
12 1
12 16
13 14
14 17
14 18
19 20
19 21
19 22
21 23
21 20
24 22
24 25
26 27
26 28
28 20
23 27
20 29
20 30
29 31
32 17
32 33
34 35
34 36
34 37
37 36
38 39
38 40
38 16
41 42
39 42
35 43
25 44
25 45
46 47
46 44
48 49
48 50
49 47
49 51
49 52
47 44
50 53
51 54
54 55
56 55
56 52
57 58
59 60
59 61
62 58
62 63
60 64
64 61
61 65
61 66
65 9
67 11
67 68
69 70
69 71
69 72
69 73
71 74
43 75
75 76
75 55
75 77
77 78
79 70
79 80
70 81
70 82
76 80
83 84
83 85
86 85
86 87
88 89
88 90
91 92
91 90
92 93
93 94
95 96
95 97
30 98
99 100
99 33
101 33
101 102
102 103
104 105
104 106
104 100
105 106
107 108
107 109
100 108
33 68
33 110
33 111
89 112
89 113
90 114
115 116
115 18
116 3
117 118
117 119
117 15
18 120
63 121
122 123
122 124
123 125
126 127
126 97
97 42
97 128
108 129
129 124
124 130
130 131
132 112
132 94
42 127
114 133
134 135
134 136
135 137
138 119
138 3
3 120
118 31
98 31
98 137
98 15
131 139
131 109
140 139
140 125
96 128
53 128
53 136
136 16
133 141
142 143
142 72
82 143
72 45
73 144
113 81
113 143
81 143
144 45
6 120
120 145
146 147
146 66
146 148
68 147
145 149
149 150
150 148
151 11
151 121
141 152
152 153
153 154
155 74
87 111
87 156
87 110
84 156
85 157
157 11
