73 152
0 1
2 3
4 5
6 7
8 9
10 11
12 13
14 15
4 16
17 18
19 20
21 22
14 0
0 23
24 25
7 25
14 3
13 26
9 27
13 28
19 6
6 24
29 18
9 30
31 24
32 0
33 34
14 35
36 37
35 38
33 39
40 5
17 41
42 43
44 23
43 25
11 34
18 7
37 20
45 46
5 47
33 4
22 48
33 27
43 24
49 42
40 4
50 13
3 19
6 25
30 51
52 53
3 51
54 17
40 53
2 9
55 43
13 56
22 57
8 17
34 58
13 19
8 15
52 28
39 22
55 42
27 55
0 59
9 37
20 6
19 29
22 45
60 17
0 51
16 47
55 51
52 7
53 5
49 27
17 37
14 61
62 13
5 25
0 45
51 31
33 44
42 25
11 63
29 6
64 3
23 47
27 42
65 62
3 36
18 52
54 12
26 18
13 66
67 38
7 53
68 45
38 33
1 27
57 4
16 23
23 49
37 24
11 50
69 19
41 3
61 9
10 66
8 64
28 53
56 17
67 0
54 70
62 60
63 28
20 24
66 70
22 28
21 34
53 25
17 69
54 11
46 34
22 66
58 66
71 8
31 37
38 72
59 33
62 3
11 4
28 40
51 43
54 65
9 32
31 43
62 71
11 18
38 9
29 7
48 11
47 42
22 23
47 25
49 47
68 33
16 5
72 45
