2029 3719
0 1
0 2
3 4
3 5
6 7
6 8
9 10
9 11
12 13
12 14
15 16
15 17
18 19
18 20
21 22
21 23
24 25
24 26
27 4
27 28
29 30
29 31
32 33
32 34
35 36
35 37
38 39
38 40
41 42
41 25
43 44
43 45
46 47
46 48
49 50
49 51
52 53
52 54
55 56
55 57
58 59
58 56
60 61
60 62
63 64
63 65
66 16
66 67
68 69
68 67
70 71
70 39
72 73
72 74
75 76
75 77
78 79
78 80
81 82
81 83
84 85
84 86
87 71
87 40
88 89
88 90
91 92
91 93
94 95
94 96
97 44
97 90
98 99
98 100
101 102
101 103
104 105
104 106
107 108
107 90
109 110
109 111
112 45
112 86
113 114
113 51
115 116
115 117
118 119
118 120
121 39
121 122
123 124
123 125
126 127
126 128
129 10
129 130
131 132
131 133
134 135
134 136
137 138
137 25
139 140
139 141
142 143
142 106
144 145
144 146
147 148
147 93
149 150
149 151
152 153
152 154
155 156
155 19
157 158
157 159
160 161
160 162
163 164
163 165
166 59
166 167
168 169
168 170
171 172
171 173
174 175
174 176
177 178
177 179
180 181
180 182
183 184
183 51
185 186
185 187
188 162
188 189
190 191
190 117
192 69
192 106
193 179
193 194
195 196
195 197
198 199
198 200
201 67
201 143
202 54
202 203
204 205
204 206
207 86
207 208
209 47
209 210
211 197
211 212
213 116
213 214
215 216
215 65
217 140
217 79
218 219
218 220
221 222
221 223
224 225
224 194
226 227
226 228
229 230
229 199
231 64
231 232
233 16
233 234
235 236
235 237
238 239
238 13
240 186
240 228
241 242
241 243
244 245
244 246
247 248
247 249
250 222
250 251
250 252
250 210
250 34
250 161
250 253
250 254
250 116
250 14
250 255
256 140
256 257
258 259
258 245
260 261
260 262
263 140
263 264
265 264
265 257
266 182
266 176
267 268
267 243
269 210
269 187
270 83
270 254
271 33
271 272
273 274
273 14
275 276
275 277
278 156
278 138
279 169
279 280
281 56
281 219
282 120
282 283
284 285
284 286
287 288
287 289
290 216
290 291
292 150
292 293
294 295
294 30
296 283
296 297
298 299
298 300
301 272
301 302
303 304
303 36
305 306
305 80
307 64
307 308
309 232
309 159
310 311
310 312
313 255
313 314
315 316
315 317
318 200
318 319
320 321
320 23
322 323
322 212
324 304
324 170
325 1
325 326
327 232
327 158
328 317
328 329
330 83
330 243
330 331
330 332
330 4
330 132
330 148
330 280
330 333
330 179
330 334
335 86
335 336
337 181
337 175
338 339
338 234
340 208
340 90
341 154
341 277
342 343
342 329
344 153
344 345
346 280
346 117
347 348
347 349
350 351
350 151
352 102
352 14
353 39
353 314
354 33
354 100
355 153
355 356
357 358
357 50
359 40
359 122
360 251
360 361
362 164
362 272
363 205
363 5
364 248
364 162
365 366
365 106
367 232
367 308
368 45
368 369
370 76
370 274
371 31
371 372
373 343
373 374
375 376
375 92
377 316
377 378
379 351
379 361
380 288
380 381
382 99
382 164
383 169
383 36
384 385
384 227
386 156
386 16
386 311
386 387
386 95
386 299
386 90
386 388
386 182
386 10
386 220
389 5
389 28
390 45
390 90
391 392
391 308
393 394
393 141
395 396
395 333
397 169
397 116
398 289
398 136
399 156
399 42
400 385
400 228
401 339
401 105
402 36
402 214
403 132
403 289
404 127
404 314
405 406
405 14
407 300
407 345
408 19
408 25
409 410
409 194
411 274
411 412
413 181
413 74
414 119
414 184
415 288
415 136
416 203
416 23
417 319
417 92
418 205
418 150
419 420
419 59
421 311
421 348
422 410
422 225
423 304
423 214
424 253
424 148
425 426
425 276
427 47
427 428
429 430
429 51
431 64
431 432
433 79
433 434
435 138
435 436
437 191
437 304
438 366
438 439
440 306
440 79
441 54
441 23
442 186
442 428
443 444
443 145
445 127
445 71
446 236
446 447
448 319
448 148
449 19
449 436
450 451
450 452
453 392
453 254
454 156
454 436
455 127
455 40
456 457
456 458
459 167
459 61
460 461
460 116
462 463
462 200
464 110
464 90
465 196
465 285
466 299
466 154
467 468
467 461
469 95
469 470
471 306
471 394
472 79
472 257
473 208
473 336
474 475
474 141
476 308
476 432
477 150
477 351
478 268
478 479
480 308
480 158
481 124
481 132
482 483
482 23
484 16
484 339
485 245
485 345
486 420
486 487
488 206
488 361
489 332
489 490
491 223
491 136
492 79
492 388
493 48
493 210
494 67
494 106
495 396
495 496
497 219
497 62
498 186
498 47
499 376
499 500
501 13
501 103
502 16
502 143
503 504
503 479
505 490
505 122
506 451
506 507
508 316
508 10
509 120
509 297
510 57
510 62
511 242
511 512
513 376
513 319
514 156
514 26
515 295
515 372
516 336
516 90
517 7
517 11
518 57
518 61
519 349
519 520
521 366
521 17
522 57
522 219
523 56
523 220
524 457
524 387
525 526
525 245
527 208
527 528
529 128
529 255
530 237
530 387
531 532
531 533
534 378
534 329
535 236
535 452
536 470
536 297
537 178
537 34
538 10
538 343
539 326
539 243
540 312
540 520
541 426
541 277
542 348
542 520
543 544
543 26
545 316
545 8
546 64
546 83
547 463
547 548
549 329
549 374
550 100
550 34
551 308
551 65
552 348
552 203
553 230
553 554
555 264
555 533
556 557
556 274
558 457
558 451
559 127
559 560
561 428
561 228
562 432
562 291
563 135
563 564
565 430
565 184
566 372
566 458
567 245
567 277
568 332
568 39
569 154
569 345
570 571
570 117
572 299
572 426
573 170
573 268
573 136
573 216
573 293
573 99
573 274
573 199
573 173
573 189
573 39
574 181
574 196
575 135
575 576
577 13
577 77
578 332
578 122
579 283
579 430
580 288
580 135
581 167
581 582
583 285
583 182
584 76
584 406
585 178
585 272
586 71
586 314
587 44
587 111
588 110
588 89
589 138
589 262
590 444
590 591
592 120
592 114
593 594
593 343
595 392
595 432
596 487
596 56
597 261
597 436
598 526
598 277
599 197
599 73
600 4
600 206
601 99
601 34
602 603
602 339
604 394
604 532
605 264
605 394
606 206
606 607
608 223
608 133
609 237
609 372
610 261
610 358
610 45
610 7
610 140
610 487
610 73
610 203
610 30
610 69
610 345
611 119
611 430
612 376
612 93
613 154
613 246
614 28
614 615
616 461
616 37
617 487
617 57
618 428
618 173
619 475
619 434
620 119
620 297
621 42
621 544
622 623
622 268
624 242
624 504
625 626
625 348
627 167
627 628
629 39
629 630
631 220
631 62
632 95
632 51
633 79
633 533
634 381
634 576
635 392
635 291
636 173
636 187
637 76
637 412
638 53
638 483
639 257
639 141
640 248
640 396
641 594
641 130
642 85
642 369
643 426
643 526
644 236
644 458
645 189
645 249
646 249
646 496
647 22
647 520
648 326
648 252
649 396
649 650
651 236
651 507
652 162
652 249
653 623
653 654
655 388
655 434
656 264
656 475
657 196
657 212
658 132
658 125
659 186
659 227
660 661
660 176
662 95
662 114
663 208
663 89
664 145
664 189
665 167
665 56
666 205
666 615
667 451
667 447
668 246
668 356
669 222
669 289
670 257
670 533
671 410
671 179
672 285
672 176
673 135
673 223
674 594
674 675
676 172
676 47
677 591
677 189
678 47
678 173
679 124
679 136
680 603
680 106
681 463
681 376
682 317
682 10
683 594
683 316
684 8
684 343
685 385
685 187
686 222
686 288
687 607
687 361
688 40
688 128
689 332
689 128
690 242
690 654
691 264
691 532
692 36
692 116
693 19
693 544
694 141
694 533
695 80
695 533
696 95
696 297
697 396
697 162
698 276
698 356
699 312
699 349
700 19
700 262
701 308
701 291
702 47
702 227
703 268
703 512
704 286
704 212
705 96
705 283
706 127
706 630
707 468
707 214
708 257
708 434
709 295
709 457
710 447
710 387
711 153
711 245
712 713
712 219
714 715
714 557
716 582
716 220
717 33
717 179
718 650
718 496
719 323
719 74
720 102
720 715
721 378
721 10
722 343
722 130
723 358
723 114
724 725
724 26
726 468
726 428
726 291
726 272
726 463
726 71
726 289
726 5
726 103
726 1
726 146
727 236
727 387
728 197
728 286
729 205
729 28
730 199
730 253
731 99
731 179
732 280
732 461
733 44
733 110
734 93
734 500
735 306
735 388
736 203
736 483
737 146
737 650
738 366
738 67
739 406
739 103
740 77
740 14
741 299
741 153
742 83
742 216
743 99
743 194
744 385
744 745
746 225
746 164
747 5
747 615
748 214
748 170
749 11
749 130
750 331
750 745
751 560
751 630
752 351
752 607
753 136
753 125
754 603
754 439
755 1
755 268
756 311
756 54
757 148
757 554
758 339
758 106
759 28
759 206
760 626
760 520
761 191
761 36
762 272
762 194
763 348
763 23
764 339
764 67
765 179
765 302
766 80
766 388
767 557
767 412
768 44
768 86
769 436
769 262
770 10
770 374
771 205
771 151
772 332
772 255
773 280
773 468
774 447
774 507
775 95
775 119
776 19
776 261
777 564
777 133
778 378
778 130
779 288
779 125
780 295
780 507
781 200
781 554
782 153
782 276
783 557
783 334
784 336
784 110
785 280
785 37
786 141
786 434
787 227
787 187
788 172
788 48
789 208
789 110
790 239
790 274
791 54
791 348
792 376
792 200
793 336
793 89
794 141
794 388
795 626
795 203
796 108
796 111
797 410
797 272
798 507
798 452
799 463
799 554
800 16
800 106
801 237
801 458
802 289
802 133
803 132
803 223
804 259
804 153
805 82
805 291
806 59
806 582
807 205
807 607
808 45
808 111
809 323
809 286
810 560
810 122
811 272
811 165
812 69
812 234
813 2
813 504
814 312
814 23
815 280
815 170
816 96
816 285
816 236
816 378
816 533
816 17
816 426
816 208
816 582
816 312
816 436
817 22
817 348
818 110
818 528
819 447
819 31
820 73
820 182
821 571
821 214
822 86
822 110
823 312
823 483
824 251
824 293
825 71
825 630
826 713
826 167
827 349
827 23
828 74
828 212
829 420
829 61
830 39
830 128
831 108
831 528
832 329
832 130
833 212
833 176
834 317
834 374
835 295
835 451
836 252
836 242
837 145
837 333
838 615
838 607
839 57
839 220
840 220
840 61
841 53
841 349
842 120
842 184
843 181
843 197
844 44
844 336
845 7
845 675
846 136
846 133
847 22
847 321
848 849
848 504
850 615
850 293
851 199
851 500
852 381
852 132
853 1
853 623
854 148
854 548
855 336
855 528
856 102
856 412
857 436
857 42
858 69
858 439
859 19
859 138
860 311
860 203
861 332
861 314
862 80
862 434
863 447
863 30
864 288
864 132
865 420
865 56
866 239
866 14
867 715
867 334
868 2
868 512
869 8
869 374
870 64
870 216
871 140
871 388
872 239
872 103
873 268
873 242
874 268
874 2
875 306
875 141
876 248
876 333
877 259
877 526
878 40
878 630
879 83
879 308
880 326
880 849
881 28
881 607
882 223
882 40
882 159
882 496
882 319
882 461
882 406
882 187
882 849
882 33
882 615
883 261
883 26
884 191
884 116
885 264
885 80
886 44
886 528
887 436
887 20
888 164
888 34
889 283
889 184
890 178
890 225
891 162
891 650
892 119
892 358
893 102
893 334
894 283
894 50
895 385
895 48
896 82
896 432
897 4
897 607
898 230
898 253
899 167
899 220
900 554
900 93
901 248
901 161
902 903
902 25
904 106
904 439
905 903
905 42
906 457
906 31
907 630
907 908
909 468
909 36
910 288
910 564
911 908
911 128
912 196
912 74
913 74
913 286
914 106
914 234
915 172
915 186
916 326
916 2
917 304
917 461
918 323
918 182
919 225
919 34
920 426
920 245
921 59
921 57
922 76
922 103
923 222
923 135
924 623
924 479
925 317
925 675
926 175
926 212
927 223
927 564
928 236
928 30
929 59
929 628
930 321
930 931
930 903
930 237
930 141
930 323
930 154
930 317
930 297
930 219
930 89
932 675
932 11
933 135
933 381
934 253
934 92
935 5
935 361
936 420
936 167
937 283
937 358
938 64
938 158
939 86
939 90
940 138
940 26
941 715
941 103
942 230
942 200
943 507
943 458
944 528
944 90
945 594
945 317
946 591
946 249
947 99
947 33
948 490
948 255
949 45
949 336
950 246
950 277
951 376
951 199
952 22
952 203
953 4
953 293
954 261
954 138
955 196
955 176
956 283
956 470
957 594
957 8
958 120
958 50
959 86
959 111
960 1
960 849
961 189
961 496
962 237
962 30
963 329
963 675
964 725
964 42
965 274
965 334
966 331
966 187
967 348
967 483
968 122
968 314
969 181
969 285
970 108
970 89
971 351
971 5
972 119
972 50
973 225
973 272
974 236
974 31
975 53
975 520
976 105
976 931
977 420
977 713
978 361
978 293
979 571
979 36
980 457
980 20
980 181
980 246
980 120
980 434
980 86
980 53
980 67
980 329
980 61
981 526
981 356
982 169
982 214
983 199
983 92
984 124
984 223
985 159
985 291
986 715
986 13
987 242
987 2
988 108
988 86
989 675
989 10
990 167
990 57
991 39
991 255
992 420
992 582
993 304
993 116
994 169
994 468
995 254
995 65
996 470
996 430
997 316
997 343
998 548
998 500
999 286
999 458
999 264
999 626
999 300
999 366
999 336
999 8
999 470
999 138
999 628
1000 13
1000 334
1001 406
1001 412
1002 85
1002 208
1003 100
1003 165
1004 252
1004 504
1005 715
1005 77
1006 490
1006 128
1007 463
1007 199
1008 623
1008 252
1009 154
1009 245
1010 311
1010 520
1011 143
1011 439
1012 96
1012 51
1013 526
1013 246
1014 33
1014 302
1015 557
1015 406
1016 251
1016 4
1017 333
1017 146
1018 248
1018 145
1019 150
1019 5
1020 297
1020 358
1021 36
1021 170
1022 381
1022 223
1023 311
1023 626
1024 99
1024 302
1025 366
1025 931
1026 69
1026 366
1027 47
1027 331
1028 85
1028 110
1029 394
1029 80
1030 161
1030 591
1031 436
1031 26
1032 420
1032 62
1033 650
1033 189
1034 326
1034 242
1035 169
1035 191
1036 251
1036 351
1037 7
1037 378
1038 146
1038 189
1039 162
1039 496
1040 145
1040 496
1041 127
1041 122
1042 169
1042 37
1043 196
1043 175
1044 300
1044 154
1045 186
1045 48
1046 178
1046 100
1047 191
1047 468
1048 436
1048 25
1049 186
1049 745
1050 321
1050 53
1051 135
1051 125
1052 366
1052 16
1053 7
1053 329
1054 253
1054 93
1055 626
1055 22
1056 333
1056 496
1057 34
1057 194
1058 40
1058 255
1059 156
1059 20
1060 452
1060 387
1061 227
1061 173
1062 490
1062 630
1063 122
1063 128
1064 306
1064 533
1065 376
1065 148
1066 490
1066 908
1067 230
1067 548
1068 191
1068 461
1069 661
1069 212
1070 151
1070 615
1071 77
1071 334
1072 252
1072 268
1073 120
1073 51
1074 8
1074 11
1075 381
1075 564
1076 528
1076 89
1077 182
1077 286
1078 252
1078 2
1079 127
1079 255
1080 376
1080 554
1081 96
1081 358
1082 560
1082 314
1083 560
1083 908
1084 20
1084 26
1085 22
1085 53
1086 280
1086 214
1087 151
1087 28
1088 20
1088 25
1089 148
1089 500
1090 156
1090 262
1091 333
1091 189
1092 351
1092 615
1093 532
1093 388
1094 451
1094 661
1094 259
1094 79
1094 725
1094 369
1094 23
1094 713
1094 51
1094 143
1094 130
1095 321
1095 483
1096 16
1096 105
1097 90
1097 369
1098 317
1098 130
1099 463
1099 253
1100 178
1100 33
1101 626
1101 349
1102 197
1102 74
1103 108
1103 336
1104 151
1104 5
1105 544
1105 25
1106 475
1106 257
1107 264
1107 434
1108 725
1108 138
1109 426
1109 345
1110 40
1110 314
1111 451
1111 237
1112 259
1112 154
1113 102
1113 406
1114 343
1114 11
1115 248
1115 178
1115 13
1115 206
1115 48
1115 326
1115 64
1115 288
1115 37
1115 376
1115 560
1116 205
1116 361
1117 228
1117 745
1118 1
1118 479
1119 124
1119 135
1120 745
1120 187
1121 366
1121 339
1122 430
1122 439
1122 153
1122 110
1122 62
1122 295
1122 475
1122 343
1122 176
1122 483
1122 25
1123 150
1123 615
1124 317
1124 343
1125 59
1125 713
1126 151
1126 607
1127 532
1127 141
1128 285
1128 73
1129 14
1129 103
1130 461
1130 36
1131 167
1131 62
1132 396
1132 591
1133 333
1133 249
1134 83
1134 291
1135 276
1135 246
1136 378
1136 8
1137 225
1137 179
1138 661
1138 175
1139 447
1139 458
1140 444
1140 650
1141 304
1141 571
1142 548
1142 93
1143 560
1143 40
1144 1145
1144 28
1144 361
1146 251
1146 151
1147 261
1147 544
1148 140
1148 306
1149 280
1149 304
1150 479
1150 243
1151 312
1151 203
1152 392
1152 159
1153 28
1153 548
1153 228
1153 165
1153 381
1153 591
1153 128
1153 512
1153 169
1153 308
1153 557
1154 252
1154 479
1155 2
1155 479
1156 326
1156 512
1157 100
1157 272
1158 161
1158 496
1159 228
1159 187
1160 85
1160 528
1161 30
1161 452
1162 262
1162 25
1163 426
1163 259
1164 140
1164 532
1165 323
1165 73
1166 145
1166 650
1167 490
1167 314
1168 312
1168 321
1169 374
1169 130
1170 470
1170 51
1171 261
1171 725
1172 903
1172 436
1173 264
1173 79
1174 19
1174 725
1175 381
1175 133
1176 30
1176 372
1177 394
1177 79
1178 156
1178 261
1179 358
1179 430
1180 67
1180 17
1181 5
1181 293
1182 158
1182 65
1183 304
1183 37
1184 1
1184 654
1185 59
1185 220
1186 143
1186 234
1187 74
1187 176
1188 312
1188 626
1189 468
1189 170
1190 428
1190 745
1191 316
1191 130
1192 457
1192 30
1193 117
1193 170
1194 444
1194 396
1195 124
1195 381
1196 336
1196 369
1197 239
1197 412
1198 225
1198 165
1199 626
1199 53
1200 436
1200 544
1201 288
1201 124
1202 199
1202 554
1203 208
1203 369
1204 372
1204 387
1205 426
1205 300
1206 22
1206 54
1207 179
1207 164
1208 227
1208 745
1209 452
1209 372
1210 85
1210 45
1211 654
1211 504
1212 44
1212 89
1213 557
1213 103
1214 65
1214 291
1215 236
1215 451
1216 1
1216 512
1217 487
1217 59
1218 124
1218 576
1219 713
1219 62
1220 257
1220 388
1221 39
1221 908
1222 603
1222 143
1223 725
1223 544
1224 111
1224 369
1225 82
1225 392
1226 67
1226 234
1227 145
1227 396
1228 197
1228 176
1229 410
1229 33
1230 661
1230 197
1231 199
1231 93
1232 223
1232 576
1233 311
1233 483
1234 533
1234 388
1235 175
1235 286
1236 468
1236 116
1237 557
1237 13
1238 259
1238 356
1239 89
1239 369
1240 95
1240 430
1241 903
1241 261
1242 73
1242 176
1243 272
1243 34
1244 2
1244 849
1245 713
1245 220
1246 172
1246 187
1247 557
1247 14
1248 306
1248 532
1249 470
1249 114
1250 300
1250 356
1251 576
1251 133
1252 76
1252 334
1253 120
1253 430
1254 378
1254 317
1255 2
1255 654
1256 463
1256 500
1257 289
1257 223
1258 99
1258 272
1259 381
1259 289
1260 457
1260 372
1261 95
1261 283
1262 331
1262 48
1263 447
1263 372
1264 326
1264 504
1265 67
1265 931
1266 461
1266 170
1267 295
1267 447
1268 430
1268 297
1269 490
1269 39
1270 79
1270 141
1271 30
1271 507
1272 300
1272 245
1273 182
1273 175
1274 903
1274 262
1275 200
1275 654
1275 158
1275 715
1275 225
1275 396
1275 607
1275 314
1275 385
1275 191
1275 576
1276 463
1276 230
1277 426
1277 154
1278 251
1278 615
1279 76
1279 14
1280 725
1280 20
1281 903
1281 138
1282 333
1282 650
1283 420
1283 628
1284 10
1284 8
1285 17
1285 931
1286 200
1286 148
1287 191
1287 280
1288 582
1288 61
1289 239
1289 76
1290 194
1290 302
1291 85
1291 336
1292 308
1292 216
1293 378
1293 675
1294 261
1294 25
1295 158
1295 291
1296 191
1296 571
1297 452
1297 458
1298 222
1298 576
1299 225
1299 33
1300 715
1300 76
1301 222
1301 125
1302 475
1302 80
1303 661
1303 73
1304 468
1304 37
1305 80
1305 141
1306 119
1306 96
1307 105
1307 439
1308 385
1308 172
1309 630
1309 128
1310 304
1310 117
1311 299
1311 526
1312 410
1312 165
1313 172
1313 428
1314 156
1314 725
1315 451
1315 458
1316 105
1316 143
1317 95
1317 120
1318 30
1318 458
1319 308
1319 254
1320 560
1320 255
1321 162
1321 146
1322 661
1322 323
1323 251
1323 28
1324 532
1324 79
1325 300
1325 277
1326 351
1326 206
1327 376
1327 548
1328 319
1328 548
1329 470
1329 50
1330 630
1330 314
1331 182
1331 212
1332 507
1332 31
1333 594
1333 374
1334 199
1334 319
1335 311
1335 23
1336 557
1336 77
1337 102
1337 557
1338 311
1338 53
1339 285
1339 74
1340 102
1340 76
1341 33
1341 194
1342 140
1342 475
1343 200
1343 92
1344 650
1344 249
1345 262
1345 348
1345 59
1345 394
1345 105
1345 372
1345 114
1345 111
1345 74
1345 11
1345 245
1346 378
1346 374
1347 394
1347 434
1348 603
1348 69
1349 295
1349 452
1350 903
1350 544
1351 312
1351 22
1352 306
1352 257
1353 117
1353 214
1354 603
1354 931
1355 83
1355 392
1356 332
1356 908
1357 463
1357 319
1358 385
1358 331
1359 487
1359 628
1360 332
1360 40
1361 426
1361 356
1362 254
1362 216
1363 457
1363 237
1364 125
1364 564
1365 153
1365 246
1366 7
1366 317
1367 268
1367 504
1368 591
1368 496
1369 715
1369 406
1370 713
1370 57
1371 392
1371 158
1372 245
1372 276
1373 321
1373 520
1374 420
1374 219
1375 154
1375 356
1376 196
1376 73
1377 127
1377 490
1378 299
1378 356
1379 182
1379 74
1380 7
1380 130
1381 628
1381 57
1382 45
1382 528
1383 317
1383 8
1384 186
1384 210
1385 316
1385 374
1386 64
1386 159
1387 252
1387 243
1388 108
1388 45
1389 316
1389 7
1390 378
1390 343
1391 96
1391 120
1392 283
1392 51
1393 242
1393 849
1394 45
1394 89
1395 300
1395 246
1396 150
1396 361
1397 461
1397 571
1398 154
1398 276
1399 92
1399 548
1400 457
1400 507
1401 376
1401 253
1402 463
1402 92
1403 254
1403 291
1404 89
1404 111
1405 44
1405 119
1405 57
1405 106
1405 80
1405 526
1405 349
1405 452
1405 212
1405 19
1405 316
1406 274
1406 103
1407 251
1407 206
1408 623
1408 242
1409 299
1409 277
1410 186
1410 173
1411 661
1411 182
1412 156
1412 25
1413 248
1413 650
1414 48
1414 173
1415 200
1415 253
1416 56
1416 582
1417 22
1417 349
1418 83
1418 159
1419 200
1419 93
1420 591
1420 162
1421 297
1421 184
1422 239
1422 406
1423 264
1423 388
1424 487
1424 61
1425 71
1425 560
1426 654
1426 479
1427 179
1427 272
1428 274
1428 406
1429 136
1429 576
1430 470
1430 358
1431 457
1431 447
1432 366
1432 105
1433 582
1433 62
1434 312
1434 54
1435 82
1435 308
1436 191
1436 214
1437 82
1437 216
1438 4
1438 361
1439 430
1439 50
1440 150
1440 206
1441 108
1441 208
1442 526
1442 345
1443 295
1443 458
1444 205
1444 4
1445 82
1445 254
1446 289
1446 564
1447 623
1447 504
1448 715
1448 14
1449 582
1449 219
1450 196
1450 286
1451 34
1451 302
1452 237
1452 447
1453 329
1453 10
1454 178
1454 194
1455 85
1455 90
1456 153
1456 526
1457 594
1457 10
1458 153
1458 277
1459 487
1459 220
1460 164
1460 194
1461 458
1461 387
1462 47
1462 187
1463 615
1463 361
1464 295
1464 31
1465 725
1465 262
1466 136
1466 564
1467 432
1467 158
1468 42
1468 20
1469 1
1469 504
1470 430
1470 114
1471 102
1471 77
1472 661
1472 74
1473 69
1473 16
1474 675
1474 343
1475 236
1475 372
1476 321
1476 349
1477 289
1477 576
1478 237
1478 452
1479 105
1479 234
1480 715
1480 274
1481 57
1481 582
1482 178
1482 99
1483 96
1483 430
1484 77
1484 412
1485 479
1485 849
1486 326
1486 479
1487 205
1487 351
1488 432
1488 216
1489 225
1489 302
1490 261
1490 42
1491 461
1491 117
1492 222
1492 124
1493 321
1493 348
1494 85
1494 111
1495 532
1495 80
1496 122
1496 255
1497 50
1497 297
1498 251
1498 5
1499 181
1499 286
1500 326
1500 268
1501 554
1501 548
1502 280
1502 571
1503 262
1503 20
1504 39
1504 560
1505 140
1505 80
1506 351
1506 28
1507 314
1507 128
1508 319
1508 554
1509 2
1509 243
1510 520
1510 483
1511 607
1511 293
1512 110
1512 369
1513 234
1513 17
1514 675
1514 374
1515 475
1515 532
1516 100
1516 194
1517 321
1517 203
1518 246
1518 345
1519 334
1519 103
1520 251
1520 607
1521 277
1521 345
1522 227
1522 428
1523 312
1523 53
1524 603
1524 16
1525 146
1525 249
1526 331
1526 173
1527 95
1527 358
1528 507
1528 387
1529 628
1529 61
1530 504
1530 243
1531 394
1531 533
1532 197
1532 532
1532 675
1532 276
1532 26
1532 420
1532 603
1532 184
1532 108
1532 507
1532 520
1533 227
1533 210
1534 444
1534 162
1535 191
1535 37
1536 156
1536 544
1537 576
1537 564
1538 5
1538 206
1539 22
1539 483
1540 145
1540 591
1541 69
1541 339
1542 82
1542 232
1543 339
1543 439
1544 225
1544 100
1545 528
1545 369
1546 299
1546 245
1547 138
1547 20
1548 319
1548 93
1549 463
1549 93
1550 394
1550 257
1551 299
1551 345
1552 44
1552 369
1553 53
1553 348
1554 289
1554 125
1555 316
1555 11
1556 308
1556 159
1557 34
1557 165
1558 628
1558 219
1559 439
1559 234
1560 73
1560 286
1561 725
1561 25
1562 334
1562 406
1563 230
1563 500
1564 297
1564 51
1565 119
1565 470
1566 140
1566 434
1567 8
1567 130
1568 715
1568 412
1569 59
1569 62
1570 197
1570 175
1571 252
1571 654
1572 396
1572 146
1573 59
1573 61
1574 54
1574 520
1575 428
1575 210
1576 594
1576 7
1577 172
1577 227
1578 169
1578 571
1579 410
1579 164
1580 487
1580 582
1581 16
1581 439
1582 239
1582 334
1583 248
1583 496
1584 76
1584 13
1585 444
1585 496
1586 151
1586 361
1587 444
1587 189
1588 169
1588 117
1589 849
1589 243
1590 90
1590 111
1591 100
1591 302
1592 16
1592 931
1593 591
1593 146
1594 119
1594 283
1595 603
1595 234
1596 172
1596 745
1597 903
1597 156
1598 37
1598 214
1599 48
1599 187
1600 259
1600 277
1601 259
1601 276
1602 186
1602 331
1603 420
1603 57
1604 253
1604 548
1605 219
1605 61
1606 181
1606 176
1607 439
1607 931
1608 145
1608 162
1609 132
1609 135
1610 385
1610 173
1611 108
1611 44
1612 628
1612 62
1613 654
1613 512
1614 410
1614 100
1615 82
1615 159
1616 13
1616 412
1617 323
1617 176
1618 468
1618 304
1619 85
1619 89
1620 713
1620 56
1621 339
1621 143
1622 623
1622 243
1623 283
1623 167
1623 54
1623 594
1623 339
1623 528
1623 277
1623 257
1623 196
1623 42
1623 447
1624 178
1624 302
1625 487
1625 219
1626 140
1626 533
1627 56
1627 62
1628 333
1628 591
1629 230
1629 148
1630 222
1630 381
1631 504
1631 512
1632 532
1632 434
1633 102
1633 274
1634 108
1634 110
1635 323
1635 175
1636 358
1636 184
1637 428
1637 48
1638 299
1638 246
1639 323
1639 285
1640 150
1640 28
1641 336
1641 111
1642 396
1642 249
1643 191
1643 170
1644 332
1644 127
1645 73
1645 212
1646 280
1646 36
1647 392
1647 216
1648 40
1648 908
1649 99
1649 165
1650 228
1650 331
1651 56
1651 628
1652 95
1652 184
1653 410
1653 99
1654 849
1654 512
1655 571
1655 116
1656 143
1656 931
1657 396
1657 189
1658 248
1658 189
1659 288
1659 576
1660 5
1660 607
1661 428
1661 331
1662 299
1662 259
1663 37
1663 170
1664 254
1664 432
1665 119
1665 114
1666 264
1666 141
1667 4
1667 151
1668 232
1668 216
1669 127
1669 908
1670 161
1670 146
1671 71
1671 255
1672 253
1672 319
1673 205
1673 293
1674 533
1674 434
1675 127
1675 39
1676 83
1676 65
1677 268
1677 849
1678 385
1678 428
1679 661
1679 196
1680 295
1680 236
1681 232
1681 291
1682 332
1682 71
1683 661
1683 181
1684 339
1684 931
1685 239
1685 77
1686 312
1686 348
1687 376
1687 230
1688 243
1688 512
1689 146
1689 496
1690 169
1690 461
1691 329
1691 8
1692 248
1692 444
1693 444
1693 333
1694 311
1694 321
1695 274
1695 77
1696 490
1696 71
1697 326
1697 623
1698 181
1698 323
1699 4
1699 150
1700 100
1700 164
1701 178
1701 165
1702 544
1702 50
1702 374
1702 22
1702 56
1702 234
1702 85
1702 306
1702 31
1702 356
1702 175
1703 661
1703 285
1704 36
1704 117
1705 461
1705 214
1706 7
1706 374
1707 381
1707 136
1708 300
1708 276
1709 650
1709 304
1709 227
1709 164
1709 82
1709 242
1709 76
1709 133
1709 205
1709 630
1709 92
1710 172
1710 228
1711 451
1711 387
1712 105
1712 17
1713 102
1713 239
1714 232
1714 172
1714 122
1714 125
1714 162
1714 77
1714 150
1714 571
1714 93
1714 2
1714 194
1715 451
1715 372
1716 576
1716 125
1717 444
1717 161
1718 594
1718 11
1719 475
1719 533
1720 366
1720 234
1721 86
1721 528
1722 172
1722 331
1723 184
1723 114
1724 487
1724 713
1725 1
1725 243
1726 285
1726 197
1727 528
1727 111
1728 19
1728 42
1729 13
1729 406
1730 623
1730 2
1731 623
1731 512
1732 311
1732 349
1733 507
1733 372
1734 140
1734 394
1735 262
1735 544
1736 222
1736 132
1737 54
1737 349
1738 571
1738 170
1739 253
1739 500
1740 468
1740 117
1741 332
1741 630
1742 475
1742 79
1743 349
1743 483
1744 150
1744 607
1745 13
1745 274
1746 232
1746 432
1747 299
1747 276
1748 167
1748 219
1749 120
1749 358
1750 302
1750 165
1751 92
1751 500
1752 45
1752 208
1753 199
1753 548
1754 285
1754 175
1755 96
1755 184
1756 179
1756 165
1757 102
1757 13
1758 351
1758 36
1758 479
1758 392
1758 500
1758 490
1758 186
1758 564
1758 239
1758 249
1758 302
1759 83
1759 158
1760 557
1760 76
1761 132
1761 564
1762 351
1762 293
1763 200
1763 548
1764 468
1764 571
1765 713
1765 582
1766 331
1766 210
1767 908
1767 314
1768 96
1768 114
1769 252
1769 849
1770 345
1770 356
1771 86
1771 89
1772 230
1772 92
1773 96
1773 297
1774 124
1774 133
1775 143
1775 17
1776 232
1776 254
1777 116
1777 170
1778 432
1778 65
1779 262
1779 42
1780 300
1780 526
1781 394
1781 388
1782 332
1782 560
1783 7
1783 343
1784 323
1784 197
1785 475
1785 388
1786 426
1786 153
1787 4
1787 351
1788 82
1788 158
1789 381
1789 125
1790 69
1790 17
1791 475
1791 394
1792 251
1792 150
1793 86
1793 369
1794 554
1794 500
1795 560
1795 128
1796 230
1796 319
1797 286
1797 176
1798 151
1798 206
1799 280
1799 116
1800 339
1800 17
1801 254
1801 159
1802 67
1802 105
1803 623
1803 849
1804 208
1804 111
1805 82
1805 64
1806 228
1806 210
1807 73
1807 175
1808 103
1808 412
1809 283
1809 114
1810 630
1810 255
1811 321
1811 54
1812 71
1812 908
1813 106
1813 17
1814 252
1814 512
1815 903
1815 725
1816 64
1816 291
1817 626
1817 321
1818 31
1818 458
1819 334
1819 14
1820 713
1820 628
1821 288
1821 223
1822 74
1822 175
1823 44
1823 208
1824 654
1824 849
1825 161
1825 189
1826 487
1826 167
1827 65
1827 159
1828 222
1828 133
1829 410
1829 178
1830 53
1830 23
1831 145
1831 249
1832 262
1832 26
1833 316
1833 329
1834 654
1834 243
1835 444
1835 249
1836 1
1836 242
1837 161
1837 249
1838 48
1838 745
1839 56
1839 61
1840 358
1840 51
1841 248
1841 146
1842 316
1842 675
1843 64
1843 254
1844 222
1844 136
1845 47
1845 228
1846 227
1846 48
1847 306
1847 264
1848 232
1848 392
1849 661
1849 286
1850 206
1850 615
1851 254
1851 158
1852 410
1852 302
1853 135
1853 289
1854 42
1854 26
1855 457
1855 236
1856 199
1856 148
1857 385
1857 210
1858 222
1858 564
1859 288
1859 133
1860 277
1860 356
1861 230
1861 93
1862 626
1862 23
1863 451
1863 31
1864 77
1864 103
1865 106
1865 931
1866 439
1866 17
1867 571
1867 37
1868 300
1868 259
1869 83
1869 432
1870 216
1870 158
1871 179
1871 34
1872 96
1872 50
1873 295
1873 237
1874 248
1874 591
1875 132
1875 136
1876 323
1876 196
1877 216
1877 159
1878 295
1878 387
1879 300
1879 153
1880 232
1880 83
1881 261
1881 20
1882 520
1882 23
1883 311
1883 22
1884 259
1884 246
1885 349
1885 203
1886 1
1886 252
1887 47
1887 745
1888 161
1888 396
1889 50
1889 114
1890 37
1890 117
1891 108
1891 85
1892 4
1892 615
1893 366
1893 143
1894 463
1894 148
1895 557
1895 239
1896 7
1896 10
1897 251
1897 205
1898 69
1898 931
1899 181
1899 212
1900 526
1900 276
1901 119
1901 51
1902 903
1902 20
1903 457
1903 452
1904 385
1904 186
1905 628
1905 220
1906 59
1906 219
1907 675
1907 130
1908 161
1908 650
1909 99
1909 225
1910 161
1910 145
1911 69
1911 143
1912 122
1912 908
1913 237
1913 507
1914 479
1914 512
1915 306
1915 475
1916 69
1916 105
1917 436
1917 725
1918 132
1918 576
1919 194
1919 165
1920 148
1920 92
1921 197
1921 182
1922 145
1922 361
1922 124
1922 65
1922 745
1922 504
1922 127
1922 230
1922 412
1922 100
1922 214
1923 124
1923 289
1924 116
1924 37
1925 326
1925 654
1926 11
1926 374
1927 64
1927 392
1928 626
1928 483
1929 135
1929 102
1929 151
1929 47
1929 908
1929 444
1929 554
1929 117
1929 410
1929 623
1929 432
1930 178
1930 164
1931 259
1931 345
1932 594
1932 378
1933 410
1933 34
1934 745
1934 210
1935 242
1935 479
1936 444
1936 146
1937 713
1937 61
1938 161
1938 333
1939 285
1939 212
1940 591
1940 650
1941 19
1941 26
1942 268
1942 654
1943 164
1943 302
1944 92
1944 554
1945 392
1945 65
1946 385
1946 47
1947 95
1947 50
1948 173
1948 745
1949 77
1949 406
1950 532
1950 257
1951 317
1951 11
1952 122
1952 630
1953 19
1953 903
1954 253
1954 554
1955 490
1955 40
1956 28
1956 293
1957 223
1957 125
1958 432
1958 159
1959 169
1959 304
1960 196
1960 182
1961 237
1961 31
1962 470
1962 184
1963 45
1963 110
1964 603
1964 105
1965 628
1965 582
1966 200
1966 500
1967 426
1967 246
1968 67
1968 439
1969 908
1969 255
1970 135
1970 133
1971 162
1971 333
1972 151
1972 293
1973 412
1973 14
1974 85
1974 44
1975 603
1975 366
1976 50
1976 184
1977 33
1977 164
1978 96
1978 470
1979 173
1979 210
1980 447
1980 452
1981 71
1981 128
1982 138
1982 42
1983 257
1983 80
1984 8
1984 675
1985 234
1985 931
1986 100
1986 179
1987 420
1987 220
1988 487
1988 62
1989 206
1989 293
1990 297
1990 114
1991 20
1991 544
1992 319
1992 500
1993 108
1993 369
1994 603
1994 67
1995 120
1995 470
1996 603
1996 17
1997 451
1997 30
1998 378
1998 11
1999 33
1999 165
2000 526
2000 154
2001 53
2001 203
2002 276
2002 345
2003 227
2003 331
2004 232
2004 65
2005 71
2005 122
2006 490
2006 560
2007 715
2007 239
2008 31
2008 387
2009 428
2009 187
2010 228
2010 48
2011 54
2011 483
2012 172
2012 210
2013 138
2013 544
2014 228
2014 173
2015 452
2015 31
2016 181
2016 73
2017 306
2017 434
2018 125
2018 133
2019 594
2019 329
2020 30
2020 387
2021 245
2021 356
2022 124
2022 564
2023 203
2023 520
2024 329
2024 11
2025 82
2025 65
2026 626
2026 54
2027 334
2027 412
2028 903
2028 26
