65 125
0 1
0 2
0 3
0 4
5 6
5 7
5 8
5 9
10 11
10 12
10 13
10 14
15 16
15 17
15 8
15 18
15 19
20 11
20 21
22 23
22 24
22 25
22 26
23 12
23 14
23 27
28 29
28 30
28 11
28 21
28 13
29 31
29 32
6 33
6 9
6 34
35 17
35 7
35 36
35 37
16 17
16 38
16 39
30 40
30 31
30 41
30 42
43 44
43 18
43 36
43 45
43 46
24 47
11 40
48 25
48 49
48 50
48 26
48 51
25 47
25 52
25 27
44 33
44 45
44 37
53 31
53 41
40 54
40 14
17 36
49 52
49 55
7 8
7 37
56 1
56 57
56 46
56 39
21 32
38 58
38 59
38 39
38 4
60 50
60 41
60 51
60 42
8 19
50 54
50 14
50 27
58 1
58 61
18 59
18 32
47 61
1 57
1 4
52 61
62 57
62 3
62 45
62 34
2 3
2 63
2 9
55 51
26 64
26 14
36 46
57 45
59 63
59 19
59 4
41 54
33 37
33 34
3 34
63 9
63 19
51 64
64 42
42 13
42 14
46 39
