67 95
0 1
2 3
4 5
6 7
1 8
9 10
11 12
13 3
14 3
15 16
17 18
19 20
21 22
23 24
1 3
8 13
25 26
27 28
1 29
30 10
31 32
33 14
34 24
26 32
35 9
23 35
17 12
36 19
17 29
37 38
33 39
40 41
26 31
42 43
3 28
44 2
14 45
46 47
7 48
49 45
14 2
50 51
2 26
41 6
51 4
32 12
52 41
53 29
43 45
48 47
54 44
11 31
36 5
55 48
56 57
42 28
5 3
29 8
19 26
18 25
39 23
8 3
58 47
11 59
33 30
58 60
61 15
26 62
20 62
14 43
27 49
53 38
34 63
64 6
17 50
33 40
51 61
55 22
8 5
16 65
56 9
18 20
42 49
19 29
46 60
31 12
28 57
33 35
39 63
33 7
1 37
35 28
11 32
4 29
66 65
