245 608
0 1
0 2
0 3
1 2
2 3
2 4
3 4
3 5
4 5
4 6
4 7
4 8
4 9
4 10
4 11
5 6
5 12
5 13
5 9
5 10
5 11
6 12
6 14
12 14
12 15
12 16
12 10
12 11
14 15
14 10
14 11
15 17
15 16
17 16
17 18
17 10
17 11
17 19
17 20
17 21
16 18
16 22
16 10
16 11
16 20
16 23
18 22
18 24
22 24
22 25
22 26
24 25
25 27
25 26
27 26
27 28
27 21
27 29
27 30
27 31
27 32
26 28
26 33
26 23
26 30
26 31
26 32
28 34
28 33
34 33
34 35
34 31
34 32
33 35
33 36
33 31
33 32
35 37
35 36
37 36
37 31
37 32
37 38
37 39
37 40
36 31
36 32
36 39
36 41
7 8
7 9
13 9
8 9
8 10
8 11
8 42
8 43
9 10
9 11
9 42
9 43
10 11
10 44
10 19
10 20
11 19
11 20
19 20
19 21
19 45
19 46
20 21
20 23
20 45
20 46
21 29
21 30
23 30
29 30
29 31
29 32
29 47
29 48
30 31
30 32
30 47
30 48
31 32
31 49
31 38
31 39
32 38
32 39
38 39
38 50
38 51
38 40
39 50
39 51
39 41
50 51
50 40
50 41
50 52
50 53
51 40
51 41
51 52
51 53
40 41
40 53
40 54
41 52
41 53
41 55
41 56
41 57
42 45
42 43
42 58
42 59
45 46
45 60
47 52
47 48
47 61
47 56
52 53
52 55
62 63
62 64
62 65
63 64
63 58
63 66
64 43
64 58
43 58
43 67
43 68
43 65
43 66
58 67
58 68
58 66
67 68
67 46
67 60
67 69
67 70
68 46
68 60
68 69
68 70
46 60
46 71
46 72
46 59
60 71
60 73
60 59
71 74
71 73
74 73
74 75
74 72
74 76
73 75
73 61
73 59
73 77
75 48
75 61
48 61
48 78
48 79
48 76
48 77
61 78
61 79
61 77
78 79
78 53
78 55
78 80
78 81
79 53
79 55
79 80
79 81
53 55
53 54
53 56
55 56
82 83
84 83
84 66
83 65
83 66
65 66
65 69
65 70
65 85
65 86
66 69
66 70
66 87
66 88
69 70
69 72
69 59
70 72
70 59
72 59
72 89
72 90
72 91
59 89
59 90
59 92
89 92
89 93
90 91
90 88
91 86
91 88
92 93
92 94
92 77
93 94
94 76
94 77
76 77
76 95
76 80
76 81
76 86
76 96
77 95
77 80
77 81
77 88
95 97
80 81
80 54
80 56
81 54
81 56
54 56
54 98
54 99
56 98
98 99
98 97
99 96
99 97
85 87
85 86
87 86
87 88
86 88
86 96
86 100
86 101
86 102
88 96
88 97
88 101
88 103
88 104
96 97
96 105
96 106
96 107
96 108
97 109
97 107
97 104
97 102
105 106
105 102
109 107
109 104
109 110
106 107
106 111
106 102
106 110
106 112
106 113
107 114
107 110
107 112
107 115
116 117
116 108
116 118
116 119
116 120
117 121
117 122
121 100
121 123
100 124
124 108
124 125
108 118
108 119
108 126
108 127
108 128
118 119
118 127
118 128
118 120
119 129
119 128
119 120
130 131
131 132
132 133
132 134
132 135
133 114
114 136
136 137
136 138
136 139
136 140
136 141
137 142
137 134
137 135
142 111
111 143
143 144
144 145
144 146
144 147
145 148
145 140
145 149
145 150
148 151
151 152
151 146
151 147
152 153
153 154
154 155
155 156
157 158
158 101
158 159
158 103
101 159
101 160
101 123
159 103
103 160
103 104
103 161
160 162
160 161
104 110
102 110
102 163
102 113
102 164
102 165
110 166
110 113
110 115
110 165
110 167
112 113
112 115
168 122
122 123
123 169
125 126
125 163
126 170
156 171
163 172
138 139
138 140
138 173
138 174
138 141
139 149
139 173
139 174
139 141
140 149
140 173
140 174
140 150
149 173
149 174
149 141
149 150
173 174
174 175
176 162
177 161
162 161
162 178
162 164
161 166
161 164
161 179
166 179
166 167
113 115
113 180
113 165
113 181
115 182
115 167
115 181
115 183
184 185
184 186
185 187
185 188
187 178
187 189
178 169
169 190
190 191
190 192
191 172
191 193
172 170
172 194
170 195
196 197
197 134
134 198
198 182
182 141
141 135
135 199
199 180
180 200
200 146
146 150
150 201
201 147
147 202
202 203
203 204
204 171
205 164
205 179
206 179
164 179
164 165
164 167
164 207
164 208
164 189
164 209
164 210
179 167
179 207
179 211
179 212
165 167
165 181
165 183
165 208
165 193
167 183
167 208
167 213
181 183
207 211
207 214
207 215
207 216
207 209
211 215
211 217
208 213
208 218
208 210
213 210
213 212
186 188
188 219
188 220
189 219
219 192
219 221
192 222
193 222
222 194
222 223
194 195
194 224
195 127
129 220
129 127
129 128
129 120
220 214
214 221
221 218
218 223
223 224
224 127
127 128
127 120
128 120
225 215
226 215
226 217
215 217
215 216
215 227
215 228
217 216
217 229
217 227
217 230
217 231
216 232
216 209
233 229
233 234
229 232
232 209
232 212
209 210
209 212
210 212
210 228
212 228
212 231
235 236
235 227
235 230
236 227
236 230
237 230
227 230
227 238
230 238
230 239
238 239
238 240
239 240
239 241
239 242
240 234
240 241
240 242
234 241
234 243
241 242
241 244
242 244
242 231
244 228
244 231
228 231
