85 219
0 1
0 2
0 3
0 4
1 5
1 4
1 6
1 7
5 8
5 7
8 9
8 7
8 10
8 11
9 11
9 12
2 3
2 13
2 14
2 15
3 4
3 14
3 16
3 17
4 6
4 17
4 18
6 7
6 10
6 18
6 19
6 20
7 10
10 11
10 20
10 21
10 22
11 22
11 12
13 23
13 15
14 16
14 15
14 24
14 25
16 17
16 26
16 27
16 25
16 28
17 26
17 18
26 18
26 29
26 30
26 27
18 19
18 31
18 29
19 20
19 32
19 31
20 21
20 32
21 22
21 33
21 34
21 35
21 32
22 12
22 33
12 33
12 36
33 34
33 36
33 37
33 38
34 35
34 38
35 32
35 38
35 39
35 40
32 31
32 40
32 41
31 29
31 41
29 30
29 41
29 42
30 27
30 42
30 43
30 44
27 44
27 28
27 45
36 37
36 46
37 38
37 47
37 46
38 48
38 39
38 46
38 49
48 39
48 50
48 49
48 51
39 40
39 50
40 50
40 41
50 41
50 51
50 52
50 53
41 42
41 54
41 53
41 55
42 54
42 43
42 56
54 55
54 56
43 44
43 57
43 56
43 58
44 45
44 57
44 59
23 15
23 60
23 61
23 62
15 24
15 60
15 63
24 25
24 63
24 64
25 28
25 64
28 45
28 64
28 65
45 59
45 65
45 66
57 59
57 58
57 67
59 66
59 68
59 67
60 62
60 63
60 69
61 62
61 70
61 71
62 70
62 72
62 69
70 72
70 73
70 74
70 71
72 69
72 75
72 73
63 64
63 76
63 69
64 65
64 76
65 66
65 68
65 77
65 76
66 68
68 78
68 67
68 79
68 80
68 77
78 67
78 81
78 79
78 80
47 46
46 49
49 51
51 52
52 82
52 53
82 53
53 55
55 56
56 58
58 67
67 81
81 83
81 79
83 79
79 84
79 80
84 80
80 77
77 76
76 69
69 75
75 73
73 74
74 71
