615 1171
0 1
2 3
4 5
6 7
8 9
10 11
12 13
14 15
16 17
18 19
20 21
22 23
24 25
26 27
28 29
30 31
32 33
34 35
36 37
38 39
40 41
42 43
44 45
46 47
45 22
48 49
50 51
52 53
26 54
55 56
57 0
58 59
60 61
62 63
64 65
66 67
68 69
70 71
72 73
74 75
33 76
77 78
79 80
81 82
15 83
84 85
86 6
18 87
88 89
90 91
92 93
94 95
96 60
97 98
99 100
101 102
103 104
105 106
25 107
41 108
109 110
111 112
113 70
114 115
116 117
118 59
119 120
85 63
121 122
123 124
125 126
127 67
128 129
130 131
115 132
133 134
135 111
136 137
138 139
140 141
142 74
143 144
145 146
147 148
149 150
151 152
153 154
155 156
157 57
158 159
160 83
161 162
163 40
164 165
166 167
168 169
170 171
114 172
173 174
175 60
22 111
8 20
176 177
178 179
180 181
182 2
112 183
184 185
186 187
188 189
190 10
130 191
192 193
194 195
196 197
198 199
200 101
201 202
203 204
205 206
184 207
208 209
139 210
211 212
213 214
215 216
217 218
219 220
221 26
222 223
224 225
226 227
228 229
230 231
232 233
234 70
235 236
213 86
237 27
238 239
84 62
240 33
241 242
15 230
11 243
244 238
245 246
114 247
248 138
249 250
251 54
252 253
107 254
255 256
257 22
258 259
260 152
261 262
263 264
265 266
267 184
109 268
269 270
271 272
21 230
273 274
275 276
277 116
278 159
279 3
280 281
282 283
177 284
285 286
229 278
287 65
201 288
289 119
290 291
292 286
293 294
295 296
297 6
298 299
300 301
302 303
304 174
305 151
94 306
307 308
309 175
310 311
297 153
143 301
55 77
312 313
314 103
83 315
316 317
250 318
197 319
320 321
322 31
249 132
123 272
323 324
247 72
126 325
141 326
301 327
328 329
84 330
49 276
331 332
333 334
335 336
337 338
24 339
172 293
92 39
340 285
325 341
342 190
343 344
30 345
86 346
320 133
347 228
229 158
348 349
350 351
352 327
65 35
353 311
354 15
355 356
357 358
359 360
77 18
361 277
338 362
238 363
364 223
264 365
125 366
367 240
56 78
216 368
343 369
370 16
371 372
373 190
374 375
120 197
51 195
289 376
377 305
378 379
380 203
381 180
382 383
119 196
242 384
68 12
170 290
226 335
366 325
151 385
386 387
388 64
389 316
372 283
390 302
227 347
391 392
169 393
8 21
93 267
171 291
299 244
394 395
308 245
396 342
100 176
145 397
121 398
173 371
34 263
332 83
399 400
401 402
403 104
231 25
404 405
133 406
355 354
131 407
408 409
410 411
412 173
150 84
106 368
413 292
225 269
308 414
6 415
12 343
416 417
418 240
193 182
104 40
419 420
324 421
422 304
336 423
220 313
424 425
251 32
117 253
406 426
365 427
428 373
154 46
429 364
168 327
66 27
430 65
183 97
3 431
402 432
433 434
435 430
240 298
436 437
438 403
294 439
337 431
440 320
441 138
325 345
442 443
425 42
444 175
445 166
139 176
446 447
51 448
193 237
95 390
235 407
422 307
185 150
449 45
166 19
280 162
450 451
23 452
453 454
455 456
108 457
375 29
85 157
115 72
458 184
150 89
172 459
217 389
221 251
366 30
460 260
461 462
255 423
110 463
276 106
254 123
464 465
31 374
129 466
467 468
469 470
445 78
75 471
153 46
334 172
392 472
13 113
252 16
473 37
474 475
448 323
330 157
303 338
476 400
477 277
478 198
237 404
479 255
416 480
311 441
142 481
411 417
57 358
414 482
456 194
393 265
346 7
483 475
239 453
464 484
108 485
197 486
487 108
274 90
329 121
189 319
464 488
489 382
256 294
47 131
490 310
137 329
491 433
482 208
492 467
417 49
493 49
418 32
494 218
442 491
485 155
209 448
495 440
124 353
210 262
480 282
496 173
53 497
317 322
498 271
304 499
371 282
205 57
365 500
501 477
232 502
208 503
4 320
475 504
505 506
414 225
492 507
307 499
508 52
175 332
141 509
372 309
80 220
78 19
176 510
503 511
80 312
500 496
171 512
344 217
254 234
406 291
387 513
258 125
514 147
47 386
179 515
143 168
442 436
91 516
146 397
200 517
518 278
376 188
373 519
122 134
345 489
246 456
233 280
131 507
463 399
517 219
520 205
202 426
521 522
41 485
39 523
524 148
267 149
525 421
526 87
501 298
368 14
527 412
149 88
287 435
130 492
528 529
286 99
211 144
405 67
245 530
471 480
507 531
306 532
497 461
307 533
207 534
454 535
536 514
426 537
534 461
378 428
25 538
81 539
540 511
541 135
116 252
441 542
543 544
545 546
547 467
37 548
549 502
550 551
526 288
282 552
539 226
259 248
553 519
40 487
138 554
511 340
447 387
107 272
19 186
111 379
170 39
28 429
259 126
425 330
463 476
446 513
312 555
344 556
458 93
465 418
313 557
558 478
192 476
144 348
326 246
236 36
274 558
400 2
529 363
127 488
34 485
253 257
283 356
7 550
317 30
559 79
433 48
542 139
315 560
329 5
561 129
531 450
562 350
563 444
136 328
276 215
146 316
87 564
72 401
264 159
396 360
481 411
114 334
547 468
368 20
260 214
9 339
3 55
565 566
122 201
52 438
508 314
163 468
356 160
491 409
532 302
567 568
105 469
504 509
352 94
470 69
190 569
294 559
405 55
570 258
362 18
478 0
571 266
563 309
385 572
573 289
574 241
43 357
401 575
576 454
269 503
577 578
144 169
322 521
92 573
52 579
439 562
580 118
369 494
374 28
533 245
367 501
496 581
110 192
293 582
402 181
553 97
341 489
50 194
440 321
531 536
476 182
355 215
157 357
461 424
477 513
351 555
146 322
503 292
315 498
212 178
135 378
453 452
462 583
512 523
411 493
570 353
14 21
432 584
413 545
102 469
342 527
458 585
586 324
489 28
484 567
207 185
147 541
53 534
425 274
231 560
9 12
234 124
587 199
87 186
142 158
574 588
417 215
497 438
191 492
319 589
333 479
429 222
542 100
284 232
338 398
452 535
29 364
581 371
239 576
281 466
590 145
482 591
564 187
318 584
569 11
140 533
481 74
561 281
302 337
473 536
381 402
582 391
389 125
410 416
502 561
345 374
188 88
552 355
223 161
303 121
354 160
569 483
427 592
295 232
568 477
343 13
54 593
398 201
452 183
552 356
341 261
360 500
387 235
179 571
448 586
5 133
594 293
221 66
488 418
595 359
310 285
317 366
558 91
263 278
127 221
177 295
408 493
236 277
379 373
376 120
465 567
248 596
216 354
167 574
515 577
384 386
306 390
597 445
438 435
191 547
350 312
127 597
45 135
182 404
399 532
544 203
377 574
434 275
148 598
420 399
572 599
132 73
434 101
47 235
130 46
296 233
208 413
472 351
494 590
593 76
538 113
9 24
272 540
600 219
7 601
10 422
370 244
590 218
334 594
495 577
602 59
281 603
79 350
183 565
604 300
153 415
459 164
459 247
44 257
155 595
510 284
86 506
394 580
256 436
347 336
164 391
516 1
605 249
393 136
513 236
112 553
349 571
246 50
409 433
437 517
247 165
174 563
171 523
556 71
533 326
363 576
535 565
311 248
514 449
241 447
216 14
449 541
523 93
573 267
261 382
97 566
530 50
348 393
567 606
600 102
326 455
270 511
181 584
445 484
98 483
105 20
423 443
502 128
522 375
488 251
499 563
546 525
85 486
607 510
309 331
508 579
596 554
107 560
359 365
159 427
231 315
226 82
253 17
422 140
166 377
487 524
212 348
233 561
510 544
608 396
609 23
361 252
424 462
582 439
308 224
479 594
486 589
519 98
550 601
390 137
36 116
299 528
571 495
134 406
349 265
424 273
382 429
123 490
74 410
398 526
199 181
284 549
595 264
137 303
297 572
497 81
536 548
597 56
610 443
154 386
163 451
346 585
275 106
443 409
606 446
243 141
602 352
493 48
224 444
35 263
579 403
100 607
591 51
358 1
549 204
162 603
383 296
450 514
556 217
218 316
104 430
583 333
575 432
202 460
605 198
414 530
11 140
610 408
467 531
412 304
427 75
81 462
134 202
118 301
444 96
592 471
603 611
288 564
384 447
34 595
369 69
305 187
592 581
458 551
389 71
545 323
158 75
109 419
551 53
96 270
377 186
415 314
287 388
149 376
204 128
336 610
544 549
403 435
609 453
35 518
612 608
602 419
59 327
296 613
585 550
95 136
436 559
491 437
564 260
58 268
8 68
400 279
331 160
32 593
579 103
420 306
437 79
419 463
98 474
499 224
594 256
404 66
120 189
430 41
379 553
517 80
613 280
388 227
273 583
518 229
165 614
48 275
604 211
614 401
266 440
560 271
598 608
540 490
352 420
481 408
344 494
225 96
525 543
191 314
64 347
524 457
555 557
353 259
516 478
168 94
321 290
196 520
468 450
509 455
515 495
530 591
67 56
505 585
68 470
63 589
451 147
273 333
519 569
198 250
588 385
117 44
270 61
17 609
583 82
346 505
415 601
126 596
262 383
360 527
407 36
283 331
89 62
395 58
115 605
187 152
506 537
577 321
538 254
195 586
297 599
31 522
581 480
291 537
572 242
227 335
614 381
562 472
288 460
23 112
460 426
541 598
24 230
328 4
335 255
520 486
285 441
596 341
286 542
38 170
206 587
323 525
101 105
148 612
431 362
604 143
60 498
70 570
459 582
407 473
543 380
591 209
527 496
332 498
421 380
339 538
423 442
501 361
548 44
61 540
265 328
16 238
431 77
490 340
613 161
42 90
33 299
512 505
483 243
210 177
465 367
554 210
484 167
214 506
482 269
200 600
524 451
38 578
2 405
607 543
169 95
588 242
330 43
413 99
71 258
151 213
466 611
546 607
507 473
124 310
580 300
608 428
257 609
99 546
558 605
599 384
601 508
178 349
163 487
103 547
551 207
174 372
82 479
548 449
554 261
339 13
287 539
262 295
532 279
457 155
602 268
76 528
395 118
185 534
416 552
228 142
199 318
598 378
156 359
539 388
279 337
244 529
213 385
209 545
152 214
167 606
556 113
428 342
37 117
266 4
383 222
243 504
73 575
154 599
234 570
410 471
222 613
64 518
500 592
271 61
397 521
457 612
612 156
5 122
597 464
606 241
298 370
10 412
439 392
568 446
305 588
156 396
512 537
340 292
361 370
559 562
228 610
17 239
206 0
200 434
578 290
566 474
587 180
362 526
367 568
