292 958
0 1
0 2
0 3
1 2
1 3
1 4
2 3
2 4
3 4
3 5
3 6
4 5
4 6
4 7
5 6
5 8
5 9
6 7
6 8
6 9
7 8
7 10
8 9
8 10
8 11
8 12
9 11
9 12
9 13
10 11
10 14
10 15
11 12
11 16
11 14
11 15
11 17
11 18
12 13
12 16
12 19
13 16
13 19
16 19
16 20
16 21
16 17
16 18
16 22
19 20
19 21
19 22
20 21
20 23
20 22
20 24
21 23
21 25
21 26
21 24
23 25
23 26
23 22
23 24
23 27
23 28
23 29
25 26
25 27
25 28
25 29
26 27
26 28
26 29
26 30
26 31
26 32
26 33
14 15
14 34
15 17
15 34
15 35
15 36
17 18
17 34
17 35
17 36
17 37
18 22
18 37
18 38
22 24
22 38
22 39
24 27
24 38
24 39
27 28
27 29
27 39
27 40
28 29
28 39
28 40
28 41
29 30
29 42
29 41
30 31
30 42
30 43
30 32
30 44
31 43
31 32
42 43
42 41
42 45
42 46
42 47
43 32
43 48
43 45
43 47
43 49
43 50
32 33
32 44
32 48
32 51
33 44
33 51
44 51
48 51
48 52
48 50
48 53
51 52
51 50
51 53
52 53
52 54
34 35
34 55
34 56
34 57
35 36
35 57
36 37
36 57
36 58
37 38
37 59
37 57
37 58
37 60
38 39
38 59
38 40
39 40
59 40
59 58
59 61
59 60
59 62
59 63
40 41
40 61
40 63
41 45
41 61
41 63
45 46
45 47
45 61
45 63
45 64
46 47
46 63
46 64
46 65
47 66
47 49
47 67
47 68
47 65
47 69
66 49
66 67
66 68
49 50
49 67
49 68
49 70
50 53
50 71
50 67
50 68
50 70
53 71
53 54
71 54
71 70
71 72
71 73
71 74
54 70
54 72
54 73
54 74
55 56
55 75
56 57
56 75
56 76
56 77
57 58
57 77
57 78
58 60
58 77
58 78
58 79
61 62
61 63
60 62
60 78
60 79
60 80
60 81
60 82
62 63
62 81
63 64
63 81
63 82
64 65
64 82
67 68
67 70
67 72
67 83
68 65
68 69
68 83
68 84
70 72
72 83
72 73
72 85
65 82
65 84
65 86
65 87
69 83
69 88
69 85
69 84
83 88
83 85
73 74
73 85
73 89
74 90
74 91
74 89
90 91
90 92
90 89
90 93
90 94
91 92
92 95
92 94
92 96
95 96
95 97
75 76
75 98
76 77
76 99
76 98
77 78
77 99
78 79
78 99
78 100
78 101
78 102
79 80
79 81
79 100
79 103
79 104
79 105
80 81
80 82
80 103
80 106
80 104
80 105
80 107
81 82
81 106
82 86
82 106
82 107
88 85
88 84
88 108
88 109
85 89
85 93
85 109
89 93
84 87
84 108
84 110
84 111
84 112
86 87
86 106
86 110
86 113
86 114
87 110
87 111
87 112
93 94
93 109
93 115
93 116
94 96
94 116
94 117
94 118
96 97
96 118
96 119
97 119
97 120
99 100
99 121
99 101
99 98
100 102
100 103
100 104
121 101
121 98
121 122
121 123
121 124
101 102
101 124
102 103
102 104
102 124
102 125
102 126
98 122
98 127
103 104
103 105
103 126
103 128
106 107
106 113
106 114
104 105
104 125
104 126
104 128
104 129
105 107
105 128
107 113
107 128
107 130
107 131
108 109
108 111
108 112
109 112
109 115
109 116
109 117
110 111
110 112
110 114
110 132
111 112
111 132
111 133
112 115
112 132
112 133
112 134
112 135
112 136
113 114
113 131
113 132
113 137
114 132
115 116
115 117
115 136
115 138
116 117
116 136
117 118
117 136
117 138
118 119
118 136
118 138
119 120
119 138
119 139
119 140
120 139
120 140
122 123
122 124
122 127
122 141
123 124
123 125
123 127
123 141
123 142
124 125
124 142
125 126
125 142
125 143
125 144
126 129
126 143
126 144
126 145
126 146
127 141
127 147
127 148
127 149
128 129
128 130
129 130
129 145
129 150
129 151
130 131
130 151
131 137
131 151
131 152
132 133
132 134
132 137
132 153
133 134
133 135
133 153
134 135
134 153
134 154
134 155
134 156
135 136
135 154
136 138
136 157
136 154
137 152
137 153
137 158
138 140
138 157
139 140
140 157
140 154
140 155
141 142
141 143
141 148
141 149
141 159
142 143
142 148
142 149
142 160
142 159
143 149
143 144
143 160
143 159
147 148
147 161
147 162
147 163
147 164
148 149
148 160
148 159
148 161
148 163
148 164
148 165
149 160
149 159
149 164
149 165
149 166
144 145
144 146
144 160
144 159
144 167
144 168
145 146
145 150
145 168
146 150
146 168
146 169
150 151
150 169
150 170
150 171
151 152
151 171
152 153
152 158
152 171
152 172
153 155
153 156
153 173
153 158
153 172
157 154
154 155
155 156
156 173
173 158
158 172
160 159
159 166
159 167
159 174
159 175
159 176
161 162
161 163
161 164
161 177
162 163
162 177
162 178
163 164
163 165
163 177
163 178
163 179
163 180
163 181
163 182
163 183
164 165
164 181
164 182
165 166
165 181
165 182
165 183
166 174
166 183
166 184
167 168
167 175
167 176
167 185
168 169
168 176
168 185
169 170
169 185
170 171
170 186
170 187
170 185
170 188
170 189
171 172
171 186
172 186
172 190
186 190
186 187
186 191
190 187
190 191
187 191
187 188
187 189
187 192
191 192
174 175
174 184
174 193
174 194
174 195
175 176
175 193
175 196
176 185
176 196
177 178
177 197
177 198
178 179
178 180
178 181
178 182
178 197
178 198
178 199
178 200
178 201
179 180
179 181
179 182
179 201
179 202
180 181
180 182
180 199
180 200
180 201
180 203
180 204
181 182
181 183
181 201
182 183
182 184
182 202
182 205
183 184
183 202
184 193
184 194
184 195
184 202
184 205
184 206
193 196
193 207
193 195
193 208
185 196
185 188
196 188
196 209
196 207
188 189
188 209
188 210
188 207
188 211
189 192
189 210
192 210
209 210
209 207
209 211
210 211
207 211
207 208
211 208
194 195
194 206
194 212
194 213
194 214
195 208
195 213
197 198
198 199
198 200
198 215
198 216
199 200
199 215
199 216
199 217
200 203
200 217
200 218
201 202
201 203
201 204
201 205
202 204
202 205
202 206
203 204
203 218
203 219
203 220
204 205
204 220
204 221
204 222
205 206
205 221
206 212
206 221
206 223
208 213
212 213
212 221
212 223
212 214
213 214
215 216
215 224
215 225
215 226
215 227
216 217
216 224
216 225
216 228
216 229
217 218
217 228
217 229
218 219
218 229
219 220
219 229
219 230
219 222
219 231
220 221
220 222
221 223
221 214
221 222
223 214
223 222
223 232
223 233
214 232
214 233
224 225
224 226
224 227
224 234
225 228
225 227
225 235
225 231
225 236
228 229
228 235
228 231
229 230
229 231
229 237
230 238
230 222
230 231
230 237
230 239
238 222
238 232
238 240
238 239
238 241
222 232
222 240
232 233
232 240
233 240
233 242
240 242
240 239
240 241
240 243
242 241
242 243
242 244
226 227
226 234
226 245
226 246
226 247
227 235
227 234
227 245
227 236
235 231
235 236
235 248
235 249
231 237
231 248
237 239
237 248
237 250
237 251
239 241
239 250
239 251
241 243
241 251
241 252
243 244
243 251
243 252
243 253
243 254
244 253
244 254
234 245
234 246
234 247
245 236
245 247
245 255
245 249
245 256
236 248
236 255
236 249
248 250
248 249
248 257
248 258
250 251
250 252
250 258
250 259
251 252
251 259
252 253
252 259
252 260
252 261
253 254
253 261
253 262
254 262
246 247
246 263
246 256
247 255
247 263
247 256
255 249
255 264
255 257
255 256
249 264
249 257
264 257
264 256
264 265
264 266
257 258
257 266
257 267
258 259
258 267
258 268
258 269
259 260
259 268
260 261
260 268
260 270
260 271
261 262
263 256
263 265
256 265
256 266
265 266
265 272
266 267
266 272
267 268
267 269
267 272
267 273
268 270
268 269
270 269
270 271
269 273
269 274
269 271
272 273
273 274
273 275
273 276
274 271
274 277
274 278
274 279
274 275
274 276
271 277
271 278
277 278
277 279
277 275
278 279
278 275
279 275
279 280
279 276
275 280
275 276
280 276
280 281
276 281
276 282
276 283
281 282
281 283
281 284
282 283
282 284
283 284
283 285
284 285
284 286
285 286
285 287
285 288
286 287
286 288
286 289
287 288
287 289
287 290
288 289
288 291
288 290
289 291
289 290
291 290
