220 1399
0 1
2 3
2 4
2 5
2 6
2 7
2 8
9 3
9 10
9 11
12 2
12 13
12 14
12 15
12 16
12 17
12 6
12 18
19 20
19 21
19 13
19 22
19 12
19 23
19 24
19 25
19 26
19 27
19 28
19 29
19 30
19 31
19 32
19 33
19 34
19 35
19 36
19 37
19 16
19 38
19 17
19 39
19 40
19 41
19 42
19 43
19 44
19 45
19 46
19 47
19 48
19 49
19 6
19 18
19 50
19 51
52 53
52 54
52 55
52 56
52 57
52 58
52 59
52 60
52 61
52 62
52 63
64 50
64 65
64 17
64 6
64 15
64 51
61 55
61 66
67 24
18 3
18 16
68 3
68 69
68 30
68 70
68 49
68 71
68 61
72 73
72 74
72 75
72 6
76 43
76 20
76 77
76 56
76 6
76 50
69 3
69 30
69 70
69 49
69 34
69 61
78 79
78 49
78 80
78 51
81 16
81 17
81 6
81 7
81 15
82 83
82 0
82 84
82 85
82 86
82 1
31 87
31 81
31 58
31 35
31 88
31 89
90 47
90 13
90 16
90 4
90 17
90 63
90 70
90 71
90 6
90 15
91 16
91 6
91 51
91 18
34 92
34 16
34 17
34 49
34 6
34 51
93 3
93 94
93 95
93 78
93 88
93 96
93 97
93 64
93 81
93 24
98 96
98 16
98 13
98 17
98 99
98 6
98 100
98 18
101 47
101 35
101 102
101 51
103 3
103 104
103 77
103 105
103 47
103 39
103 106
88 73
88 107
88 108
88 15
88 16
88 17
88 109
88 97
88 6
88 51
110 6
111 105
111 61
111 51
112 17
112 16
112 113
112 47
40 79
40 38
40 6
40 15
40 18
114 47
114 91
114 6
114 51
89 3
89 87
89 13
89 47
89 58
86 83
86 84
86 115
86 85
86 61
86 108
86 1
11 116
11 117
11 57
11 15
11 47
11 6
11 118
11 119
11 61
11 50
11 120
121 13
74 75
122 47
122 73
122 69
122 16
122 17
122 15
122 63
122 23
123 80
123 42
96 16
96 80
96 67
124 6
124 18
119 47
50 79
50 57
50 125
50 118
50 119
50 6
50 67
50 42
120 3
120 61
116 126
116 118
116 48
116 57
116 50
127 93
127 17
127 16
127 77
127 13
127 50
127 88
127 14
127 107
127 63
127 89
127 23
127 47
87 17
87 58
87 47
20 40
20 64
20 61
20 67
20 24
20 78
20 81
20 82
20 90
20 91
20 34
20 88
20 110
20 58
20 128
20 12
20 114
20 89
20 86
20 11
20 122
20 96
20 50
20 129
20 127
20 130
20 131
20 132
20 107
20 71
20 23
20 25
20 133
20 134
20 113
20 135
20 136
20 28
20 137
20 16
20 138
20 139
20 140
20 141
20 42
20 142
20 143
20 46
20 144
20 6
20 145
20 14
20 146
20 108
20 15
20 147
20 5
20 27
20 75
20 79
20 148
20 17
20 126
20 70
20 149
20 106
20 43
20 8
20 45
20 47
20 150
20 97
20 18
20 151
20 152
20 73
20 13
20 22
20 153
20 154
20 3
20 33
20 155
20 37
20 156
20 77
20 157
20 158
20 117
20 118
20 7
20 159
20 120
20 160
20 112
20 161
20 26
20 48
20 49
20 162
20 57
20 163
130 47
130 69
130 164
130 39
130 23
30 49
30 92
30 61
131 47
131 77
131 16
131 4
131 17
131 59
131 49
131 90
131 71
131 6
131 92
132 48
132 46
132 98
136 124
136 12
136 18
136 6
136 51
151 93
151 3
151 165
151 107
71 3
71 4
71 16
71 49
71 163
71 34
71 166
71 51
23 13
23 12
23 133
23 167
23 26
23 29
23 91
23 35
23 37
23 156
23 16
23 168
23 17
23 70
23 40
23 42
23 117
23 47
23 124
23 48
23 97
23 6
23 51
25 116
25 145
25 73
25 13
25 169
25 14
25 146
25 170
25 151
25 67
25 23
25 24
25 144
25 15
25 156
25 171
25 172
25 43
25 54
25 37
25 173
25 77
25 16
25 17
25 112
25 12
25 114
25 140
25 89
25 159
25 47
25 153
25 123
25 96
25 49
25 6
25 50
174 4
174 175
174 51
174 142
133 16
133 13
133 6
37 3
37 6
37 18
37 51
156 16
156 144
156 59
156 176
156 107
156 6
156 67
156 51
156 15
113 129
113 2
113 71
113 80
113 24
113 78
113 92
113 4
113 123
113 96
113 49
113 6
172 3
32 1
32 177
32 84
32 178
32 113
32 82
32 126
32 48
32 85
32 60
32 64
32 61
32 62
32 108
32 86
32 6
32 167
32 154
179 30
179 47
179 13
179 172
179 49
179 34
179 133
179 166
179 92
135 96
135 126
135 86
166 6
10 36
10 72
10 104
10 174
10 73
10 13
10 167
10 154
28 47
28 69
28 16
28 157
28 22
28 17
28 39
28 70
28 90
28 33
28 34
28 61
28 140
28 92
28 15
28 68
137 180
137 3
137 134
137 173
137 5
137 138
137 51
137 181
137 98
137 104
38 46
38 136
38 37
38 124
38 94
38 16
38 113
38 22
38 47
38 12
38 48
38 91
38 18
165 55
165 13
165 169
165 111
60 108
139 8
139 73
139 75
139 2
139 6
62 51
140 2
140 71
140 69
140 30
140 33
140 34
140 166
140 92
140 179
140 157
140 59
140 49
140 6
140 51
140 18
158 36
158 126
158 182
158 125
158 51
141 57
141 15
141 98
141 93
141 183
141 158
141 120
141 94
141 95
141 184
141 74
141 123
141 96
141 150
141 63
42 16
42 96
42 6
185 25
185 2
185 47
185 43
185 137
186 25
186 43
186 83
186 124
186 84
186 82
186 126
186 32
186 85
186 86
186 1
143 13
118 119
118 15
65 108
46 16
46 17
46 6
46 15
46 42
46 18
144 3
144 17
144 6
144 24
187 94
109 125
109 97
109 8
77 13
77 52
77 80
77 29
77 81
77 98
77 136
77 156
77 56
77 88
77 59
77 12
77 89
77 124
77 48
77 97
77 6
77 51
99 3
99 6
99 51
6 24
6 79
6 16
6 180
188 129
188 28
188 2
188 113
188 4
188 96
188 49
188 90
188 33
188 138
188 71
188 159
188 154
189 136
189 20
189 106
189 56
189 156
189 4
189 59
189 124
189 128
189 77
189 35
189 154
189 23
189 181
189 51
1 84
1 47
1 126
1 85
145 21
145 171
145 113
145 159
145 138
145 6
145 190
145 188
145 123
145 80
145 42
145 154
191 91
191 60
191 114
191 175
192 128
192 150
192 141
193 174
193 21
193 2
193 113
193 4
193 22
193 194
193 78
193 188
193 15
193 171
193 154
146 13
85 84
195 53
195 196
195 13
195 178
195 149
15 24
15 79
41 93
41 94
41 158
147 17
147 6
177 197
164 13
27 47
27 28
27 73
27 191
27 16
27 22
27 17
27 63
27 70
27 90
27 39
27 34
27 6
27 188
27 23
27 33
104 174
104 53
104 2
104 184
104 66
104 172
104 99
104 165
104 71
104 89
104 100
104 68
104 51
198 13
198 78
199 47
199 86
171 129
171 51
171 113
171 123
171 78
171 154
171 159
171 24
200 191
201 43
201 186
201 120
201 69
201 14
201 146
201 176
201 141
201 98
35 87
35 64
35 107
35 71
35 99
35 24
35 174
35 37
35 78
35 30
35 49
35 91
35 34
35 62
35 202
35 77
35 92
35 136
35 156
35 105
35 56
35 88
35 58
35 59
35 104
35 114
35 140
35 158
35 106
35 171
35 142
35 180
35 111
35 4
35 47
35 48
35 97
35 63
35 100
35 51
63 2
63 71
63 174
63 70
63 42
63 4
63 47
63 57
63 51
138 3
138 21
138 113
138 157
138 171
138 178
138 123
138 80
138 42
100 3
100 2
100 69
100 49
100 147
100 51
203 47
56 111
56 73
56 6
56 13
56 47
56 63
56 59
56 12
56 51
56 80
56 163
59 73
59 13
59 64
59 80
59 113
59 81
59 34
59 88
59 111
59 12
59 180
59 46
59 4
59 47
59 124
59 48
59 51
59 163
17 49
17 79
17 16
17 42
17 4
17 6
126 65
126 125
126 84
70 16
70 17
70 34
70 61
70 15
70 166
149 134
149 46
149 88
149 47
149 48
149 97
149 61
149 89
157 17
157 179
157 34
157 113
157 123
157 172
157 49
157 71
157 6
157 67
157 166
157 92
106 13
106 52
106 107
106 80
106 113
106 77
106 56
106 88
106 59
106 12
106 180
106 181
106 46
106 124
106 48
106 97
106 51
43 13
43 14
43 204
43 197
43 67
43 23
43 24
43 72
43 15
43 172
43 34
43 144
43 73
43 5
43 37
43 16
43 105
43 63
43 12
43 114
43 140
43 89
43 171
43 47
43 57
43 184
43 166
43 96
43 49
43 6
83 84
83 85
83 1
44 18
44 205
44 38
8 142
94 18
45 47
45 16
45 17
45 63
45 6
184 3
184 47
184 6
184 8
66 3
66 55
47 2
47 13
47 163
47 182
47 79
47 30
47 194
47 166
47 16
47 17
47 180
47 42
47 70
47 144
47 6
47 18
47 51
150 183
97 16
97 17
97 6
97 51
206 2
51 24
51 30
51 49
51 202
51 92
51 142
51 180
51 4
51 6
160 126
107 73
107 13
107 14
107 24
107 78
107 81
107 75
107 91
107 34
107 79
107 16
107 126
107 12
107 114
107 42
107 4
107 144
107 124
107 48
107 97
107 51
21 129
21 4
21 113
21 78
21 96
21 49
21 123
21 24
73 13
73 12
73 61
73 15
73 24
73 78
73 81
73 75
73 79
73 105
73 99
73 70
73 46
73 47
73 6
207 47
207 175
13 15
13 3
13 166
13 7
13 6
22 47
22 33
22 16
22 4
22 17
22 70
22 90
22 91
22 49
22 63
22 18
153 47
153 202
153 15
208 141
128 94
128 96
128 141
161 73
161 147
161 174
161 102
161 104
161 75
161 179
161 35
161 72
161 77
161 105
161 88
161 59
161 139
161 106
161 141
161 142
161 47
161 162
161 6
161 51
196 3
196 55
196 5
196 150
196 98
209 93
209 72
209 100
209 196
209 201
209 16
209 105
209 150
209 17
209 195
209 132
209 178
209 63
209 35
209 74
209 141
209 98
209 51
154 129
154 13
154 113
154 59
154 78
154 75
154 6
154 123
154 159
154 24
102 53
102 202
102 56
102 59
102 90
102 107
102 195
102 133
33 73
33 61
33 69
33 81
33 90
33 2
33 179
33 16
33 17
33 70
33 42
33 46
33 47
33 6
148 136
148 16
148 173
148 73
148 124
148 128
148 137
148 15
54 18
134 17
134 73
134 16
134 88
134 47
134 35
134 18
134 106
134 51
173 117
173 3
173 153
173 13
173 105
173 47
173 6
173 180
173 12
173 67
105 97
105 18
105 6
105 24
105 51
190 21
190 113
190 78
190 159
190 138
190 123
190 80
190 24
210 93
210 77
210 17
210 59
210 35
210 106
210 51
115 91
168 17
168 6
168 16
117 116
117 47
117 16
117 73
117 38
117 17
117 118
117 18
117 6
117 50
117 15
117 63
117 24
39 47
39 69
39 100
39 49
39 30
39 70
39 179
39 92
39 34
39 61
39 140
39 166
39 68
211 2
211 64
211 131
211 71
211 24
211 174
211 27
211 78
211 81
211 33
211 34
211 157
211 88
211 39
211 70
211 140
211 44
211 184
211 4
211 205
211 97
211 6
211 188
211 163
212 134
212 156
212 137
212 20
212 124
212 61
212 15
212 6
178 53
178 62
178 202
178 15
178 98
213 3
213 127
213 104
213 100
213 78
213 47
213 162
213 64
213 35
159 3
159 21
159 46
159 113
159 123
159 80
159 42
36 47
53 3
214 55
58 47
58 63
58 99
58 51
181 6
181 143
215 57
4 16
4 194
4 6
216 47
216 125
216 108
216 60
217 43
217 137
217 51
217 35
26 3
26 104
26 6
48 84
48 194
48 15
48 17
48 6
48 51
48 18
49 92
49 16
49 6
162 3
162 73
162 16
162 47
162 6
162 61
162 15
218 179
218 157
218 30
218 39
218 34
218 140
218 166
218 92
57 47
57 24
219 198
219 22
219 71
219 6
219 211
219 69
219 20
219 113
219 33
219 34
219 35
219 166
219 92
219 179
219 39
219 70
219 140
219 47
219 49
219 218
219 63
219 51
163 16
163 6
