3377 10461
0 1
0 2
3 4
3 5
3 1
6 4
6 5
6 1
7 8
7 9
10 9
10 8
11 12
11 13
14 12
14 13
15 16
15 17
15 18
15 19
15 20
21 4
21 5
21 2
22 4
22 5
22 2
23 24
23 25
23 26
27 24
27 25
27 26
28 29
28 30
28 31
32 30
32 29
32 31
33 34
33 35
33 36
37 34
37 36
37 35
38 24
38 25
38 26
39 24
39 25
39 26
40 29
40 31
40 30
41 30
41 31
41 29
42 43
42 44
42 45
42 46
42 47
48 49
48 12
48 50
48 51
48 52
53 49
53 12
53 50
53 51
53 52
54 49
54 52
54 50
54 51
54 12
55 49
55 52
55 50
55 51
55 12
56 49
56 52
56 50
56 51
56 12
57 49
57 52
57 50
57 51
57 12
58 49
58 12
58 50
58 51
58 52
59 49
59 12
59 50
59 51
59 52
60 61
60 62
63 49
63 52
63 50
63 51
63 12
64 49
64 52
64 50
64 51
64 12
65 61
65 62
66 67
66 68
66 69
70 67
70 68
70 69
71 72
71 73
71 74
75 72
75 73
75 74
76 72
76 73
76 74
77 72
77 73
77 74
78 79
78 80
78 81
82 79
82 80
82 81
83 67
83 68
83 69
84 67
84 68
84 69
85 86
85 87
85 88
89 90
89 91
92 93
92 94
92 95
96 97
96 98
96 99
100 97
100 101
100 102
103 97
103 102
103 101
104 97
104 98
104 99
105 106
105 107
108 97
108 101
108 102
109 90
109 91
110 106
110 107
111 112
111 62
111 113
111 114
115 112
115 114
115 62
116 117
116 118
116 119
120 113
120 118
120 114
120 119
121 118
121 62
121 113
121 122
123 118
123 114
123 113
123 122
123 62
124 112
124 122
124 119
125 112
125 122
125 114
125 119
126 112
126 122
126 114
126 117
127 112
127 114
127 113
128 129
130 131
132 133
134 135
136 137
138 139
140 141
142 143
144 145
146 147
148 149
148 150
148 151
148 152
148 153
154 149
154 151
154 150
154 152
154 153
155 156
155 157
155 158
155 159
155 160
161 157
161 162
161 160
161 163
164 157
164 158
164 165
164 160
166 157
166 158
166 165
167 157
167 159
167 163
168 157
168 159
168 165
168 163
169 156
169 157
169 165
169 163
170 157
170 160
170 165
171 156
171 157
171 160
171 165
172 158
172 157
172 163
173 174
173 175
173 176
177 178
177 152
179 34
179 180
179 107
179 181
179 182
183 184
183 185
183 186
187 188
187 184
187 186
189 190
189 186
189 191
192 188
192 185
192 186
192 193
194 184
194 186
194 191
194 193
195 188
195 190
195 186
195 196
195 193
197 190
197 186
197 185
198 190
198 186
198 185
198 193
199 44
199 200
199 201
199 202
203 49
203 44
203 201
203 202
204 205
204 5
204 206
204 1
204 12
207 8
207 208
207 5
207 206
209 12
209 5
209 206
209 210
211 12
211 5
211 210
212 8
212 205
212 5
213 8
213 5
213 210
214 205
214 210
214 206
214 5
215 12
215 208
215 5
216 8
216 217
216 218
216 219
216 220
221 222
221 223
221 224
221 225
226 227
226 228
226 224
229 230
229 223
229 228
229 224
229 225
231 227
231 223
231 232
231 224
233 222
233 223
233 228
233 224
234 222
234 228
234 224
235 230
235 227
235 224
236 227
236 222
236 230
236 224
237 227
237 222
237 224
237 225
238 222
238 223
238 224
239 240
239 241
239 242
239 243
244 240
244 245
244 241
244 242
244 243
246 247
246 243
246 248
249 245
249 241
249 247
249 243
250 240
250 245
250 251
250 248
252 245
252 241
252 251
253 240
253 247
253 251
254 240
254 245
254 247
254 251
255 245
255 241
255 242
255 251
256 245
256 242
256 251
257 208
257 258
257 259
260 208
260 258
260 259
261 262
261 263
261 264
265 263
265 262
265 264
266 263
266 262
266 264
267 262
267 263
267 264
268 269
268 270
268 271
272 269
272 270
272 271
273 269
273 270
273 271
274 269
274 270
274 271
275 8
275 217
275 218
275 220
275 219
276 277
276 278
276 5
276 279
276 280
281 277
281 278
281 279
281 5
281 280
282 283
282 284
282 285
286 284
286 283
286 285
287 98
287 288
287 289
287 88
287 290
291 240
291 122
291 292
293 240
293 122
293 292
294 240
294 122
294 292
295 240
295 122
295 292
296 245
296 114
296 297
298 245
298 114
298 297
299 245
299 114
299 297
300 245
300 114
300 297
301 302
301 241
301 113
303 113
303 241
303 302
304 305
304 306
304 307
308 305
308 306
308 307
309 310
309 305
309 311
312 311
312 305
312 310
313 314
313 315
316 314
316 315
317 310
317 305
317 311
318 311
318 305
318 310
319 149
319 151
319 150
319 152
319 153
320 321
320 322
323 321
323 322
324 325
324 326
324 327
328 149
328 151
328 150
328 152
328 153
329 149
329 150
329 151
329 152
329 153
330 331
330 332
330 333
330 334
330 335
336 332
336 331
336 333
336 334
336 335
337 332
337 331
337 333
337 334
337 335
338 331
338 335
338 333
338 334
338 332
339 340
339 341
339 342
339 343
339 344
345 340
345 341
345 342
345 343
345 344
346 347
346 348
346 349
346 315
346 350
351 348
351 347
351 349
351 315
351 350
352 347
352 348
352 349
352 315
352 350
353 348
353 347
353 349
353 315
353 350
354 347
354 348
354 349
354 315
354 350
355 348
355 347
355 349
355 315
355 350
356 61
356 357
356 306
356 358
356 359
360 348
360 347
360 349
360 315
360 350
361 61
361 357
361 306
361 358
361 359
362 61
362 357
362 306
362 358
362 359
363 16
363 17
363 18
363 19
363 20
364 16
364 17
364 18
364 19
364 20
365 16
365 17
365 18
365 19
365 20
366 16
366 17
366 18
366 19
366 20
367 16
367 17
367 18
367 19
367 20
368 16
368 17
368 18
368 19
368 20
369 16
369 17
369 18
369 19
369 20
370 16
370 17
370 18
370 19
370 20
371 16
371 17
371 18
371 19
371 20
372 16
372 17
372 18
372 19
372 20
373 374
373 332
373 178
373 375
373 343
376 377
376 290
376 378
379 380
379 25
379 381
382 377
382 378
382 290
383 377
383 378
383 290
384 385
384 386
384 387
388 385
388 386
388 387
389 385
389 387
389 386
390 381
390 25
390 380
391 34
391 36
391 35
392 29
392 393
392 394
395 396
397 29
397 393
397 394
398 399
398 400
398 401
402 399
402 401
402 400
403 381
403 25
403 380
404 380
404 25
404 381
405 8
405 406
405 407
405 408
405 409
410 8
410 406
410 407
410 408
410 409
411 408
411 406
411 407
411 409
411 8
412 408
412 8
412 407
412 409
412 406
413 408
413 406
413 407
413 409
413 8
414 408
414 8
414 407
414 409
414 406
415 8
415 406
415 407
415 408
415 409
416 8
416 406
416 407
416 408
416 409
417 8
417 406
417 407
417 408
417 409
418 8
418 406
418 407
418 408
418 409
419 420
419 421
419 422
423 420
423 421
423 422
424 420
424 421
424 422
425 420
425 421
425 422
426 427
426 428
426 429
430 431
430 432
430 433
430 434
430 435
436 427
436 428
436 429
437 427
437 428
437 429
438 79
438 80
438 81
439 79
439 80
439 81
440 245
440 441
440 442
443 444
443 445
443 446
443 447
448 447
448 445
448 446
448 444
449 245
449 441
449 442
450 444
450 445
450 446
450 447
451 447
451 445
451 446
451 444
452 444
452 445
452 446
452 447
453 447
453 445
453 446
453 444
454 455
454 456
454 94
454 457
458 455
458 94
458 457
458 456
459 94
459 456
459 455
459 457
460 455
460 94
460 457
460 456
461 462
461 463
461 464
461 465
461 176
466 230
466 106
466 467
466 159
466 468
469 241
469 470
469 471
472 462
472 463
472 464
472 465
472 176
473 86
473 474
473 87
475 476
475 262
475 284
475 477
478 86
478 87
478 88
479 474
479 88
480 230
480 106
480 467
480 468
480 159
481 462
481 465
481 464
481 463
481 176
482 230
482 106
482 467
482 159
482 468
483 241
483 471
483 470
484 122
484 62
484 119
484 114
485 119
485 122
485 114
485 113
486 122
486 62
486 119
486 114
487 117
487 62
487 119
488 347
488 489
488 307
490 491
490 492
490 493
490 307
494 311
494 493
494 307
495 311
495 492
495 307
496 222
496 232
496 224
497 462
497 463
497 464
497 465
497 176
498 499
498 500
498 501
502 113
502 118
502 114
502 119
503 117
503 118
503 114
503 122
504 462
504 463
504 464
504 465
504 176
505 506
505 174
505 335
507 508
507 509
507 219
510 506
510 174
510 335
511 264
512 285
513 514
515 516
517 518
519 520
521 522
523 524
525 526
527 270
528 529
528 325
528 463
528 530
528 531
532 431
532 533
532 534
532 535
532 174
536 431
536 432
536 433
536 434
536 435
537 157
537 162
537 165
538 156
538 157
538 162
539 476
539 358
539 477
540 476
540 358
540 477
541 476
541 349
541 358
541 542
543 349
543 542
543 477
544 349
544 542
544 477
545 476
545 349
545 358
545 542
546 476
546 349
546 358
546 542
547 476
547 349
547 358
547 542
548 431
548 533
548 174
548 535
548 534
549 311
549 118
549 550
549 551
549 552
553 554
553 530
553 152
555 533
555 174
555 534
555 535
555 431
556 347
556 557
556 62
556 558
556 559
560 347
560 557
560 62
560 558
560 559
561 17
561 562
561 563
561 2
561 280
564 565
566 230
566 222
566 223
566 232
567 230
567 232
567 225
568 230
568 222
568 228
568 227
569 227
569 222
569 223
569 230
570 227
570 222
570 230
570 228
571 230
571 228
571 225
572 230
572 222
572 232
572 223
573 227
573 222
573 232
573 225
574 227
574 222
574 232
574 228
574 223
575 227
575 232
575 228
575 223
576 577
576 524
576 578
579 245
579 241
579 251
579 248
580 577
580 524
580 578
581 241
581 247
581 242
581 251
581 248
582 247
582 583
582 378
584 247
584 583
584 378
585 245
585 243
585 251
586 243
586 251
586 248
587 145
587 588
587 589
590 588
590 145
590 589
591 247
591 583
591 378
592 247
592 583
592 378
593 285
593 284
593 283
594 284
594 283
594 285
595 526
595 596
595 597
598 526
598 596
598 597
599 526
599 596
599 597
600 526
600 596
600 597
601 602
601 603
601 604
605 602
605 603
605 604
606 602
606 603
606 604
607 602
607 603
607 604
608 609
608 610
608 611
612 613
612 614
612 615
616 49
616 406
616 200
616 201
616 202
617 49
617 406
617 200
617 202
618 406
618 44
618 200
618 201
619 406
619 44
619 620
621 49
621 44
621 201
621 202
622 49
622 44
622 620
623 406
623 44
623 200
623 201
624 406
624 620
624 201
624 202
625 8
625 220
625 218
625 219
625 217
626 201
626 200
626 19
627 201
627 620
627 19
627 202
628 629
628 630
628 631
632 629
632 630
632 631
633 500
633 634
633 635
636 500
636 635
636 634
637 629
637 630
637 631
638 629
638 630
638 631
639 302
639 241
639 113
640 113
640 241
640 302
641 500
641 635
641 634
642 500
642 634
642 635
643 431
643 432
643 433
643 434
643 435
644 431
644 432
644 433
644 434
644 435
645 305
645 306
645 307
646 305
646 306
646 307
647 648
647 311
647 306
647 649
650 648
650 311
650 306
650 649
651 347
651 311
651 648
652 648
652 311
652 306
652 649
653 648
653 311
653 306
653 649
654 648
654 311
654 347
655 347
655 306
655 649
656 347
656 306
656 649
657 506
657 658
657 659
657 660
657 433
661 506
661 660
661 659
661 658
661 433
662 506
662 658
662 660
662 659
662 433
663 664
663 665
663 666
663 322
663 311
667 347
667 348
667 349
667 315
667 350
668 348
668 347
668 349
668 315
668 350
669 347
669 348
669 349
669 315
669 350
670 348
670 347
670 349
670 315
670 350
671 347
671 348
671 349
671 315
671 350
672 348
672 347
672 349
672 315
672 350
673 347
673 348
673 349
673 315
673 350
674 348
674 347
674 349
674 315
674 350
675 347
675 348
675 349
675 315
675 350
676 217
676 278
676 19
677 678
677 679
677 680
681 678
681 679
681 680
682 683
682 684
682 685
686 520
686 455
686 225
687 683
687 684
687 685
688 683
688 684
688 685
689 690
689 691
689 692
693 690
693 691
693 692
694 690
694 691
694 692
695 690
695 691
695 692
696 697
696 698
696 660
696 174
696 699
700 697
700 698
700 660
700 174
700 699
701 697
701 698
701 660
701 699
701 174
702 697
702 698
702 660
702 699
702 174
703 529
703 462
703 704
705 529
705 462
705 704
706 697
706 698
706 660
706 174
706 699
707 697
707 698
707 660
707 174
707 699
708 697
708 698
708 660
708 699
708 174
709 697
709 698
709 660
709 699
709 174
710 711
712 5
712 713
712 714
712 19
712 715
716 5
716 713
716 714
716 19
716 715
717 8
717 406
717 407
717 408
717 409
718 8
718 406
718 407
718 408
718 409
719 408
719 8
719 407
719 409
719 406
720 408
720 406
720 407
720 409
720 8
721 408
721 8
721 407
721 409
721 406
722 408
722 406
722 407
722 409
722 8
723 713
723 5
723 714
723 19
723 715
724 713
724 5
724 714
724 19
724 715
725 457
726 445
727 728
727 500
727 729
730 728
730 731
730 729
732 455
732 94
732 457
732 456
733 456
733 94
733 455
733 457
734 735
736 737
738 86
738 24
738 739
738 99
738 740
741 86
741 24
741 739
741 99
741 740
742 455
742 94
742 457
742 456
743 456
743 94
743 455
743 457
744 86
744 24
744 739
744 99
744 740
745 86
745 24
745 739
745 99
745 740
746 86
746 24
746 739
746 99
746 740
747 86
747 24
747 739
747 99
747 740
748 613
748 614
748 615
749 431
749 432
749 433
749 434
749 435
750 751
750 752
750 753
754 751
754 752
754 753
755 751
755 752
755 753
756 751
756 752
756 753
757 758
757 499
757 698
759 499
759 758
759 698
760 698
760 499
760 758
761 698
761 758
761 499
762 763
762 31
762 90
762 764
762 102
765 763
765 31
765 90
765 764
765 102
766 763
766 31
766 90
766 764
766 102
767 763
767 31
767 90
767 764
767 102
768 34
768 180
768 107
768 181
768 182
769 34
769 180
769 107
769 181
769 182
770 34
770 180
770 107
770 181
770 182
771 34
771 180
771 107
771 181
771 182
772 763
772 31
772 90
772 764
772 102
773 763
773 31
773 90
773 764
773 102
774 431
774 432
774 433
774 434
774 435
775 776
777 778
779 780
779 162
779 781
779 782
779 102
783 780
783 162
783 781
783 782
783 102
784 158
784 785
784 786
784 182
784 787
788 158
788 785
788 786
788 182
788 787
789 158
789 785
789 786
789 182
789 787
790 158
790 785
790 786
790 182
790 787
791 780
791 162
791 781
791 782
791 102
792 158
792 785
792 786
792 182
792 787
793 158
793 785
793 786
793 182
793 787
794 158
794 785
794 786
794 182
794 787
795 796
795 797
795 798
799 476
799 800
799 801
802 476
802 800
802 801
803 800
803 666
803 542
804 800
804 666
804 542
805 800
805 476
805 801
806 800
806 476
806 801
807 800
807 666
807 542
808 800
808 666
808 542
809 230
809 106
809 467
809 159
809 468
810 230
810 106
810 467
810 159
810 468
811 230
811 106
811 467
811 468
811 159
812 230
812 106
812 467
812 468
812 159
813 230
813 106
813 467
813 159
813 468
814 230
814 106
814 467
814 159
814 468
815 230
815 106
815 467
815 468
815 159
816 230
816 106
816 467
816 468
816 159
817 462
817 465
817 464
817 463
817 176
818 230
818 106
818 467
818 468
818 159
819 230
819 106
819 467
819 468
819 159
820 506
820 341
820 174
820 152
821 822
821 823
821 434
824 822
824 823
824 434
825 826
827 25
827 828
827 251
829 25
829 828
829 251
830 29
830 831
830 243
832 29
832 243
832 831
833 29
833 831
833 243
834 29
834 243
834 831
835 242
835 35
835 258
836 35
836 258
836 242
837 242
837 35
837 258
838 258
838 242
838 35
839 840
839 406
841 840
841 406
842 49
842 843
844 49
844 843
845 227
845 447
845 518
846 227
846 447
846 518
847 217
847 44
847 19
848 217
848 44
848 19
849 520
849 455
849 225
850 520
850 455
850 225
851 520
851 455
851 225
852 853
852 193
852 854
855 853
855 193
855 854
856 853
856 193
856 854
857 853
857 193
857 854
858 8
858 217
858 218
858 219
858 220
859 860
859 322
859 359
861 862
861 322
861 863
861 359
864 860
864 865
864 863
864 866
867 865
867 862
867 863
868 865
868 866
868 359
869 865
869 359
869 863
869 866
870 865
870 315
870 862
870 863
871 865
871 315
871 863
872 860
872 865
872 315
872 862
872 359
873 865
873 322
873 862
873 866
874 8
874 218
874 220
874 219
874 217
875 876
875 307
875 877
875 878
875 112
879 506
879 658
879 660
879 659
879 433
880 876
880 878
880 877
880 307
880 112
881 277
881 278
881 5
881 279
881 280
882 277
882 278
882 5
882 279
882 280
883 884
883 885
883 143
886 884
886 885
886 143
887 888
887 889
887 141
890 888
890 141
890 889
891 888
891 141
891 889
892 888
892 889
892 141
893 894
893 895
893 896
897 894
897 895
897 896
898 894
898 895
898 896
899 894
899 895
899 896
900 876
900 307
900 877
900 878
900 112
901 876
901 112
901 877
901 307
901 878
902 877
902 876
902 307
902 878
902 112
903 877
903 876
903 878
903 307
903 112
904 112
904 307
904 877
904 878
904 876
905 876
905 112
905 877
905 307
905 878
906 374
906 332
906 178
906 375
906 343
907 374
907 332
907 178
907 375
907 343
908 877
908 112
908 307
908 878
908 876
909 877
909 112
909 878
909 307
909 876
910 8
910 217
910 218
910 220
910 219
911 431
911 432
911 433
911 434
911 435
912 431
912 432
912 433
912 434
912 435
913 690
913 914
913 915
916 690
916 914
916 915
917 918
917 919
917 387
920 919
920 918
920 387
921 683
921 922
921 610
923 683
923 922
923 610
924 690
924 914
924 915
925 690
925 914
925 915
926 34
926 180
926 107
926 181
926 182
927 431
927 432
927 433
927 434
927 435
928 919
928 918
928 387
929 918
929 919
929 387
930 34
930 180
930 107
930 181
930 182
931 932
931 933
931 934
935 932
935 933
935 934
936 932
936 933
936 934
937 932
937 933
937 934
938 939
938 509
938 940
941 939
941 509
941 940
942 939
942 509
942 940
943 939
943 509
943 940
944 945
944 946
944 947
948 945
948 946
948 947
949 325
949 431
950 325
950 326
950 327
951 332
951 659
952 332
952 659
953 554
953 530
953 152
954 554
954 530
954 152
955 431
955 326
955 327
956 431
956 326
956 327
957 150
957 344
958 150
958 344
959 8
959 217
959 218
959 219
959 220
960 34
960 180
960 107
960 181
960 182
961 506
961 341
961 174
961 152
962 9
962 963
962 964
962 965
962 966
967 968
967 969
967 970
971 968
971 969
971 970
972 968
972 969
972 970
973 968
973 969
973 970
974 975
974 976
974 977
978 975
978 976
978 977
979 975
979 976
979 977
980 975
980 976
980 977
981 678
981 679
981 680
982 678
982 679
982 680
983 697
983 698
983 660
983 699
983 174
984 697
984 698
984 660
984 699
984 174
985 697
985 698
985 660
985 699
985 174
986 697
986 698
986 660
986 699
986 174
987 697
987 698
987 660
987 174
987 699
988 697
988 698
988 660
988 174
988 699
989 697
989 698
989 660
989 174
989 699
990 697
990 698
990 660
990 174
990 699
991 992
991 993
991 342
991 752
991 335
994 992
994 993
994 342
994 752
994 335
995 996
995 997
995 44
995 998
995 1
999 713
999 5
999 714
999 19
999 715
1000 713
1000 5
1000 714
1000 19
1000 715
1001 5
1001 713
1001 714
1001 19
1001 715
1002 5
1002 713
1002 714
1002 19
1002 715
1003 713
1003 5
1003 714
1003 19
1003 715
1004 462
1004 463
1004 464
1004 465
1004 176
1005 5
1005 713
1005 714
1005 19
1005 715
1006 5
1006 713
1006 714
1006 19
1006 715
1007 713
1007 5
1007 714
1007 19
1007 715
1008 713
1008 5
1008 714
1008 19
1008 715
1009 1010
1009 737
1009 933
1009 729
1011 737
1011 729
1011 933
1011 1010
1012 1010
1012 737
1012 933
1012 729
1013 737
1013 729
1013 933
1013 1010
1014 1010
1014 737
1014 933
1014 729
1015 737
1015 729
1015 933
1015 1010
1016 1010
1016 737
1016 933
1016 729
1017 737
1017 729
1017 933
1017 1010
1018 86
1018 24
1018 739
1018 99
1018 740
1019 86
1019 24
1019 739
1019 99
1019 740
1020 86
1020 24
1020 739
1020 99
1020 740
1021 86
1021 24
1021 739
1021 99
1021 740
1022 86
1022 24
1022 739
1022 99
1022 740
1023 86
1023 24
1023 739
1023 99
1023 740
1024 1025
1024 1026
1024 1027
1024 1028
1029 1030
1029 1027
1029 1025
1029 1028
1031 776
1031 1032
1031 658
1033 1032
1033 776
1033 658
1034 776
1034 1032
1034 658
1035 1032
1035 776
1035 658
1036 1037
1036 464
1036 1038
1039 1038
1039 464
1039 1037
1040 1037
1040 464
1040 1038
1041 1038
1041 464
1041 1037
1042 613
1042 614
1042 615
1043 613
1043 614
1043 615
1044 763
1044 31
1044 90
1044 764
1044 102
1045 763
1045 31
1045 90
1045 764
1045 102
1046 763
1046 31
1046 90
1046 764
1046 102
1047 763
1047 31
1047 90
1047 764
1047 102
1048 763
1048 31
1048 90
1048 764
1048 102
1049 763
1049 31
1049 90
1049 764
1049 102
1050 763
1050 31
1050 90
1050 764
1050 102
1051 763
1051 31
1051 90
1051 764
1051 102
1052 763
1052 31
1052 90
1052 764
1052 102
1053 763
1053 31
1053 90
1053 764
1053 102
1054 158
1054 785
1054 786
1054 182
1054 787
1055 158
1055 785
1055 786
1055 182
1055 787
1056 158
1056 785
1056 786
1056 182
1056 787
1057 158
1057 785
1057 786
1057 182
1057 787
1058 1059
1058 98
1058 1060
1058 159
1058 95
1061 158
1061 785
1061 786
1061 182
1061 787
1062 158
1062 785
1062 786
1062 182
1062 787
1063 158
1063 785
1063 786
1063 182
1063 787
1064 158
1064 785
1064 786
1064 182
1064 787
1065 158
1065 785
1065 786
1065 182
1065 787
1066 421
1067 79
1067 1068
1069 684
1070 1071
1072 796
1073 1074
1075 823
1076 1077
1078 1079
1080 1081
1082 1083
1084 554
1084 530
1084 152
1085 61
1085 357
1085 306
1085 358
1085 359
1086 61
1086 357
1086 306
1086 358
1086 359
1087 61
1087 357
1087 306
1087 358
1087 359
1088 112
1088 1089
1088 665
1090 112
1090 1089
1090 665
1091 119
1091 1089
1092 112
1092 119
1092 665
1093 112
1093 119
1093 665
1094 118
1094 350
1095 118
1095 350
1096 1097
1096 158
1096 228
1096 1098
1096 91
1099 1097
1099 158
1099 228
1099 1098
1099 91
1100 1097
1100 158
1100 228
1100 1098
1100 91
1101 1097
1101 158
1101 228
1101 1098
1101 91
1102 1097
1102 228
1102 91
1102 158
1102 1098
1103 1097
1103 158
1103 91
1103 228
1103 1098
1104 1097
1104 228
1104 91
1104 158
1104 1098
1105 1097
1105 158
1105 91
1105 228
1105 1098
1106 1097
1106 158
1106 228
1106 1098
1106 91
1107 1097
1107 158
1107 228
1107 1098
1107 91
1108 311
1108 665
1108 666
1108 322
1108 664
1109 664
1109 665
1109 666
1109 322
1109 311
1110 176
1110 530
1110 174
1111 311
1111 665
1111 666
1111 322
1111 664
1112 664
1112 666
1112 311
1112 322
1112 665
1113 1114
1113 558
1113 1115
1116 311
1116 665
1116 666
1116 322
1116 664
1117 664
1117 665
1117 666
1117 322
1117 311
1118 311
1118 665
1118 666
1118 322
1118 664
1119 174
1119 530
1119 176
1120 664
1120 665
1120 666
1120 322
1120 311
1121 374
1121 332
1121 178
1121 375
1121 343
1122 1123
1122 1124
1122 878
1125 506
1125 341
1125 174
1125 152
1126 311
1126 666
1126 664
1126 322
1126 665
1127 664
1127 666
1127 311
1127 322
1127 665
1128 1129
1128 157
1128 99
1128 1130
1128 1131
1132 1133
1132 1134
1132 1135
1132 47
1136 964
1136 1134
1136 1133
1137 446
1137 1138
1137 1139
1140 446
1140 1138
1140 1139
1141 1129
1141 157
1141 99
1141 1130
1141 1131
1142 25
1142 828
1142 251
1143 25
1143 828
1143 251
1144 94
1144 399
1144 1145
1146 94
1146 399
1146 1145
1147 1145
1147 399
1147 94
1148 1145
1148 399
1148 94
1149 446
1149 1138
1149 1139
1150 446
1150 1138
1150 1139
1151 223
1151 514
1151 1010
1152 223
1152 514
1152 1010
1153 223
1153 514
1153 1010
1154 223
1154 514
1154 1010
1155 1156
1155 222
1155 516
1157 1156
1157 222
1157 516
1158 1156
1158 222
1158 516
1159 1156
1159 222
1159 516
1160 227
1160 447
1160 518
1161 227
1161 447
1161 518
1162 1133
1162 1134
1162 1135
1162 47
1163 865
1163 322
1163 863
1164 860
1164 865
1164 322
1165 865
1165 315
1165 866
1166 860
1166 862
1166 865
1166 863
1167 1168
1167 1169
1167 174
1167 335
1170 1171
1170 174
1170 335
1172 1168
1172 1169
1172 174
1172 335
1173 1168
1173 1169
1173 174
1173 1174
1175 1174
1175 1169
1175 174
1175 152
1176 1168
1176 1169
1176 1171
1176 152
1177 1178
1177 1179
1177 1180
1181 1180
1181 1179
1181 1178
1182 129
1182 1183
1182 1184
1185 129
1185 1184
1185 1183
1186 884
1186 885
1186 143
1187 884
1187 885
1187 143
1188 1180
1188 1179
1188 1178
1189 1180
1189 1178
1189 1179
1190 129
1190 1184
1190 1183
1191 129
1191 1183
1191 1184
1192 374
1192 1193
1192 342
1194 374
1194 660
1194 1193
1194 435
1195 176
1195 1196
1195 175
1197 175
1197 1196
1197 176
1198 174
1198 1196
1199 175
1199 174
1199 176
1200 374
1200 660
1200 1193
1200 435
1201 374
1201 1193
1201 342
1202 660
1202 342
1202 435
1203 660
1203 342
1203 435
1204 427
1204 648
1204 62
1204 321
1204 477
1205 648
1205 427
1205 62
1205 321
1205 477
1206 427
1206 648
1206 62
1206 321
1206 477
1207 476
1207 314
1207 119
1207 422
1207 649
1208 427
1208 648
1208 62
1208 321
1208 477
1209 648
1209 427
1209 62
1209 321
1209 477
1210 427
1210 648
1210 62
1210 321
1210 477
1211 648
1211 427
1211 62
1211 321
1211 477
1212 427
1212 648
1212 62
1212 321
1212 477
1213 648
1213 427
1213 62
1213 321
1213 477
1214 678
1214 1215
1214 1216
1217 678
1217 1215
1217 1216
1218 678
1218 1215
1218 1216
1219 678
1219 1215
1219 1216
1220 975
1220 1221
1220 1222
1223 975
1223 1221
1223 1222
1224 975
1224 1221
1224 1222
1225 975
1225 1221
1225 1222
1226 683
1226 922
1226 610
1227 683
1227 922
1227 610
1228 1229
1228 1230
1228 969
1231 1229
1231 1230
1231 969
1232 1233
1232 1234
1232 1235
1236 1233
1236 1234
1236 1235
1237 1233
1237 1234
1237 1235
1238 1233
1238 1234
1238 1235
1239 945
1239 946
1239 947
1240 945
1240 946
1240 947
1241 800
1241 1242
1241 1089
1241 865
1241 307
1243 800
1243 865
1243 1089
1243 1242
1243 307
1244 1229
1244 1230
1244 969
1245 1229
1245 1230
1245 969
1246 1247
1246 1248
1246 1249
1246 315
1246 477
1250 1247
1250 1248
1250 1249
1250 315
1250 477
1251 1247
1251 1248
1251 1249
1251 315
1251 477
1252 1247
1252 1248
1252 1249
1252 315
1252 477
1253 1247
1253 1248
1253 477
1253 315
1253 1249
1254 1247
1254 1248
1254 477
1254 315
1254 1249
1255 1247
1255 1248
1255 477
1255 315
1255 1249
1256 1247
1256 1248
1256 477
1256 315
1256 1249
1257 1247
1257 477
1257 1248
1257 315
1257 1249
1258 315
1258 477
1258 1248
1258 1247
1258 1249
1259 208
1259 258
1259 259
1260 9
1260 963
1260 964
1260 965
1260 966
1261 9
1261 963
1261 964
1261 965
1261 966
1262 208
1262 258
1262 259
1263 9
1263 963
1263 964
1263 965
1263 966
1264 9
1264 963
1264 964
1264 965
1264 966
1265 1266
1265 1267
1265 13
1265 47
1265 1268
1269 1266
1269 47
1269 1267
1269 13
1269 1268
1270 9
1270 963
1270 964
1270 965
1270 966
1271 1272
1271 583
1271 205
1273 9
1273 963
1273 964
1273 965
1273 966
1274 9
1274 963
1274 964
1274 965
1274 966
1275 205
1275 583
1275 1272
1276 205
1276 583
1276 1272
1277 1278
1277 1279
1277 1280
1281 1272
1281 583
1281 205
1282 228
1282 1060
1283 145
1283 588
1283 589
1284 1097
1284 1235
1284 1285
1286 228
1286 1060
1287 1097
1287 1235
1287 1285
1288 1097
1288 1235
1288 1285
1289 1290
1289 467
1289 947
1291 588
1291 145
1291 589
1292 1290
1292 467
1292 947
1293 90
1293 1130
1293 782
1294 1295
1294 1131
1294 933
1296 1295
1296 1131
1296 933
1297 992
1297 993
1297 342
1297 752
1297 335
1298 992
1298 993
1298 342
1298 752
1298 335
1299 342
1299 993
1299 752
1299 992
1299 335
1300 993
1300 335
1300 752
1300 992
1300 342
1301 992
1301 993
1301 342
1301 752
1301 335
1302 992
1302 993
1302 342
1302 752
1302 335
1303 342
1303 993
1303 752
1303 992
1303 335
1304 993
1304 335
1304 752
1304 992
1304 342
1305 993
1305 752
1305 342
1305 992
1305 335
1306 993
1306 752
1306 342
1306 992
1306 335
1307 8
1307 12
1307 1308
1309 8
1309 43
1309 1308
1309 1
1310 8
1310 43
1310 1308
1310 1
1311 8
1311 12
1311 1308
1312 12
1312 43
1312 1
1313 12
1313 43
1313 1
1314 5
1314 713
1314 714
1314 19
1314 715
1315 5
1315 713
1315 714
1315 19
1315 715
1316 90
1316 1130
1316 782
1317 8
1317 43
1317 1308
1317 1
1318 8
1318 43
1318 1308
1318 1
1319 1156
1319 728
1319 939
1319 735
1320 728
1320 1156
1320 939
1320 735
1321 1156
1321 728
1321 939
1321 735
1322 728
1322 1156
1322 939
1322 735
1323 447
1323 445
1323 446
1323 444
1324 444
1324 445
1324 446
1324 447
1325 1156
1325 728
1325 939
1325 735
1326 728
1326 1156
1326 939
1326 735
1327 1328
1329 1156
1329 728
1329 939
1329 735
1330 728
1330 1156
1330 939
1330 735
1331 1332
1333 1334
1333 1335
1333 531
1336 277
1336 278
1336 5
1336 279
1336 280
1337 340
1337 1074
1337 611
1338 277
1338 278
1338 5
1338 279
1338 280
1339 340
1339 1074
1339 611
1340 340
1340 1074
1340 611
1341 1278
1341 1279
1341 1280
1342 1343
1342 610
1342 1344
1345 1278
1345 1279
1345 1280
1346 277
1346 278
1346 279
1346 5
1346 280
1347 98
1347 288
1347 290
1347 88
1347 289
1348 98
1348 288
1348 289
1348 88
1348 290
1349 98
1349 288
1349 290
1349 88
1349 289
1350 98
1350 288
1350 289
1350 88
1350 290
1351 98
1351 288
1351 290
1351 88
1351 289
1352 5
1352 278
1352 279
1352 280
1352 277
1353 98
1353 288
1353 290
1353 88
1353 289
1354 98
1354 288
1354 289
1354 88
1354 290
1355 34
1355 180
1355 107
1355 181
1355 182
1356 277
1356 278
1356 279
1356 5
1356 280
1357 374
1357 332
1357 178
1357 375
1357 343
1358 374
1358 332
1358 178
1358 375
1358 343
1359 374
1359 332
1359 178
1359 375
1359 343
1360 1361
1362 635
1363 1364
1365 374
1365 332
1365 178
1365 375
1365 343
1366 1367
1368 1369
1370 1180
1371 895
1372 374
1372 332
1372 178
1372 375
1372 343
1373 1374
1375 374
1375 332
1375 178
1375 375
1375 343
1376 374
1376 332
1376 178
1376 375
1376 343
1377 374
1377 332
1377 178
1377 375
1377 343
1378 377
1378 290
1378 378
1379 968
1379 232
1379 162
1379 87
1379 101
1380 968
1380 232
1380 162
1380 87
1380 101
1381 1097
1381 158
1381 91
1381 228
1381 1098
1382 1097
1382 228
1382 91
1382 158
1382 1098
1383 968
1383 232
1383 162
1383 87
1383 101
1384 968
1384 232
1384 162
1384 87
1384 101
1385 1097
1385 158
1385 228
1385 1098
1385 91
1386 1097
1386 158
1386 228
1386 1098
1386 91
1387 1097
1387 158
1387 91
1387 228
1387 1098
1388 1097
1388 228
1388 91
1388 158
1388 1098
1389 1390
1391 17
1391 1392
1391 964
1391 884
1391 47
1393 17
1393 1133
1393 1184
1393 1392
1394 17
1394 884
1394 1179
1394 1392
1395 17
1395 964
1395 1184
1396 17
1396 1184
1396 47
1397 17
1397 1179
1397 1184
1397 47
1398 1179
1398 17
1398 964
1398 1392
1399 964
1399 17
1399 1179
1400 17
1400 884
1400 1133
1401 17
1401 1179
1401 1133
1402 843
1402 1267
1402 1403
1402 1135
1402 1
1404 49
1404 1405
1404 964
1404 1308
1404 1344
1406 49
1406 1405
1406 964
1406 1308
1406 1344
1407 208
1407 5
1407 1
1408 208
1408 5
1408 1
1408 210
1409 188
1409 822
1409 68
1410 188
1410 822
1410 68
1411 8
1411 205
1411 208
1411 210
1412 1025
1412 1279
1412 81
1413 1279
1413 1025
1413 81
1414 8
1414 12
1414 208
1414 210
1414 206
1415 8
1415 205
1415 1
1416 1030
1416 72
1416 1335
1417 1030
1417 72
1417 1335
1418 1030
1418 72
1418 1335
1419 713
1419 5
1419 714
1419 19
1419 715
1420 1421
1420 220
1420 280
1422 86
1422 1423
1422 1424
1422 1425
1426 86
1426 107
1426 1427
1428 86
1428 1423
1428 107
1428 88
1428 1425
1429 86
1429 1423
1429 1427
1429 90
1430 86
1430 1423
1430 107
1430 1424
1431 86
1431 1424
1431 107
1432 86
1432 1427
1432 88
1433 86
1433 1424
1433 1427
1433 88
1434 86
1434 1424
1434 1427
1434 1425
1435 86
1435 1423
1435 1424
1436 133
1436 1437
1436 1438
1439 133
1439 1437
1439 1438
1440 133
1440 1437
1440 1438
1441 133
1441 1437
1441 1438
1442 131
1442 1443
1442 1392
1444 131
1444 1443
1444 1392
1445 131
1445 1443
1445 1392
1446 131
1446 1443
1446 1392
1447 1448
1447 135
1447 609
1449 609
1449 135
1449 1448
1450 1451
1450 1193
1450 1452
1453 1451
1453 1193
1453 1452
1454 1451
1454 660
1454 463
1455 1451
1455 660
1455 463
1456 374
1456 660
1456 1193
1456 435
1457 374
1457 660
1457 1193
1457 435
1458 1451
1458 660
1458 463
1459 1451
1459 660
1459 463
1460 1452
1460 1193
1460 1451
1461 1462
1461 1421
1461 965
1461 280
1463 1421
1463 965
1463 280
1464 1266
1464 1465
1464 1466
1467 476
1467 422
1467 119
1467 314
1467 649
1468 476
1468 314
1468 119
1468 649
1468 422
1469 476
1469 422
1469 119
1469 314
1469 649
1470 476
1470 314
1470 119
1470 649
1470 422
1471 476
1471 314
1471 119
1471 422
1471 649
1472 476
1472 649
1472 119
1472 314
1472 422
1473 476
1473 422
1473 119
1473 314
1473 649
1474 476
1474 314
1474 119
1474 649
1474 422
1475 476
1475 314
1475 119
1475 422
1475 649
1476 476
1476 649
1476 119
1476 314
1476 422
1477 399
1477 401
1477 400
1478 399
1478 400
1478 401
1479 462
1479 465
1479 464
1479 463
1479 176
1480 800
1480 865
1480 1089
1480 1242
1480 307
1481 800
1481 1242
1481 1089
1481 865
1481 307
1482 800
1482 1242
1482 1089
1482 865
1482 307
1483 800
1483 865
1483 1089
1483 1242
1483 307
1484 800
1484 865
1484 1089
1484 1242
1484 307
1485 800
1485 1242
1485 1089
1485 865
1485 307
1486 800
1486 1242
1486 1089
1486 865
1486 307
1487 800
1487 865
1487 1089
1487 1242
1487 307
1488 341
1488 152
1488 335
1489 506
1489 341
1489 174
1489 152
1490 800
1490 1242
1490 1089
1490 865
1490 307
1491 800
1491 865
1491 1089
1491 1242
1491 307
1492 315
1492 477
1492 1248
1492 1247
1492 1249
1493 1247
1493 477
1493 1248
1493 315
1493 1249
1494 315
1494 1249
1494 1248
1494 1247
1494 477
1495 1247
1495 1249
1495 1248
1495 315
1495 477
1496 315
1496 1249
1496 1248
1496 1247
1496 477
1497 1247
1497 1249
1497 1248
1497 315
1497 477
1498 1499
1498 1500
1498 542
1498 1501
1498 322
1502 1499
1502 1500
1502 542
1502 1501
1502 322
1503 1499
1503 542
1503 322
1503 1501
1503 1500
1504 1499
1504 542
1504 322
1504 1501
1504 1500
1505 1272
1506 1295
1506 1131
1506 933
1507 1295
1507 1131
1507 933
1508 1509
1508 446
1508 786
1510 1509
1510 446
1510 786
1511 1509
1511 446
1511 786
1512 1509
1512 446
1512 786
1513 939
1513 1514
1513 781
1515 939
1515 1514
1515 781
1516 939
1516 1514
1516 781
1517 939
1517 1514
1517 781
1518 704
1518 1193
1518 1519
1518 152
1518 615
1520 704
1520 1193
1520 1519
1520 152
1520 615
1521 1519
1521 1193
1521 704
1521 152
1521 615
1522 1519
1522 1193
1522 704
1522 152
1522 615
1523 615
1523 1193
1523 704
1523 152
1523 1519
1524 615
1524 1193
1524 704
1524 152
1524 1519
1525 992
1525 993
1525 342
1525 752
1525 335
1526 992
1526 993
1526 342
1526 752
1526 335
1527 993
1527 752
1527 342
1527 992
1527 335
1528 993
1528 752
1528 342
1528 992
1528 335
1529 5
1529 1
1529 20
1530 5
1530 1
1530 20
1531 8
1531 1532
1531 20
1533 8
1533 1532
1533 20
1534 5
1534 1
1534 20
1535 5
1535 1
1535 20
1536 8
1536 1532
1536 20
1537 8
1537 1532
1537 20
1538 965
1538 46
1539 965
1539 46
1540 1541
1540 1542
1540 1025
1543 1544
1543 1541
1543 1542
1545 1071
1545 375
1545 1546
1547 1071
1547 375
1547 1546
1548 1334
1548 1335
1548 531
1549 1334
1549 1335
1549 531
1550 822
1550 823
1550 434
1551 822
1551 823
1551 434
1552 1541
1552 1027
1552 1025
1552 1028
1553 1541
1553 1027
1553 1028
1554 1541
1554 1026
1554 1025
1555 1030
1555 1541
1555 1026
1555 1025
1556 1030
1556 1541
1556 1542
1556 1028
1557 1030
1557 1541
1557 1544
1557 1026
1557 1027
1558 1541
1558 1026
1558 1028
1559 1030
1559 1541
1559 1544
1559 1025
1560 1266
1560 1267
1560 47
1560 13
1560 1268
1561 1266
1561 47
1561 13
1561 1267
1561 1268
1562 1266
1562 47
1562 1267
1562 13
1562 1268
1563 1266
1563 1267
1563 13
1563 47
1563 1268
1564 1266
1564 1268
1564 1267
1564 13
1564 47
1565 1266
1565 1267
1565 13
1565 1268
1565 47
1566 1266
1566 1268
1566 1267
1566 13
1566 47
1567 1266
1567 1267
1567 13
1567 1268
1567 47
1568 1266
1568 1267
1568 47
1568 13
1568 1268
1569 1266
1569 47
1569 13
1569 1267
1569 1268
1570 975
1570 1541
1570 597
1571 975
1571 1541
1571 597
1572 1542
1572 969
1572 283
1573 1542
1573 283
1573 969
1574 190
1574 196
1574 191
1574 185
1575 185
1575 191
1575 193
1575 196
1576 975
1576 1541
1576 597
1577 975
1577 1541
1577 597
1578 34
1578 180
1578 107
1578 181
1578 182
1579 34
1579 180
1579 107
1579 181
1579 182
1580 190
1580 185
1580 191
1580 196
1581 190
1581 188
1581 196
1582 34
1582 180
1582 107
1582 181
1582 182
1583 34
1583 180
1583 107
1583 181
1583 182
1584 34
1584 180
1584 107
1584 181
1584 182
1585 34
1585 180
1585 107
1585 181
1585 182
1586 52
1586 1133
1587 997
1587 964
1588 1059
1588 98
1588 1060
1588 159
1588 95
1589 408
1589 17
1589 47
1590 1591
1592 1593
1594 1595
1596 52
1596 1133
1597 1514
1598 1290
1599 1285
1600 970
1601 679
1602 47
1602 715
1603 408
1603 17
1603 47
1604 408
1604 17
1604 715
1605 408
1605 17
1605 715
1606 840
1606 12
1606 1607
1606 965
1606 1134
1608 99
1608 1438
1608 102
1609 968
1609 87
1609 162
1609 232
1609 101
1610 968
1610 87
1610 162
1610 232
1610 101
1611 968
1611 232
1611 162
1611 87
1611 101
1612 968
1612 232
1612 162
1612 87
1612 101
1613 968
1613 232
1613 162
1613 87
1613 101
1614 968
1614 232
1614 162
1614 87
1614 101
1615 968
1615 87
1615 162
1615 232
1615 101
1616 968
1616 87
1616 162
1616 232
1616 101
1617 968
1617 87
1617 162
1617 232
1617 101
1618 968
1618 87
1618 162
1618 232
1618 101
1619 311
1619 492
1619 493
1619 489
1620 1392
1620 1179
1620 1133
1620 47
1621 884
1621 1133
1621 47
1622 964
1622 1184
1622 1179
1622 1133
1622 1392
1623 1184
1623 964
1623 1133
1623 1392
1624 1392
1624 1179
1624 1133
1624 47
1625 884
1625 1179
1625 1133
1625 1184
1626 1179
1626 964
1626 1184
1626 47
1627 884
1627 964
1627 47
1628 17
1628 1179
1628 1392
1629 17
1629 884
1629 1179
1629 1184
1630 840
1630 12
1630 1607
1630 965
1630 1134
1631 1632
1631 191
1631 1546
1633 1632
1633 191
1633 1546
1634 185
1634 1635
1634 798
1636 185
1636 1635
1636 798
1637 188
1637 822
1637 68
1638 188
1638 822
1638 68
1639 1632
1639 191
1639 1546
1640 1632
1640 191
1640 1546
1641 185
1641 1635
1641 798
1642 185
1642 1635
1642 798
1643 12
1643 208
1643 210
1643 1
1644 12
1644 1
1644 205
1645 332
1645 326
1645 578
1646 588
1646 326
1646 603
1646 1647
1648 588
1648 150
1648 326
1648 578
1649 588
1649 431
1649 332
1649 326
1649 603
1650 12
1650 208
1650 210
1650 1
1651 208
1651 210
1651 206
1651 1
1652 150
1652 326
1652 1647
1653 150
1653 326
1653 603
1654 149
1654 150
1654 151
1654 152
1654 153
1655 149
1655 151
1655 150
1655 152
1655 153
1656 862
1656 315
1656 322
1656 863
1656 866
1657 862
1657 315
1657 322
1657 866
1658 86
1658 1424
1658 90
1659 86
1659 90
1659 1425
1660 866
1660 315
1660 863
1660 359
1661 862
1661 359
1661 863
1661 866
1662 359
1662 315
1662 863
1662 866
1663 860
1663 315
1663 359
1664 862
1664 322
1664 863
1664 359
1665 860
1665 322
1665 863
1665 866
1666 1448
1666 135
1666 609
1667 609
1667 135
1667 1448
1668 1669
1668 1670
1668 1369
1671 1670
1671 1669
1671 1369
1672 1670
1672 1669
1672 1369
1673 1669
1673 1670
1673 1369
1674 1675
1674 1676
1674 1677
1678 1675
1678 1676
1678 1677
1679 1675
1679 1676
1679 1677
1680 1675
1680 1676
1680 1677
1681 1452
1681 150
1681 797
1681 175
1681 1682
1683 1452
1683 150
1683 797
1683 175
1683 1682
1684 1452
1684 150
1684 797
1684 175
1684 1682
1685 1452
1685 150
1685 797
1685 175
1685 1682
1686 1452
1686 150
1686 797
1686 175
1686 1682
1687 1452
1687 150
1687 797
1687 175
1687 1682
1688 1452
1688 150
1688 797
1688 175
1688 1682
1689 1452
1689 150
1689 797
1689 175
1689 1682
1690 529
1690 1451
1690 1691
1690 326
1690 1196
1692 529
1692 1451
1692 1691
1692 326
1692 1196
1693 506
1693 658
1693 660
1693 659
1693 433
1694 29
1694 393
1694 394
1695 29
1695 393
1695 394
1696 506
1696 658
1696 660
1696 659
1696 433
1697 35
1697 1698
1697 1699
1700 35
1700 1698
1700 1699
1701 35
1701 1698
1701 1699
1702 35
1702 1698
1702 1699
1703 1704
1703 1465
1703 378
1705 1465
1705 378
1705 1704
1706 1465
1706 1704
1706 378
1707 1704
1707 1465
1707 378
1708 340
1708 341
1708 342
1708 343
1708 344
1709 876
1709 865
1709 359
1710 559
1710 1711
1710 322
1710 359
1712 559
1712 1711
1712 322
1712 359
1713 315
1713 322
1713 559
1714 359
1714 1711
1714 322
1714 559
1715 359
1715 1711
1715 322
1715 559
1716 315
1716 322
1716 559
1717 1711
1717 315
1717 359
1718 315
1718 1711
1718 359
1719 800
1719 865
1719 1089
1719 1242
1719 307
1720 476
1720 1721
1720 67
1720 1722
1720 359
1723 476
1723 1721
1723 67
1723 1722
1723 359
1724 476
1724 1721
1724 67
1724 1722
1724 359
1725 476
1725 1721
1725 67
1725 1722
1725 359
1726 476
1726 1721
1726 67
1726 1722
1726 359
1727 476
1727 1721
1727 67
1727 1722
1727 359
1728 112
1728 119
1728 1729
1730 112
1730 119
1730 1729
1731 118
1731 1500
1731 1729
1732 118
1732 1500
1732 1729
1733 550
1733 877
1733 801
1734 550
1734 877
1734 801
1735 1736
1735 1711
1735 306
1735 119
1735 1737
1738 306
1738 1711
1738 1737
1738 119
1738 1736
1739 476
1739 550
1739 801
1740 557
1740 542
1741 476
1741 877
1742 476
1742 550
1742 801
1743 1736
1743 119
1743 306
1743 1711
1743 1737
1744 306
1744 119
1744 1737
1744 1711
1744 1736
1745 1746
1745 1747
1745 326
1745 176
1745 1748
1749 1746
1749 1747
1749 326
1749 176
1749 1748
1750 1746
1750 1747
1750 326
1750 176
1750 1748
1751 149
1751 150
1751 151
1751 152
1751 153
1752 1746
1752 1747
1752 326
1752 176
1752 1748
1753 1746
1753 1747
1753 326
1753 176
1753 1748
1754 1746
1754 1747
1754 326
1754 176
1754 1748
1755 1746
1755 1747
1755 326
1755 176
1755 1748
1756 1746
1756 1747
1756 326
1756 176
1756 1748
1757 1746
1757 1747
1757 326
1757 176
1757 1748
1758 43
1758 44
1758 45
1758 46
1758 47
1759 44
1759 43
1759 45
1759 46
1759 47
1760 1761
1760 18
1760 280
1762 1267
1762 18
1763 43
1763 44
1763 45
1763 46
1763 47
1764 1761
1764 18
1764 280
1765 1405
1765 220
1766 1405
1766 220
1767 1761
1767 1267
1767 280
1768 1761
1768 1267
1768 280
1769 1770
1771 1772
1773 629
1774 1775
1776 297
1777 302
1778 1779
1780 292
1781 1676
1782 1783
1784 1785
1784 1786
1784 915
1787 1785
1787 1786
1787 915
1788 1785
1788 1786
1788 915
1789 1785
1789 1786
1789 915
1790 918
1790 16
1790 1791
1792 1541
1792 1544
1792 1025
1792 1028
1793 1030
1793 1541
1793 1025
1794 1542
1794 1544
1794 1027
1795 1030
1795 1542
1795 1025
1795 1027
1796 1030
1796 1542
1796 1026
1796 1028
1797 1030
1797 1542
1797 1026
1797 1025
1797 1028
1798 1544
1798 1542
1798 1025
1798 1028
1799 1030
1799 1542
1799 1025
1799 1027
1800 1544
1800 1026
1800 1027
1801 1027
1801 1026
1801 1025
1801 1028
1802 1803
1802 865
1802 1729
1802 801
1802 1804
1805 1803
1805 865
1805 1729
1805 801
1805 1804
1806 1803
1806 865
1806 1729
1806 801
1806 1804
1807 1499
1807 1501
1807 1500
1807 542
1807 322
1808 1499
1808 1501
1808 1500
1808 542
1808 322
1809 1803
1809 865
1809 1729
1809 801
1809 1804
1810 8
1810 217
1810 218
1810 219
1810 220
1811 1803
1811 865
1811 1729
1811 801
1811 1804
1812 1803
1812 865
1812 1729
1812 801
1812 1804
1813 94
1813 93
1813 95
1814 1027
1814 271
1814 947
1815 271
1815 1027
1815 947
1816 1027
1816 271
1816 947
1817 271
1817 1027
1817 947
1818 263
1818 1235
1818 1026
1819 1235
1819 263
1819 1026
1820 1235
1820 263
1820 1026
1821 263
1821 1235
1821 1026
1822 1542
1822 969
1822 283
1823 1542
1823 283
1823 969
1824 230
1824 232
1824 288
1824 181
1825 230
1825 288
1825 232
1825 181
1826 230
1826 224
1826 740
1827 230
1827 224
1827 740
1828 232
1828 764
1828 740
1829 232
1829 764
1829 740
1830 93
1830 94
1830 95
1831 158
1831 159
1831 1832
1833 158
1833 159
1833 1832
1834 97
1834 474
1834 157
1834 224
1834 977
1835 97
1835 474
1835 157
1835 224
1835 977
1836 97
1836 474
1836 157
1836 224
1836 977
1837 97
1837 474
1837 157
1837 224
1837 977
1838 97
1838 474
1838 157
1838 224
1838 977
1839 97
1839 474
1839 157
1839 224
1839 977
1840 97
1840 474
1840 157
1840 224
1840 977
1841 97
1841 474
1841 157
1841 224
1841 977
1842 563
1842 562
1842 17
1842 2
1842 280
1843 563
1843 562
1843 17
1843 2
1843 280
1844 563
1844 562
1844 17
1844 2
1844 280
1845 563
1845 562
1845 17
1845 2
1845 280
1846 1519
1846 1193
1846 704
1846 152
1846 615
1847 17
1847 562
1847 563
1847 2
1847 280
1848 563
1848 562
1848 17
1848 2
1848 280
1849 563
1849 562
1849 17
1849 2
1849 280
1850 1851
1852 563
1852 562
1852 17
1852 2
1852 280
1853 563
1853 562
1853 17
1853 2
1853 280
1854 431
1854 432
1854 433
1854 434
1854 435
1855 241
1855 471
1855 470
1856 529
1856 325
1856 463
1856 530
1856 531
1857 529
1857 325
1857 463
1857 530
1857 531
1858 385
1858 387
1858 386
1859 1390
1859 940
1859 201
1860 34
1860 35
1860 36
1861 1390
1861 201
1861 940
1862 1145
1862 1863
1862 620
1864 1145
1864 620
1864 1863
1865 1866
1865 1139
1865 202
1867 196
1867 678
1867 604
1868 1866
1868 202
1868 1139
1869 1791
1870 1866
1870 1139
1870 202
1871 342
1871 660
1871 463
1871 894
1871 1872
1873 1874
1873 894
1873 463
1873 1193
1875 894
1875 463
1875 342
1875 889
1876 463
1876 889
1876 342
1877 463
1877 1193
1877 1872
1878 463
1878 1193
1878 889
1879 894
1879 463
1879 889
1879 1872
1880 463
1880 1874
1880 342
1881 47
1881 1179
1881 1184
1881 1392
1882 1179
1882 964
1882 1184
1882 47
1883 8
1883 220
1883 218
1883 219
1883 217
1884 8
1884 220
1884 218
1884 219
1884 217
1885 8
1885 218
1885 220
1885 219
1885 217
1886 1114
1886 751
1886 630
1887 1114
1887 751
1887 630
1888 1114
1888 751
1888 630
1889 1114
1889 751
1889 630
1890 613
1890 1891
1890 731
1892 613
1892 1891
1892 731
1893 613
1893 1891
1893 731
1894 613
1894 1891
1894 731
1895 1123
1895 1038
1895 1896
1897 1123
1897 1038
1897 1896
1898 8
1898 218
1898 220
1898 219
1898 217
1899 840
1899 12
1899 1607
1899 1134
1899 965
1900 8
1900 218
1900 220
1900 219
1900 217
1901 8
1901 217
1901 218
1901 220
1901 219
1902 1737
1902 501
1902 1903
1904 1171
1904 174
1904 152
1905 1169
1905 152
1905 174
1905 1174
1906 1168
1906 1174
1906 152
1906 335
1907 1168
1907 1169
1907 1174
1907 152
1907 335
1908 1168
1908 176
1908 174
1909 1168
1909 1169
1909 176
1909 174
1910 1168
1910 1169
1910 1171
1910 176
1911 1169
1911 176
1911 1174
1912 1737
1912 501
1912 1903
1913 1169
1913 176
1913 1174
1913 335
1914 1169
1914 176
1914 335
1915 506
1915 658
1915 659
1915 660
1915 433
1916 1233
1916 751
1916 1183
1917 1233
1917 751
1917 1183
1918 896
1918 471
1918 934
1919 896
1919 471
1919 934
1920 499
1920 946
1920 885
1921 499
1921 946
1921 885
1922 499
1922 885
1922 946
1923 499
1923 885
1923 946
1924 1233
1924 751
1924 1183
1925 1233
1925 751
1925 1183
1926 1736
1926 477
1927 94
1927 93
1927 95
1928 876
1928 865
1928 359
1929 876
1929 322
1929 552
1930 876
1930 322
1930 552
1931 876
1931 865
1931 359
1932 876
1932 865
1932 359
1933 876
1933 322
1933 552
1934 1736
1934 477
1935 506
1935 658
1935 660
1935 659
1935 433
1936 476
1936 1721
1936 67
1936 1722
1936 359
1937 476
1937 1721
1937 67
1937 1722
1937 359
1938 476
1938 1721
1938 67
1938 1722
1938 359
1939 476
1939 1721
1939 67
1939 1722
1939 359
1940 476
1940 1721
1940 67
1940 1722
1940 359
1941 476
1941 1721
1941 67
1941 1722
1941 359
1942 476
1942 1721
1942 67
1942 1722
1942 359
1943 476
1943 1721
1943 67
1943 1722
1943 359
1944 306
1944 119
1944 1737
1944 1711
1944 1736
1945 1736
1945 119
1945 306
1945 1711
1945 1737
1946 306
1946 1711
1946 1737
1946 119
1946 1736
1947 1736
1947 1711
1947 306
1947 119
1947 1737
1948 1736
1948 119
1948 1737
1948 1711
1948 306
1949 1736
1949 306
1949 1737
1949 119
1949 1711
1950 1736
1950 1711
1950 306
1950 119
1950 1737
1951 1736
1951 306
1951 1737
1951 119
1951 1711
1952 1736
1952 1711
1952 306
1952 119
1952 1737
1953 427
1953 428
1953 429
1954 1955
1954 489
1954 1367
1956 697
1956 431
1956 332
1957 1955
1957 489
1957 1367
1958 1746
1958 1747
1958 326
1958 176
1958 1748
1959 1746
1959 1747
1959 326
1959 176
1959 1748
1960 1746
1960 1747
1960 326
1960 176
1960 1748
1961 1746
1961 1747
1961 326
1961 176
1961 1748
1962 1746
1962 1747
1962 326
1962 176
1962 1748
1963 697
1963 431
1963 332
1964 1746
1964 1747
1964 326
1964 176
1964 1748
1965 1746
1965 1747
1965 326
1965 176
1965 1748
1966 44
1966 43
1966 45
1966 46
1966 47
1967 43
1967 44
1967 45
1967 46
1967 47
1968 44
1968 43
1968 45
1968 46
1968 47
1969 43
1969 44
1969 45
1969 46
1969 47
1970 44
1970 43
1970 45
1970 46
1970 47
1971 506
1971 658
1971 660
1971 659
1971 433
1972 44
1972 43
1972 45
1972 46
1972 47
1973 43
1973 44
1973 45
1973 46
1973 47
1974 44
1974 43
1974 45
1974 46
1974 47
1975 43
1975 44
1975 45
1975 46
1975 47
1976 36
1977 1978
1979 26
1980 976
1981 1295
1982 385
1983 1984
1985 1509
1986 93
1987 1988
1987 1698
1987 966
1989 1988
1989 1698
1989 966
1990 1266
1990 1465
1990 1466
1991 1266
1991 1465
1991 1466
1992 1993
1992 393
1992 1994
1995 1993
1995 393
1995 1994
1996 1988
1996 1698
1996 966
1997 1988
1997 1698
1997 966
1998 493
1998 1999
1998 1779
2000 1993
2000 393
2000 1994
2001 1993
2001 393
2001 1994
2002 493
2002 1999
2002 1779
2003 1499
2003 542
2003 1500
2003 1501
2003 322
2004 1499
2004 542
2004 1500
2004 1501
2004 322
2005 1499
2005 542
2005 1500
2005 1501
2005 322
2006 1499
2006 542
2006 1500
2006 1501
2006 322
2007 1499
2007 1501
2007 322
2007 542
2007 1500
2008 1499
2008 1501
2008 322
2008 542
2008 1500
2009 1499
2009 1500
2009 1501
2009 542
2009 322
2010 1499
2010 1500
2010 1501
2010 542
2010 322
2011 1499
2011 1501
2011 1500
2011 542
2011 322
2012 1499
2012 1501
2012 1500
2012 542
2012 322
2013 98
2013 288
2013 289
2013 88
2013 290
2014 98
2014 288
2014 290
2014 88
2014 289
2015 8
2015 210
2015 206
2015 1
2016 98
2016 288
2016 290
2016 88
2016 289
2017 232
2017 764
2017 740
2018 232
2018 764
2018 740
2019 98
2019 288
2019 289
2019 88
2019 290
2020 98
2020 288
2020 290
2020 88
2020 289
2021 98
2021 288
2021 289
2021 88
2021 290
2022 98
2022 288
2022 290
2022 88
2022 289
2023 1785
2024 97
2024 474
2024 157
2024 224
2024 977
2025 97
2025 474
2025 157
2025 224
2025 977
2026 97
2026 474
2026 157
2026 224
2026 977
2027 97
2027 474
2027 157
2027 224
2027 977
2028 97
2028 474
2028 157
2028 224
2028 977
2029 97
2029 474
2029 157
2029 224
2029 977
2030 97
2030 474
2030 157
2030 224
2030 977
2031 97
2031 474
2031 157
2031 224
2031 977
2032 968
2032 87
2032 162
2032 232
2032 101
2033 968
2033 87
2033 162
2033 232
2033 101
2034 17
2034 562
2034 563
2034 2
2034 280
2035 17
2035 562
2035 563
2035 2
2035 280
2036 17
2036 562
2036 563
2036 2
2036 280
2037 17
2037 562
2037 563
2037 2
2037 280
2038 4
2038 1994
2038 220
2038 2039
2038 1133
2040 4
2040 1994
2040 220
2040 2039
2040 1133
2041 4
2041 1994
2041 220
2041 2039
2041 1133
2042 4
2042 1994
2042 220
2042 2039
2042 1133
2043 17
2043 562
2043 563
2043 2
2043 280
2044 230
2044 106
2044 467
2044 159
2044 468
2045 86
2045 474
2045 87
2046 529
2046 325
2046 463
2046 530
2046 531
2047 230
2047 106
2047 467
2047 468
2047 159
2048 230
2048 106
2048 467
2048 159
2048 468
2049 529
2049 325
2049 463
2049 530
2049 531
2050 1874
2050 660
2050 463
2050 889
2051 1874
2051 660
2051 463
2052 894
2052 660
2052 1193
2052 889
2053 660
2053 1193
2053 1872
2054 894
2054 463
2054 889
2055 1874
2055 463
2055 889
2055 1872
2056 894
2056 660
2056 1193
2056 889
2057 1874
2057 1193
2057 889
2057 1872
2058 1874
2058 894
2058 1193
2058 889
2058 342
2059 1874
2059 894
2059 1193
2059 342
2060 529
2060 325
2060 463
2060 530
2060 531
2061 86
2061 24
2061 739
2061 99
2061 740
2062 529
2062 325
2062 463
2062 530
2062 531
2063 86
2063 24
2063 739
2063 99
2063 740
2064 1032
2064 420
2064 1544
2065 1032
2065 420
2065 1544
2066 1123
2066 1038
2066 1896
2067 1123
2067 1038
2067 1896
2068 611
2068 429
2068 1028
2069 611
2069 429
2069 1028
2070 1032
2070 420
2070 1544
2071 1032
2071 420
2071 1544
2072 1028
2072 429
2072 611
2073 1028
2073 429
2073 611
2074 529
2074 325
2074 463
2074 530
2074 531
2075 529
2075 325
2075 463
2075 530
2075 531
2076 529
2076 325
2076 463
2076 530
2076 531
2077 660
2077 1874
2077 342
2077 889
2078 660
2078 342
2078 1872
2079 374
2079 332
2079 178
2079 375
2079 343
2080 374
2080 332
2080 178
2080 375
2080 343
2081 1169
2081 176
2081 152
2082 1171
2082 176
2082 152
2083 660
2083 1874
2083 342
2083 889
2084 894
2084 660
2084 1874
2084 889
2085 1168
2085 152
2085 176
2085 1174
2086 335
2086 1171
2086 176
2086 1174
2086 174
2087 1168
2087 176
2087 335
2088 1169
2088 1171
2088 176
2088 1174
2089 69
2090 2091
2092 1866
2093 428
2094 2095
2094 86
2094 2096
2094 224
2094 386
2097 1803
2097 2098
2097 854
2099 1803
2099 2098
2099 854
2100 534
2100 533
2100 174
2100 535
2100 431
2101 2102
2103 431
2103 533
2103 534
2103 535
2103 174
2104 2098
2105 431
2105 533
2105 174
2105 535
2105 534
2106 934
2106 471
2106 896
2107 934
2107 471
2107 896
2108 2109
2108 1138
2108 2110
2111 2109
2111 1138
2111 2110
2112 2109
2112 1138
2112 2110
2113 2109
2113 1138
2113 2110
2114 888
2114 509
2114 442
2115 888
2115 509
2115 442
2116 888
2116 509
2116 442
2117 888
2117 509
2117 442
2118 506
2118 658
2118 660
2118 659
2118 433
2119 533
2119 431
2119 174
2119 535
2119 534
2120 533
2120 174
2120 534
2120 535
2120 431
2121 996
2121 998
2121 44
2121 997
2121 1
2122 996
2122 998
2122 44
2122 997
2122 1
2123 62
2123 119
2123 1722
2124 62
2124 119
2124 1722
2125 1499
2125 306
2125 307
2126 311
2126 1247
2127 1247
2127 311
2128 347
2128 1721
2129 1499
2129 307
2129 1804
2130 1499
2130 307
2130 1804
2131 306
2131 1804
2132 1499
2132 306
2132 307
2133 840
2133 12
2133 1607
2133 1134
2133 965
2134 840
2134 12
2134 1607
2134 1134
2134 965
2135 840
2135 12
2135 1607
2135 1134
2135 965
2136 840
2136 12
2136 1607
2136 965
2136 1134
2137 840
2137 12
2137 1607
2137 965
2137 1134
2138 506
2138 660
2138 659
2138 658
2138 433
2139 150
2139 465
2139 1519
2140 431
2140 326
2140 465
2141 326
2141 465
2141 431
2142 697
2142 431
2142 150
2142 992
2143 697
2143 431
2143 150
2143 992
2144 332
2144 150
2144 992
2145 697
2145 431
2145 150
2145 992
2146 697
2146 431
2146 150
2146 992
2147 840
2147 12
2147 1607
2147 965
2147 1134
2148 431
2148 326
2148 465
2149 150
2149 465
2149 1519
2150 840
2150 12
2150 1607
2150 1134
2150 965
2151 840
2151 12
2151 1607
2151 1134
2151 965
2152 506
2152 660
2152 659
2152 658
2152 433
2153 347
2153 557
2153 62
2153 558
2153 559
2154 506
2154 660
2154 659
2154 658
2154 433
2155 331
2155 2156
2155 2110
2157 331
2157 2156
2157 2110
2158 2159
2158 534
2158 400
2160 2159
2160 534
2160 400
2161 2159
2161 400
2161 534
2162 2159
2162 400
2162 534
2163 381
2163 562
2163 2164
2165 2164
2165 562
2165 381
2166 2164
2166 381
2166 562
2167 2164
2167 381
2167 562
2168 334
2168 343
2168 1682
2169 533
2169 433
2169 334
2169 1682
2170 533
2170 433
2170 334
2170 1682
2171 343
2171 334
2171 1682
2172 529
2172 433
2172 1748
2173 529
2173 433
2173 1748
2174 533
2174 433
2174 334
2174 1682
2175 533
2175 433
2175 334
2175 1682
2176 506
2176 658
2176 660
2176 659
2176 433
2177 1682
2177 153
2177 1748
2178 153
2178 1682
2178 1748
2179 16
2179 17
2179 18
2179 19
2179 20
2180 1761
2180 406
2180 1532
2180 1133
2180 1786
2181 16
2181 17
2181 18
2181 19
2181 20
2182 16
2182 17
2182 18
2182 19
2182 20
2183 1761
2183 406
2183 1532
2183 1133
2183 1786
2184 1761
2184 406
2184 1532
2184 1133
2184 1786
2185 1761
2185 406
2185 1532
2185 1133
2185 1786
2186 1761
2186 406
2186 1532
2186 1133
2186 1786
2187 16
2187 17
2187 18
2187 19
2187 20
2188 16
2188 17
2188 18
2188 19
2188 20
2189 98
2189 2190
2189 99
2191 98
2191 2190
2191 99
2192 2193
2192 2095
2192 162
2194 2193
2194 2095
2194 162
2195 2095
2195 157
2195 159
2196 2095
2196 157
2196 159
2197 2198
2197 102
2199 2198
2199 102
2200 2201
2200 182
2202 2201
2202 182
2203 4
2203 2039
2203 220
2203 1133
2203 1994
2204 4
2204 2039
2204 220
2204 1133
2204 1994
2205 4
2205 2039
2205 220
2205 1133
2205 1994
2206 4
2206 2039
2206 220
2206 1133
2206 1994
2207 4
2207 1133
2207 220
2207 2039
2207 1994
2208 4
2208 1133
2208 220
2208 2039
2208 1994
2209 4
2209 2039
2209 220
2209 1133
2209 1994
2210 4
2210 2039
2210 220
2210 1133
2210 1994
2211 4
2211 1133
2211 220
2211 2039
2211 1994
2212 4
2212 1133
2212 220
2212 2039
2212 1994
2213 664
2213 441
2213 1077
2214 563
2214 44
2214 19
2215 158
2215 289
2216 2095
2216 86
2216 2096
2216 224
2216 386
2217 86
2217 2095
2217 2096
2217 224
2217 386
2218 563
2218 44
2218 19
2219 86
2219 2095
2219 2096
2219 224
2219 386
2220 2095
2220 86
2220 2096
2220 224
2220 386
2221 86
2221 2095
2221 2096
2221 224
2221 386
2222 2095
2222 86
2222 2096
2222 224
2222 386
2223 2224
2225 1124
2226 180
2226 162
2227 158
2227 289
2228 49
2228 406
2228 963
2229 406
2229 44
2229 963
2229 1268
2230 853
2230 381
2230 2231
2232 90
2232 1130
2232 782
2233 853
2233 381
2233 2231
2234 491
2234 311
2234 489
2234 307
2235 843
2235 1267
2235 1403
2235 1
2235 1135
2236 178
2236 152
2237 491
2237 347
2237 492
2237 306
2237 307
2238 393
2238 1999
2238 798
2239 311
2239 492
2239 306
2240 491
2240 311
2240 306
2240 493
2241 306
2241 489
2241 307
2242 853
2242 381
2242 2231
2243 347
2243 491
2243 493
2243 307
2244 347
2244 493
2244 307
2245 853
2245 381
2245 2231
2246 1267
2246 843
2246 1403
2246 1
2246 1135
2247 1698
2247 1955
2247 1546
2248 432
2248 335
2249 1698
2249 1955
2249 1546
2250 393
2250 1999
2250 798
2251 393
2251 1999
2251 798
2252 492
2252 493
2252 489
2252 307
2253 918
2253 16
2253 1791
2254 491
2254 493
2254 307
2255 918
2255 16
2255 1791
2256 1267
2256 843
2256 1403
2256 1
2256 1135
2257 432
2257 335
2258 918
2258 16
2258 1791
2259 306
2259 493
2259 489
2259 307
2260 117
2260 118
2260 112
2261 112
2261 118
2261 114
2262 2263
2262 433
2262 631
2262 2264
2265 631
2265 433
2265 343
2265 2264
2266 112
2266 62
2266 119
2266 113
2266 117
2267 112
2267 122
2267 113
2267 118
2268 117
2268 114
2268 113
2268 112
2269 112
2269 122
2269 62
2270 1423
2270 1222
2270 711
2271 634
2271 343
2271 433
2272 433
2272 631
2272 343
2272 2264
2273 1423
2273 1222
2273 711
2274 476
2274 269
2274 596
2274 801
2274 477
2275 596
2275 262
2275 542
2275 801
2276 245
2276 441
2276 442
2277 245
2277 441
2277 442
2278 240
2278 2279
2278 2110
2280 240
2280 2279
2280 2110
2281 240
2281 2279
2281 2110
2282 240
2282 2279
2282 2110
2283 2284
2283 400
2283 248
2285 476
2285 596
2285 284
2285 542
2286 269
2286 262
2286 284
2286 801
2287 596
2287 284
2287 801
2288 462
2288 463
2288 464
2288 465
2288 176
2289 1423
2289 1222
2289 711
2290 843
2290 1267
2290 1
2290 1135
2290 1403
2291 1423
2291 1222
2291 711
2292 529
2292 325
2292 463
2292 530
2292 531
2293 1803
2293 865
2293 1729
2293 801
2293 1804
2294 462
2294 465
2294 464
2294 463
2294 176
2295 840
2295 12
2295 1607
2295 965
2295 1134
2296 529
2296 325
2296 463
2296 530
2296 531
2297 1803
2297 865
2297 1729
2297 801
2297 1804
2298 462
2298 465
2298 464
2298 463
2298 176
2299 1452
2299 150
2299 797
2299 175
2299 1682
2300 1452
2300 150
2300 797
2300 175
2300 1682
2301 374
2301 332
2301 178
2301 375
2301 343
2302 374
2302 332
2302 178
2302 375
2302 343
2303 1452
2303 150
2303 797
2303 175
2303 1682
2304 1452
2304 150
2304 797
2304 175
2304 1682
2305 1452
2305 150
2305 797
2305 175
2305 1682
2306 1452
2306 150
2306 797
2306 175
2306 1682
2307 1452
2307 150
2307 797
2307 175
2307 1682
2308 1452
2308 150
2308 797
2308 175
2308 1682
2309 529
2309 325
2309 463
2309 530
2309 531
2310 462
2310 463
2310 464
2310 465
2310 176
2311 1874
2311 2109
2311 2312
2313 2312
2313 2109
2313 1874
2314 2312
2314 2109
2314 1874
2315 1874
2315 2109
2315 2312
2316 2317
2316 401
2316 1872
2318 2317
2318 401
2318 1872
2319 2317
2319 401
2319 1872
2320 2317
2320 401
2320 1872
2321 2322
2321 380
2321 1174
2323 2322
2323 380
2323 1174
2324 1669
2324 1279
2324 915
2325 1669
2325 1279
2325 915
2326 609
2326 610
2326 611
2327 609
2327 610
2327 611
2328 1032
2328 1437
2328 1216
2329 1032
2329 1437
2329 1216
2330 919
2330 862
2330 2331
2332 919
2332 862
2332 2331
2333 1704
2333 2334
2333 1171
2335 1704
2335 2334
2335 1171
2336 914
2336 565
2336 863
2337 914
2337 565
2337 863
2338 919
2338 862
2338 2331
2339 919
2339 862
2339 2331
2340 1704
2340 2334
2340 1171
2341 1704
2341 2334
2341 1171
2342 1248
2342 118
2342 119
2342 1722
2343 1248
2343 118
2343 119
2343 1722
2344 112
2344 119
2344 1729
2345 112
2345 119
2345 1729
2346 118
2346 62
2346 1248
2347 119
2347 118
2347 1248
2347 1722
2348 119
2348 118
2348 1248
2348 1722
2349 118
2349 62
2349 1248
2350 462
2350 465
2350 464
2350 463
2350 176
2351 118
2351 1500
2351 1729
2352 118
2352 1500
2352 1729
2353 232
2353 228
2353 181
2354 409
2354 713
2354 220
2355 997
2355 964
2356 230
2356 232
2356 288
2356 181
2357 1267
2357 713
2357 280
2358 220
2358 713
2358 409
2359 998
2359 1267
2359 220
2359 51
2360 1267
2360 713
2360 280
2361 1267
2361 713
2361 280
2362 220
2362 713
2362 409
2363 409
2363 713
2363 220
2364 1267
2364 713
2364 280
2365 462
2365 465
2365 464
2365 463
2365 176
2366 2193
2366 90
2366 232
2366 2190
2366 692
2367 529
2367 704
2367 433
2368 462
2368 433
2369 340
2369 341
2369 342
2369 343
2369 344
2370 1746
2370 2371
2370 471
2372 1746
2372 471
2372 2371
2373 331
2373 2156
2373 2110
2374 331
2374 2156
2374 2110
2375 778
2375 149
2375 442
2376 778
2376 149
2376 442
2377 778
2377 149
2377 442
2378 778
2378 149
2378 442
2379 1746
2379 2371
2379 471
2380 1746
2380 471
2380 2371
2381 533
2381 433
2381 343
2382 533
2382 433
2382 343
2383 1803
2383 865
2383 801
2383 1729
2383 1804
2384 1803
2384 865
2384 801
2384 1729
2384 1804
2385 1803
2385 865
2385 801
2385 1729
2385 1804
2386 1803
2386 865
2386 801
2386 1729
2386 1804
2387 1803
2387 865
2387 801
2387 1729
2387 1804
2388 1803
2388 865
2388 801
2388 1729
2388 1804
2389 1803
2389 865
2389 801
2389 1729
2389 1804
2390 1803
2390 865
2390 801
2390 1729
2390 1804
2391 1761
2391 406
2391 1532
2391 1133
2391 1786
2392 1761
2392 406
2392 1532
2392 1133
2392 1786
2393 2394
2393 162
2393 159
2393 1832
2395 2394
2395 162
2395 159
2395 1832
2396 2095
2396 157
2396 159
2397 2095
2397 157
2397 159
2398 2394
2398 158
2398 162
2399 2394
2399 162
2399 159
2399 1832
2400 2394
2400 162
2400 159
2400 1832
2401 2394
2401 158
2401 162
2402 2095
2402 2193
2402 162
2403 2095
2403 2193
2403 162
2404 4
2404 2039
2404 220
2404 1133
2404 1994
2405 4
2405 2039
2405 220
2405 1133
2405 1994
2406 9
2406 964
2406 963
2406 965
2406 966
2407 9
2407 964
2407 963
2407 965
2407 966
2408 9
2408 964
2408 963
2408 965
2408 966
2409 9
2409 964
2409 963
2409 965
2409 966
2410 9
2410 964
2410 963
2410 965
2410 966
2411 9
2411 964
2411 963
2411 965
2411 966
2412 9
2412 964
2412 963
2412 965
2412 966
2413 9
2413 964
2413 963
2413 965
2413 966
2414 2415
2414 359
2416 1114
2416 558
2416 1115
2417 180
2417 162
2418 476
2418 262
2418 801
2419 763
2419 157
2419 159
2420 739
2420 159
2421 763
2421 157
2421 739
2422 763
2422 157
2422 739
2423 230
2423 288
2423 228
2424 476
2424 262
2424 284
2424 801
2425 232
2425 228
2425 181
2426 230
2426 288
2426 232
2426 181
2427 596
2427 284
2427 801
2427 477
2428 1803
2428 2098
2428 854
2429 1803
2429 2098
2429 854
2430 664
2430 666
2430 311
2430 322
2430 665
2431 284
2431 801
2431 477
2432 311
2432 666
2432 664
2432 322
2432 665
2433 476
2433 269
2433 542
2434 664
2434 666
2434 311
2434 322
2434 665
2435 2284
2435 400
2435 248
2436 1761
2436 406
2436 1532
2436 1133
2436 1786
2437 1242
2437 470
2437 1079
2438 311
2438 666
2438 322
2438 664
2438 665
2439 2284
2439 400
2439 248
2440 1242
2440 470
2440 1079
2441 800
2441 1242
2441 1089
2441 865
2441 307
2442 2284
2442 400
2442 248
2443 1242
2443 470
2443 1079
2444 664
2444 311
2444 666
2444 322
2444 665
2445 1242
2445 470
2445 1079
2446 800
2446 865
2446 1089
2446 1242
2446 307
2447 1737
2447 501
2447 1903
2448 800
2448 1242
2448 1089
2448 865
2448 307
2449 1737
2449 501
2449 1903
2450 491
2450 311
2450 493
2450 489
2450 347
2451 347
2451 311
2451 491
2451 489
2452 347
2452 306
2452 493
2452 489
2453 491
2453 306
2453 493
2453 489
2454 1670
2454 99
2454 102
2455 491
2455 311
2455 306
2455 493
2456 347
2456 306
2456 493
2456 489
2457 347
2457 492
2457 306
2458 964
2458 1133
2458 1134
2459 530
2459 174
2459 176
2460 17
2460 562
2460 563
2460 2
2460 280
2461 530
2461 176
2461 174
2462 529
2462 2263
2462 2264
2463 529
2463 634
2463 631
2463 2264
2464 2263
2464 1682
2464 433
2464 2264
2465 1682
2465 433
2465 634
2466 2263
2466 2264
2466 343
2466 631
2466 1682
2467 2263
2467 631
2467 343
2467 1682
2468 2263
2468 2264
2468 433
2468 1682
2469 2264
2469 634
2469 631
2469 1682
2470 529
2470 433
2470 631
2470 2264
2471 529
2471 433
2471 631
2472 499
2472 500
2472 501
2473 501
2473 500
2473 499
2474 262
2474 596
2474 284
2474 542
2474 477
2475 262
2475 596
2475 542
2475 477
2476 476
2476 596
2476 284
2476 542
2477 269
2477 262
2477 284
2477 542
2478 476
2478 262
2478 284
2478 477
2479 476
2479 269
2479 477
2480 241
2480 470
2480 471
2481 476
2481 262
2481 596
2481 284
2482 501
2482 500
2482 499
2483 232
2483 224
2483 225
2484 279
2484 218
2484 1133
2485 279
2485 218
2485 1133
2486 17
2486 279
2486 47
2487 615
2487 704
2487 1193
2487 152
2487 1519
2488 17
2488 279
2488 47
2489 1134
2489 1133
2489 1135
2489 47
2490 1134
2490 1133
2490 1135
2490 47
2491 840
2491 12
2491 1607
2491 965
2491 1134
2492 17
2492 279
2492 47
2493 17
2493 279
2493 47
2494 615
2494 704
2494 1193
2494 152
2494 1519
2495 2496
2497 1519
2497 1193
2497 704
2497 152
2497 615
2498 462
2498 465
2498 464
2498 463
2498 176
2499 840
2499 12
2499 1607
2499 1134
2499 965
2500 2322
2500 380
2500 1174
2501 2322
2501 380
2501 1174
2502 2322
2503 139
2503 1168
2503 1699
2504 1168
2504 139
2504 1699
2505 1168
2505 139
2505 1699
2506 139
2506 1168
2506 1699
2507 2496
2507 1169
2507 394
2508 1169
2508 394
2508 2496
2509 2496
2509 1169
2509 394
2510 2496
2510 1169
2510 394
2511 1229
2511 613
2511 1178
2512 1229
2512 613
2512 1178
2513 1229
2513 613
2513 1178
2514 1229
2514 613
2514 1178
2515 1038
2515 1443
2515 1221
2516 1038
2516 1443
2516 1221
2517 1038
2517 1443
2517 1221
2518 1038
2518 1443
2518 1221
2519 1032
2519 1437
2519 1216
2520 1032
2520 1437
2520 1216
2521 922
2521 2522
2521 866
2523 922
2523 2522
2523 866
2524 922
2524 2522
2524 866
2525 922
2525 2522
2525 866
2526 860
2526 1215
2526 137
2527 860
2527 1215
2527 137
2528 860
2528 1215
2528 137
2529 860
2529 1215
2529 137
2530 914
2530 565
2530 863
2531 914
2531 565
2531 863
2532 80
2532 118
2532 2533
2532 542
2532 310
2534 310
2534 118
2534 2533
2534 542
2534 80
2535 112
2535 305
2535 73
2535 801
2535 2415
2536 310
2536 118
2536 2533
2536 542
2536 80
2537 112
2537 305
2537 2415
2537 801
2537 73
2538 112
2538 305
2538 73
2538 801
2538 2415
2539 112
2539 305
2539 73
2539 801
2539 2415
2540 112
2540 305
2540 2415
2540 801
2540 73
2541 112
2541 305
2541 2415
2541 801
2541 73
2542 112
2542 305
2542 73
2542 801
2542 2415
2543 2334
2544 615
2544 1193
2544 704
2544 152
2544 1519
2545 240
2545 242
2545 251
2546 377
2547 577
2547 524
2547 578
2548 240
2548 241
2548 243
2548 251
2549 2522
2550 577
2550 524
2550 578
2551 2552
2551 522
2551 1647
2553 2552
2553 522
2553 1647
2554 2552
2554 522
2554 1647
2555 2552
2555 522
2555 1647
2556 529
2556 1451
2556 1691
2556 326
2556 1196
2557 529
2557 1451
2557 1691
2557 326
2557 1196
2558 529
2558 1451
2558 1691
2558 326
2558 1196
2559 529
2559 1451
2559 1691
2559 326
2559 1196
2560 876
2560 112
2560 877
2560 307
2560 878
2561 112
2561 307
2561 877
2561 878
2561 876
2562 964
2562 1135
2562 47
2563 964
2563 1135
2563 47
2564 877
2564 112
2564 878
2564 307
2564 876
2565 877
2565 112
2565 307
2565 878
2565 876
2566 877
2566 876
2566 878
2566 307
2566 112
2567 877
2567 876
2567 307
2567 878
2567 112
2568 311
2568 550
2568 118
2568 552
2568 551
2569 311
2569 550
2569 118
2569 552
2569 551
2570 311
2570 550
2570 118
2570 552
2570 551
2571 311
2571 550
2571 118
2571 552
2571 551
2572 2573
2574 843
2574 1267
2574 1403
2574 1
2574 1135
2575 1267
2575 843
2575 1403
2575 1135
2575 1
2576 1097
2576 1235
2576 1285
2577 1267
2577 843
2577 1403
2577 1
2577 1135
2578 533
2578 174
2578 534
2578 535
2578 431
2579 533
2579 431
2579 174
2579 535
2579 534
2580 843
2580 1267
2580 1403
2580 1
2580 1135
2581 2317
2582 463
2582 1747
2582 151
2583 660
2583 1747
2584 431
2584 533
2584 534
2584 535
2584 174
2585 151
2585 1747
2585 463
2586 431
2586 533
2586 534
2586 535
2586 174
2587 431
2587 533
2587 174
2587 535
2587 534
2588 533
2588 174
2588 534
2588 535
2588 431
2589 431
2589 533
2589 174
2589 535
2589 534
2590 1290
2590 467
2590 947
2591 1267
2591 843
2591 1403
2591 1135
2591 1
2592 843
2592 1267
2592 1
2592 1135
2592 1403
2593 1290
2593 467
2593 947
2594 49
2594 1405
2594 964
2594 1308
2594 1344
2595 843
2595 1267
2595 1403
2595 1
2595 1135
2596 49
2596 1405
2596 964
2596 1308
2596 1344
2597 49
2597 1405
2597 964
2597 1308
2597 1344
2598 49
2598 1405
2598 964
2598 1308
2598 1344
2599 49
2599 1405
2599 964
2599 1308
2599 1344
2600 49
2600 1405
2600 964
2600 1308
2600 1344
2601 1267
2601 843
2601 1403
2601 1135
2601 1
2602 1761
2602 406
2602 1532
2602 1133
2602 1786
2603 49
2603 1405
2603 964
2603 1308
2603 1344
2604 230
2604 2201
2604 88
2604 1832
2604 680
2605 230
2605 2201
2605 88
2605 680
2605 1832
2606 230
2606 2201
2606 88
2606 1832
2606 680
2607 230
2607 2201
2607 88
2607 680
2607 1832
2608 230
2608 2201
2608 88
2608 1832
2608 680
2609 230
2609 2201
2609 88
2609 680
2609 1832
2610 230
2610 2201
2610 88
2610 1832
2610 680
2611 230
2611 2201
2611 88
2611 680
2611 1832
2612 2394
2612 107
2612 228
2612 685
2612 2198
2613 230
2613 2201
2613 88
2613 680
2613 1832
2614 529
2614 1451
2614 1691
2614 326
2614 1196
2615 1343
2615 610
2615 1344
2616 2617
2616 45
2616 1216
2618 2617
2618 45
2618 1216
2619 2617
2619 45
2619 1216
2620 2617
2620 45
2620 1216
2621 396
2621 1221
2621 714
2622 396
2622 1221
2622 714
2623 691
2624 1343
2624 610
2624 1344
2625 1343
2625 610
2625 1344
2626 1059
2626 98
2626 1060
2626 159
2626 95
2627 1059
2627 98
2627 1060
2627 159
2627 95
2628 1059
2628 98
2628 1060
2628 159
2628 95
2629 1059
2629 98
2629 1060
2629 159
2629 95
2630 1059
2630 98
2630 1060
2630 159
2630 95
2631 1059
2631 98
2631 1060
2631 159
2631 95
2632 1059
2632 98
2632 1060
2632 159
2632 95
2633 1059
2633 98
2633 1060
2633 159
2633 95
2634 1059
2634 98
2634 1060
2634 159
2634 95
2635 1635
2635 2102
2635 1501
2636 1466
2637 1988
2638 2164
2639 2159
2640 2641
2642 2643
2644 2617
2645 1343
2646 508
2647 2648
2649 780
2649 162
2649 781
2649 782
2649 102
2650 780
2650 162
2650 781
2650 782
2650 102
2651 780
2651 162
2651 781
2651 782
2651 102
2652 780
2652 162
2652 781
2652 782
2652 102
2653 780
2653 162
2653 781
2653 782
2653 102
2654 780
2654 162
2654 781
2654 782
2654 102
2655 780
2655 162
2655 781
2655 782
2655 102
2656 780
2656 162
2656 781
2656 782
2656 102
2657 780
2657 162
2657 781
2657 782
2657 102
2658 780
2658 162
2658 781
2658 782
2658 102
2659 278
2659 44
2660 98
2660 1675
2660 99
2660 182
2660 1438
2661 1448
2661 1675
2661 99
2661 102
2662 1670
2662 1675
2662 99
2662 182
2663 1670
2663 99
2663 182
2664 98
2664 99
2664 1448
2665 1670
2665 1448
2665 99
2665 98
2666 1670
2666 1448
2666 99
2666 1438
2667 1670
2667 1675
2667 99
2668 1635
2668 2102
2668 1501
2669 217
2669 278
2669 19
2670 1670
2670 1675
2670 99
2670 1438
2671 1448
2671 99
2671 182
2672 2312
2673 529
2673 2263
2673 433
2673 343
2673 634
2674 529
2674 2263
2674 631
2674 1682
2675 529
2675 2263
2675 343
2675 2264
2676 529
2676 343
2676 2264
2677 529
2677 634
2677 1682
2678 529
2678 1682
2678 2264
2679 2263
2679 529
2679 634
2679 2264
2680 529
2680 343
2680 631
2681 1462
2681 1421
2681 2682
2681 1267
2683 2682
2683 1421
2683 1267
2683 965
2684 588
2684 332
2684 326
2684 1647
2685 332
2685 326
2685 1647
2686 431
2686 150
2686 603
2687 588
2687 431
2687 150
2687 1647
2688 588
2688 332
2688 150
2688 578
2689 588
2689 332
2689 150
2689 578
2689 1647
2690 431
2690 326
2690 578
2691 431
2691 326
2691 578
2691 1647
2692 326
2692 603
2692 578
2692 1647
2693 588
2693 326
2693 1647
2694 609
2694 610
2694 611
2695 2096
2695 2190
2695 99
2696 1669
2696 1279
2696 915
2697 1669
2697 1279
2697 915
2698 1267
2698 843
2698 1403
2698 1135
2698 1
2699 159
2699 160
2699 165
2699 163
2700 158
2700 162
2700 160
2700 163
2701 156
2701 162
2701 165
2701 163
2702 1863
2703 2573
2703 1424
2703 1230
2704 2573
2704 1230
2704 1424
2705 147
2705 1234
2705 1427
2706 1234
2706 1427
2706 147
2707 186
2707 191
2707 196
2708 186
2708 191
2708 185
2708 196
2709 2573
2709 1230
2709 1424
2710 2573
2710 1424
2710 1230
2711 188
2711 184
2711 196
2712 184
2712 196
2712 185
2712 193
2713 188
2713 186
2713 191
2713 185
2714 185
2714 186
2714 193
2715 188
2715 184
2715 185
2715 191
2716 184
2716 196
2716 185
2716 193
2717 190
2717 184
2717 191
2717 193
2718 190
2718 184
2718 185
2718 191
2718 193
2719 112
2719 305
2719 73
2719 801
2719 2415
2720 112
2720 305
2720 2415
2720 801
2720 73
2721 112
2721 305
2721 2415
2721 801
2721 73
2722 112
2722 305
2722 73
2722 801
2722 2415
2723 112
2723 305
2723 73
2723 801
2723 2415
2724 112
2724 305
2724 2415
2724 801
2724 73
2725 112
2725 305
2725 2415
2725 801
2725 73
2726 112
2726 305
2726 73
2726 801
2726 2415
2727 112
2727 305
2727 2415
2727 801
2727 73
2728 347
2728 1721
2729 1361
2729 731
2729 2264
2730 1361
2730 731
2730 2264
2731 1361
2731 731
2731 2264
2732 1361
2732 731
2732 2264
2733 2263
2733 2734
2733 1896
2735 2734
2735 2263
2735 1896
2736 2734
2736 2263
2736 1896
2737 2263
2737 2734
2737 1896
2738 2739
2738 1544
2738 1775
2740 1775
2740 1544
2740 2739
2741 1266
2741 1465
2741 1466
2742 340
2742 1074
2742 611
2743 1278
2743 1279
2743 1280
2744 431
2744 432
2744 433
2744 434
2744 435
2745 279
2745 218
2745 1133
2746 279
2746 218
2746 1133
2747 311
2747 118
2747 550
2747 551
2747 552
2748 311
2748 118
2748 550
2748 551
2748 552
2749 311
2749 118
2749 550
2749 551
2749 552
2750 311
2750 118
2750 550
2750 551
2750 552
2751 118
2751 550
2751 551
2751 552
2751 311
2752 118
2752 311
2752 550
2752 551
2752 552
2753 118
2753 550
2753 551
2753 552
2753 311
2754 311
2754 550
2754 552
2754 551
2754 118
2755 311
2755 118
2755 550
2755 551
2755 552
2756 311
2756 118
2756 550
2756 551
2756 552
2757 431
2757 432
2757 433
2757 434
2757 435
2758 431
2758 432
2758 433
2758 434
2758 435
2759 431
2759 432
2759 433
2759 434
2759 435
2760 431
2760 432
2760 433
2760 434
2760 435
2761 431
2761 432
2761 433
2761 434
2761 435
2762 602
2763 98
2763 288
2763 289
2763 88
2763 290
2764 463
2764 660
2764 151
2765 151
2765 660
2765 463
2766 1682
2766 1748
2766 153
2767 153
2767 1748
2767 1682
2768 529
2768 433
2768 1748
2769 529
2769 433
2769 1748
2770 1193
2770 333
2771 1193
2771 333
2772 342
2772 535
2773 342
2773 535
2774 34
2774 180
2774 107
2774 181
2774 182
2775 683
2775 684
2775 685
2776 49
2776 1405
2776 964
2776 1308
2776 1344
2777 49
2777 1405
2777 964
2777 1308
2777 1344
2778 49
2778 1405
2778 964
2778 1308
2778 1344
2779 49
2779 1405
2779 964
2779 1308
2779 1344
2780 49
2780 1405
2780 964
2780 1308
2780 1344
2781 49
2781 1405
2781 964
2781 1308
2781 1344
2782 44
2782 43
2782 45
2782 46
2782 47
2783 43
2783 44
2783 45
2783 46
2783 47
2784 44
2784 43
2784 45
2784 46
2784 47
2785 49
2785 1405
2785 964
2785 1308
2785 1344
2786 2096
2786 2190
2786 99
2787 230
2787 2201
2787 88
2787 1832
2787 680
2788 98
2788 2096
2789 230
2789 2201
2789 88
2789 680
2789 1832
2790 230
2790 2201
2790 88
2790 1832
2790 680
2791 230
2791 2201
2791 88
2791 680
2791 1832
2792 230
2792 2201
2792 88
2792 1832
2792 680
2793 230
2793 2201
2793 88
2793 680
2793 1832
2794 230
2794 2201
2794 88
2794 1832
2794 680
2795 2643
2795 1233
2795 50
2796 2643
2796 1233
2796 50
2797 2643
2797 1233
2797 50
2798 2643
2798 1233
2798 50
2799 1229
2799 1984
2799 407
2800 1229
2800 1984
2800 407
2801 1229
2801 1984
2801 407
2802 1229
2802 1984
2802 407
2803 396
2803 1221
2803 714
2804 396
2804 1221
2804 714
2805 1059
2805 98
2805 1060
2805 159
2805 95
2806 1059
2806 98
2806 1060
2806 159
2806 95
2807 230
2807 1129
2808 1129
2808 780
2808 224
2809 230
2809 780
2809 224
2810 230
2810 780
2810 224
2811 1059
2811 98
2811 1060
2811 159
2811 95
2812 1059
2812 98
2812 1060
2812 159
2812 95
2813 1129
2813 780
2813 224
2814 1059
2814 98
2814 1060
2814 159
2814 95
2815 758
2816 2371
2817 1280
2818 1037
2819 614
2820 753
2821 1115
2822 1903
2823 2824
2825 1334
2826 1129
2826 157
2826 1131
2826 99
2826 1130
2827 1129
2827 157
2827 1131
2827 99
2827 1130
2828 1129
2828 157
2828 1131
2828 99
2828 1130
2829 1129
2829 157
2829 1131
2829 99
2829 1130
2830 780
2830 162
2830 781
2830 782
2830 102
2831 1129
2831 157
2831 1131
2831 99
2831 1130
2832 780
2832 162
2832 781
2832 782
2832 102
2833 780
2833 162
2833 781
2833 782
2833 102
2834 1129
2834 157
2834 1131
2834 99
2834 1130
2835 1129
2835 157
2835 1131
2835 99
2835 1130
2836 2837
2838 1670
2838 98
2838 182
2838 1448
2839 1670
2839 1448
2839 1675
2839 98
2840 1670
2840 1448
2840 182
2840 98
2841 98
2841 1438
2841 182
2842 1670
2842 98
2842 1675
2842 102
2843 1670
2843 1448
2843 1438
2843 102
2844 1670
2844 1448
2844 1675
2844 182
2844 102
2845 1448
2845 1675
2845 182
2845 102
2846 1670
2846 98
2846 1675
2846 102
2847 98
2847 1438
2847 102
2848 462
2848 463
2848 464
2848 465
2848 176
2849 74
2850 1267
2850 843
2850 1403
2850 1
2850 1135
2851 2734
2852 2739
2852 1421
2852 2682
2852 280
2853 1462
2853 1421
2853 2682
2853 220
2853 965
2854 1462
2854 2682
2854 220
2854 965
2855 1462
2855 1421
2855 1267
2855 220
2856 2739
2856 1267
2856 220
2857 1267
2857 1421
2857 2682
2857 965
2858 2739
2858 1267
2858 965
2859 1462
2859 1421
2859 1267
2859 220
2860 2739
2860 1421
2860 2682
2860 220
2861 431
2861 326
2861 465
2862 150
2862 465
2862 1519
2863 150
2863 465
2863 1519
2864 699
2864 343
2865 699
2865 343
2866 993
2866 1682
2867 993
2867 1682
2868 529
2868 704
2868 433
2869 431
2869 332
2869 578
2869 1647
2870 588
2870 431
2870 578
2870 1647
2871 431
2871 332
2871 578
2871 1647
2872 431
2872 332
2872 603
2873 262
2873 801
2873 477
2874 269
2874 596
2874 284
2874 801
2875 801
2875 284
2875 542
2876 269
2876 801
2876 542
2877 588
2877 431
2877 150
2877 1647
2878 150
2878 603
2878 578
2878 1647
2879 1698
2879 1955
2879 1546
2880 1698
2880 1955
2880 1546
2881 1465
2881 822
2881 2882
2883 1465
2883 822
2883 2882
2884 1465
2884 822
2884 2882
2885 1465
2885 822
2885 2882
2886 918
2886 1335
2886 1677
2887 918
2887 1335
2887 1677
2888 918
2888 1335
2888 1677
2889 918
2889 1335
2889 1677
2890 506
2890 658
2890 659
2890 660
2890 433
2891 147
2891 1234
2891 1427
2892 147
2892 1427
2892 1234
2893 196
2893 678
2893 604
2894 196
2894 678
2894 604
2895 945
2895 1328
2895 1425
2896 945
2896 1328
2896 1425
2897 945
2897 1328
2897 1425
2898 945
2898 1328
2898 1425
2899 932
2899 1332
2899 200
2900 932
2900 1332
2900 200
2901 932
2901 1332
2901 200
2902 932
2902 1332
2902 200
2903 506
2903 658
2903 659
2903 660
2903 433
2904 277
2904 278
2904 5
2904 279
2904 280
2905 277
2905 278
2905 5
2905 279
2905 280
2906 80
2906 118
2906 2533
2906 542
2906 310
2907 310
2907 118
2907 2533
2907 542
2907 80
2908 80
2908 118
2908 2533
2908 542
2908 310
2909 648
2909 427
2909 62
2909 321
2909 477
2910 427
2910 648
2910 62
2910 321
2910 477
2911 648
2911 427
2911 62
2911 321
2911 477
2912 427
2912 648
2912 62
2912 321
2912 477
2913 648
2913 427
2913 62
2913 321
2913 477
2914 427
2914 648
2914 62
2914 321
2914 477
2915 648
2915 427
2915 62
2915 321
2915 477
2916 2682
2916 1770
2916 1028
2917 2682
2917 1770
2917 1028
2918 2739
2918 1544
2918 1775
2919 1775
2919 1544
2919 2739
2920 1421
2920 1025
2920 1772
2921 1421
2921 1025
2921 1772
2922 2682
2922 1770
2922 1028
2923 2682
2923 1770
2923 1028
2924 1421
2924 1025
2924 1772
2925 1421
2925 1025
2925 1772
2926 230
2926 224
2926 740
2927 347
2927 557
2927 62
2927 558
2927 559
2928 347
2928 557
2928 62
2928 558
2928 559
2929 347
2929 558
2929 557
2929 62
2929 559
2930 62
2930 347
2930 557
2930 558
2930 559
2931 347
2931 559
2931 557
2931 558
2931 62
2932 347
2932 559
2932 557
2932 558
2932 62
2933 341
2933 152
2933 335
2934 331
2934 335
2934 333
2934 334
2934 332
2935 333
2935 332
2935 331
2935 334
2935 335
2936 333
2936 332
2936 331
2936 334
2936 335
2937 333
2937 331
2937 332
2937 334
2937 335
2938 333
2938 331
2938 332
2938 334
2938 335
2939 333
2939 332
2939 331
2939 334
2939 335
2940 333
2940 332
2940 331
2940 334
2940 335
2941 333
2941 331
2941 332
2941 334
2941 335
2942 1635
2942 2102
2942 1501
2943 332
2943 331
2943 333
2943 334
2943 335
2944 331
2944 332
2944 333
2944 334
2944 335
2945 1278
2945 554
2945 1193
2945 327
2945 1682
2946 1278
2946 554
2946 1193
2946 327
2946 1682
2947 1278
2947 554
2947 1193
2947 327
2947 1682
2948 1278
2948 554
2948 1193
2948 327
2948 1682
2949 1278
2949 554
2949 1193
2949 327
2949 1682
2950 1278
2950 554
2950 1193
2950 327
2950 1682
2951 1278
2951 554
2951 1193
2951 327
2951 1682
2952 1278
2952 554
2952 1193
2952 327
2952 1682
2953 529
2953 325
2953 463
2953 530
2953 531
2954 1278
2954 554
2954 1193
2954 327
2954 1682
2955 2284
2955 1081
2955 357
2956 2284
2956 1081
2956 357
2957 796
2957 797
2957 798
2958 796
2958 797
2958 798
2959 796
2959 797
2959 798
2960 1071
2960 375
2960 1546
2961 2824
2961 853
2961 1691
2962 2824
2962 853
2962 1691
2963 2824
2963 853
2963 1691
2964 2824
2964 853
2964 1691
2965 1266
2965 1267
2965 13
2965 1268
2965 47
2966 1266
2966 1268
2966 1267
2966 13
2966 47
2967 406
2967 563
2967 2039
2968 406
2968 563
2968 2039
2969 563
2969 44
2969 19
2970 563
2970 44
2970 19
2971 406
2971 563
2971 2039
2972 406
2972 563
2972 2039
2973 1266
2973 1267
2973 13
2973 1268
2973 47
2974 1266
2974 1268
2974 1267
2974 13
2974 47
2975 2193
2975 232
2975 90
2975 2190
2975 692
2976 2193
2976 90
2976 232
2976 2190
2976 692
2977 2193
2977 90
2977 232
2977 2190
2977 692
2978 2193
2978 232
2978 90
2978 2190
2978 692
2979 2193
2979 232
2979 90
2979 2190
2979 692
2980 2394
2980 2198
2980 228
2980 685
2980 107
2981 2394
2981 2198
2981 228
2981 685
2981 107
2982 2394
2982 107
2982 228
2982 685
2982 2198
2983 2394
2983 107
2983 228
2983 685
2983 2198
2984 2394
2984 2198
2984 228
2984 685
2984 107
2985 996
2985 2641
2985 946
2986 996
2986 2641
2986 946
2987 277
2987 2648
2987 934
2988 277
2988 2648
2988 934
2989 996
2989 2641
2989 946
2990 996
2990 2641
2990 946
2991 508
2991 509
2991 219
2992 509
2992 508
2992 219
2993 277
2993 2648
2993 934
2994 277
2994 2648
2994 934
2995 86
2995 2095
2995 2096
2995 224
2995 386
2996 2095
2996 86
2996 2096
2996 224
2996 386
2997 86
2997 2095
2997 2096
2997 224
2997 386
2998 2095
2998 86
2998 2096
2998 224
2998 386
2999 86
2999 2095
2999 2096
2999 224
2999 386
3000 2193
3000 90
3000 232
3000 2190
3000 692
3001 86
3001 2095
3001 2096
3001 224
3001 386
3002 2095
3002 86
3002 2096
3002 224
3002 386
3003 86
3003 2095
3003 2096
3003 224
3003 386
3004 2095
3004 86
3004 2096
3004 224
3004 386
3005 996
3005 997
3005 44
3005 998
3005 1
3006 996
3006 997
3006 44
3006 998
3006 1
3007 996
3007 998
3007 44
3007 997
3007 1
3008 996
3008 998
3008 44
3008 997
3008 1
3009 996
3009 998
3009 44
3009 997
3009 1
3010 996
3010 998
3010 44
3010 997
3010 1
3011 996
3011 997
3011 44
3011 998
3011 1
3012 311
3012 118
3012 550
3012 551
3012 552
3013 996
3013 998
3013 44
3013 997
3013 1
3014 996
3014 998
3014 44
3014 997
3014 1
3015 529
3015 1451
3015 1691
3015 326
3015 1196
3016 529
3016 1451
3016 1691
3016 326
3016 1196
3017 529
3017 1451
3017 1691
3017 326
3017 1196
3018 1123
3018 1124
3018 878
3019 1123
3019 1124
3019 878
3020 5
3020 277
3020 279
3020 278
3020 280
3021 529
3021 1451
3021 1691
3021 326
3021 1196
3022 1114
3022 558
3022 1115
3023 529
3023 1451
3023 1691
3023 326
3023 1196
3024 1891
3024 2224
3024 551
3025 1891
3025 2224
3025 551
3026 1891
3026 2224
3026 551
3027 1891
3027 2224
3027 551
3028 1123
3028 1124
3028 878
3029 529
3029 1451
3029 1691
3029 326
3029 1196
3030 1129
3030 1131
3030 99
3030 157
3030 1130
3031 1129
3031 1131
3031 99
3031 157
3031 1130
3032 1129
3032 1131
3032 99
3032 157
3032 1130
3033 1129
3033 157
3033 1131
3033 99
3033 1130
3034 157
3034 1129
3034 1131
3034 99
3034 1130
3035 529
3035 1451
3035 1691
3035 326
3035 1196
3036 157
3036 1129
3036 1131
3036 99
3036 1130
3037 1129
3037 1131
3037 99
3037 157
3037 1130
3038 98
3038 468
3038 182
3039 529
3039 1451
3039 1691
3039 326
3039 1196
3040 277
3040 278
3040 5
3040 279
3040 280
3041 529
3041 1451
3041 1691
3041 326
3041 1196
3042 86
3042 88
3042 1130
3043 86
3043 88
3043 1130
3044 90
3044 1130
3044 782
3045 232
3045 785
3046 232
3046 785
3047 1452
3047 1193
3047 1451
3048 2739
3048 220
3048 280
3049 2682
3049 1267
3049 280
3050 1267
3050 1421
3050 2682
3050 280
3051 2739
3051 1462
3051 1267
3051 965
3051 280
3052 1462
3052 2682
3052 220
3052 280
3053 2739
3053 1421
3053 280
3053 1462
3054 2682
3054 965
3054 280
3055 406
3055 620
3055 19
3056 406
3056 19
3056 201
3057 49
3057 44
3057 200
3057 19
3057 620
3058 406
3058 200
3058 19
3058 202
3059 19
3059 620
3059 201
3059 200
3060 49
3060 19
3060 202
3061 44
3061 19
3061 202
3062 44
3062 201
3062 19
3062 202
3063 49
3063 201
3063 19
3063 200
3064 49
3064 201
3064 19
3065 1761
3065 406
3065 1532
3065 1133
3065 1786
3066 1761
3066 406
3066 1532
3066 1133
3066 1786
3067 1761
3067 406
3067 1532
3067 1133
3067 1786
3068 3069
3070 191
3070 1593
3070 163
3071 191
3071 1593
3071 163
3072 185
3072 1595
3072 165
3073 185
3073 1595
3073 165
3074 185
3074 1595
3074 165
3075 185
3075 1595
3075 165
3076 826
3076 160
3076 193
3077 826
3077 193
3077 160
3078 826
3078 193
3078 160
3079 826
3079 160
3079 193
3080 1761
3080 406
3080 1532
3080 1133
3080 1786
3081 1761
3081 406
3081 1532
3081 1133
3081 1786
3082 1761
3082 406
3082 1532
3082 1133
3082 1786
3083 529
3083 325
3083 463
3083 530
3083 531
3084 1390
3084 201
3084 940
3085 1390
3085 940
3085 201
3086 2552
3086 184
3086 690
3087 2552
3087 184
3087 690
3088 683
3088 577
3088 190
3089 190
3089 577
3089 683
3090 196
3090 678
3090 604
3091 1866
3091 202
3091 1139
3092 690
3092 184
3092 2552
3093 184
3093 690
3093 2552
3094 577
3094 683
3094 190
3095 190
3095 683
3095 577
3096 310
3096 118
3096 2533
3096 542
3096 80
3097 80
3097 118
3097 2533
3097 542
3097 310
3098 8
3098 220
3098 218
3098 219
3098 217
3099 8
3099 217
3099 218
3099 220
3099 219
3100 310
3100 118
3100 2533
3100 542
3100 80
3101 80
3101 118
3101 2533
3101 542
3101 310
3102 310
3102 118
3102 2533
3102 542
3102 80
3103 80
3103 118
3103 2533
3103 542
3103 310
3104 310
3104 118
3104 2533
3104 542
3104 80
3105 80
3105 118
3105 2533
3105 542
3105 310
3106 310
3106 118
3106 2533
3106 542
3106 80
3107 80
3107 118
3107 2533
3107 542
3107 310
3108 1462
3108 1421
3108 280
3109 1955
3109 489
3109 1367
3110 1955
3110 489
3110 1367
3111 728
3111 456
3111 731
3111 1896
3112 728
3112 456
3112 500
3113 492
3113 1783
3113 2882
3114 492
3114 1783
3114 2882
3115 492
3115 1783
3115 2882
3116 492
3116 1783
3116 2882
3117 444
3117 456
3117 630
3117 731
3118 444
3118 456
3118 500
3119 444
3119 456
3119 630
3119 731
3120 456
3120 630
3120 1896
3120 731
3121 728
3121 444
3121 630
3121 1896
3121 731
3122 728
3122 444
3122 630
3122 1896
3123 728
3123 456
3123 731
3123 1896
3124 728
3124 500
3124 630
3124 731
3125 347
3125 557
3125 62
3125 558
3125 559
3126 347
3126 557
3126 62
3126 558
3126 559
3127 347
3127 559
3127 557
3127 558
3127 62
3128 347
3128 559
3128 557
3128 558
3128 62
3129 1736
3129 119
3129 1737
3129 1711
3129 306
3130 1736
3130 119
3130 306
3130 1711
3130 1737
3131 347
3131 557
3131 62
3131 558
3131 559
3132 1364
3132 117
3132 248
3133 62
3133 347
3133 557
3133 558
3133 559
3134 347
3134 557
3134 558
3134 62
3134 559
3135 1071
3135 375
3135 1546
3136 615
3136 1193
3136 704
3136 152
3136 1519
3137 86
3137 24
3137 739
3137 99
3137 740
3138 86
3138 24
3138 739
3138 99
3138 740
3139 1761
3139 406
3139 1532
3139 1133
3139 1786
3140 704
3140 1193
3140 1519
3140 152
3140 615
3141 1114
3141 558
3141 1115
3142 704
3142 1193
3142 1519
3142 152
3142 615
3143 230
3143 224
3143 740
3144 534
3144 533
3144 174
3144 535
3144 431
3145 333
3145 331
3145 332
3145 334
3145 335
3146 1278
3146 554
3146 1193
3146 327
3146 1682
3147 1278
3147 554
3147 1193
3147 327
3147 1682
3148 1278
3148 554
3148 1193
3148 327
3148 1682
3149 1278
3149 554
3149 1193
3149 327
3149 1682
3150 340
3150 341
3150 342
3150 343
3150 344
3151 1278
3151 554
3151 1193
3151 327
3151 1682
3152 340
3152 341
3152 342
3152 343
3152 344
3153 340
3153 341
3153 342
3153 343
3153 344
3154 1278
3154 554
3154 1193
3154 327
3154 1682
3155 1278
3155 554
3155 1193
3155 327
3155 1682
3156 664
3156 441
3156 1077
3157 664
3157 441
3157 1077
3158 557
3158 542
3159 348
3159 2279
3159 1083
3160 348
3160 2279
3160 1083
3161 2284
3161 1081
3161 357
3162 2284
3162 1081
3162 357
3163 664
3163 441
3163 1077
3164 348
3164 2279
3164 1083
3165 348
3165 2279
3165 1083
3166 49
3166 44
3166 1268
3167 49
3167 44
3167 1268
3168 406
3168 44
3168 963
3168 1268
3169 406
3169 44
3169 963
3169 1268
3170 406
3170 44
3170 963
3170 1268
3171 49
3171 406
3171 963
3172 2394
3172 107
3172 228
3172 685
3172 2198
3173 2394
3173 2198
3173 228
3173 685
3173 107
3174 2394
3174 107
3174 228
3174 685
3174 2198
3175 2394
3175 2198
3175 228
3175 685
3175 107
3176 2394
3176 2198
3176 228
3176 685
3176 107
3177 2394
3177 107
3177 228
3177 685
3177 2198
3178 2394
3178 107
3178 228
3178 685
3178 2198
3179 2394
3179 2198
3179 228
3179 685
3179 107
3180 2394
3180 2198
3180 228
3180 685
3180 107
3181 2394
3181 107
3181 228
3181 685
3181 2198
3182 509
3182 508
3182 219
3183 476
3183 314
3183 119
3183 422
3183 649
3184 1607
3184 3185
3184 1138
3186 1607
3186 1138
3186 3185
3187 1607
3187 3185
3187 1138
3188 1607
3188 1138
3188 3185
3189 399
3189 1403
3189 1978
3190 399
3190 1403
3190 1978
3191 399
3191 1403
3191 1978
3192 399
3192 1403
3192 1978
3193 2193
3193 90
3193 232
3193 2190
3193 692
3194 2193
3194 232
3194 90
3194 2190
3194 692
3195 2193
3195 232
3195 90
3195 2190
3195 692
3196 2193
3196 90
3196 232
3196 2190
3196 692
3197 2193
3197 90
3197 232
3197 2190
3197 692
3198 2193
3198 232
3198 90
3198 2190
3198 692
3199 2193
3199 232
3199 90
3199 2190
3199 692
3200 2193
3200 90
3200 232
3200 2190
3200 692
3201 2193
3201 232
3201 90
3201 2190
3201 692
3202 876
3202 322
3202 552
3203 49
3203 12
3203 50
3203 51
3203 52
3204 49
3204 12
3204 50
3204 51
3204 52
3205 49
3205 12
3205 50
3205 51
3205 52
3206 49
3206 12
3206 50
3206 51
3206 52
3207 996
3207 997
3207 44
3207 998
3207 1
3208 996
3208 997
3208 44
3208 998
3208 1
3209 996
3209 997
3209 44
3209 998
3209 1
3210 996
3210 997
3210 44
3210 998
3210 1
3211 49
3211 52
3211 50
3211 51
3211 12
3212 49
3212 52
3212 50
3212 51
3212 12
3213 444
3213 630
3213 729
3214 500
3214 729
3214 731
3214 1896
3215 456
3215 630
3215 731
3215 729
3216 456
3216 630
3216 729
3217 731
3217 1896
3217 729
3218 500
3218 630
3218 731
3218 729
3219 728
3219 630
3219 1896
3219 729
3220 444
3220 456
3220 500
3220 1896
3220 729
3221 444
3221 731
3221 729
3222 444
3222 1896
3222 731
3222 729
3223 97
3223 98
3223 99
3224 97
3224 102
3224 101
3225 1098
3225 182
3225 102
3226 98
3226 468
3226 1098
3226 102
3227 98
3227 468
3227 1098
3227 102
3228 97
3228 98
3228 99
3229 98
3229 468
3229 182
3230 182
3230 1098
3230 102
3231 98
3231 468
3231 1098
3231 102
3232 98
3232 468
3232 1098
3232 102
3233 476
3233 1721
3233 67
3233 1722
3233 359
3234 1059
3234 107
3234 88
3235 1059
3235 107
3235 88
3236 107
3236 90
3236 787
3237 1059
3237 90
3237 88
3237 787
3238 1059
3238 90
3238 88
3238 787
3239 107
3239 90
3239 787
3240 1059
3240 90
3240 88
3240 787
3241 1059
3241 90
3241 88
3241 787
3242 86
3242 88
3242 1130
3243 86
3243 88
3243 1130
3244 476
3244 1721
3244 67
3244 1722
3244 359
3245 1736
3245 119
3245 306
3245 1711
3245 1737
3246 162
3246 159
3246 165
3246 160
3247 156
3247 162
3247 159
3248 158
3248 159
3248 165
3248 163
3249 156
3249 158
3249 159
3250 158
3250 159
3250 165
3250 163
3251 158
3251 162
3251 160
3251 165
3251 163
3252 162
3252 159
3252 165
3252 160
3253 1334
3253 1335
3253 531
3254 1632
3254 2091
3254 1249
3255 332
3255 331
3255 333
3255 334
3255 335
3256 1423
3256 1424
3256 90
3256 88
3257 1425
3257 90
3257 88
3258 1423
3258 1424
3258 90
3258 1427
3258 107
3259 1423
3259 107
3259 90
3259 1427
3260 1423
3260 1424
3260 90
3260 88
3261 1427
3261 1424
3261 90
3261 1425
3262 107
3262 1427
3262 88
3262 1424
3263 88
3263 107
3263 1425
3264 107
3264 1427
3264 88
3264 1424
3265 1423
3265 1424
3265 1427
3265 88
3266 149
3266 151
3266 150
3266 152
3266 153
3267 843
3267 1267
3267 1403
3267 1135
3267 1
3268 763
3268 157
3268 159
3269 1635
3269 2102
3269 1501
3270 1462
3270 1374
3270 1030
3271 1030
3271 1462
3271 1374
3272 1030
3272 1462
3272 1374
3273 1462
3273 1030
3273 1374
3274 156
3274 188
3274 1591
3275 188
3275 156
3275 1591
3276 188
3276 156
3276 1591
3277 156
3277 188
3277 1591
3278 1632
3278 2091
3278 1249
3279 191
3279 1593
3279 163
3280 191
3280 1593
3280 163
3281 1632
3281 2091
3281 1249
3282 240
3282 245
3282 247
3282 242
3283 240
3283 245
3283 241
3283 247
3284 240
3284 245
3284 247
3284 242
3285 247
3285 242
3285 248
3286 186
3286 589
3286 387
3287 589
3287 186
3287 387
3288 186
3288 589
3288 387
3289 589
3289 186
3289 387
3290 230
3290 288
3290 228
3291 245
3291 241
3291 247
3291 243
3292 240
3292 245
3292 243
3292 248
3293 3185
3294 1145
3294 1863
3294 620
3295 1145
3295 620
3295 1863
3296 30
3297 210
3297 831
3297 3069
3298 210
3298 831
3298 3069
3299 210
3299 831
3299 3069
3300 210
3300 831
3300 3069
3301 1851
3301 206
3301 828
3302 206
3302 1851
3302 828
3303 206
3303 1851
3303 828
3304 1851
3304 206
3304 828
3305 840
3305 12
3305 1607
3305 965
3305 1134
3306 998
3306 1267
3306 220
3306 51
3307 220
3307 965
3307 51
3308 529
3308 325
3308 463
3308 530
3308 531
3309 840
3309 12
3309 1607
3309 1134
3309 965
3310 998
3310 1267
3310 965
3311 5
3311 278
3311 279
3311 277
3311 280
3312 277
3312 278
3312 279
3312 5
3312 280
3313 5
3313 278
3313 279
3313 280
3313 277
3314 998
3314 1267
3314 220
3314 51
3315 998
3315 1267
3315 220
3315 51
3316 220
3316 51
3316 965
3317 998
3317 1267
3317 965
3318 2156
3319 1993
3320 2331
3321 1632
3321 2091
3321 1249
3322 1364
3322 117
3322 248
3323 1025
3323 1279
3323 81
3324 491
3324 2837
3324 2231
3325 491
3325 2837
3325 2231
3326 491
3326 2837
3326 2231
3327 491
3327 2837
3327 2231
3328 493
3328 1999
3328 1779
3329 493
3329 1999
3329 1779
3330 615
3330 704
3330 1193
3330 152
3330 1519
3331 615
3331 704
3331 1193
3331 152
3331 1519
3332 149
3332 150
3332 151
3332 152
3332 153
3333 8
3333 12
3333 208
3333 206
3334 1364
3334 117
3334 248
3335 1364
3335 117
3335 248
3336 865
3336 2533
3336 359
3337 865
3337 2533
3337 359
3338 865
3338 2533
3338 2415
3339 1279
3339 1025
3339 81
3340 476
3340 649
3340 119
3340 314
3340 422
3341 865
3341 2533
3341 2415
3342 476
3342 314
3342 119
3342 649
3342 422
3343 476
3343 422
3343 119
3343 314
3343 649
3344 476
3344 649
3344 119
3344 314
3344 422
3345 1030
3345 72
3345 1335
3346 8
3346 210
3346 206
3346 1
3347 332
3347 150
3347 992
3348 205
3348 208
3348 5
3348 210
3349 340
3349 341
3349 342
3349 343
3349 344
3350 393
3350 1999
3350 798
3351 5
3351 206
3351 210
3352 340
3352 341
3352 342
3352 343
3352 344
3353 259
3354 340
3354 341
3354 342
3354 343
3354 344
3355 149
3355 150
3355 151
3355 152
3355 153
3356 149
3356 151
3356 150
3356 152
3356 153
3357 149
3357 151
3357 150
3357 152
3357 153
3358 149
3358 150
3358 151
3358 152
3358 153
3359 149
3359 150
3359 151
3359 152
3359 153
3360 149
3360 151
3360 150
3360 152
3360 153
3361 340
3361 341
3361 342
3361 343
3361 344
3362 340
3362 341
3362 342
3362 343
3362 344
3363 340
3363 341
3363 342
3363 343
3363 344
3364 340
3364 341
3364 342
3364 343
3364 344
3365 61
3365 357
3365 306
3365 358
3365 359
3366 61
3366 357
3366 306
3366 358
3366 359
3367 340
3367 341
3367 342
3367 343
3367 344
3368 340
3368 341
3368 342
3368 343
3368 344
3369 61
3369 357
3369 306
3369 358
3369 359
3370 61
3370 357
3370 306
3370 358
3370 359
3371 61
3371 357
3371 306
3371 358
3371 359
3372 61
3372 357
3372 306
3372 358
3372 359
3373 61
3373 357
3373 306
3373 358
3373 359
3374 61
3374 357
3374 306
3374 358
3374 359
3375 61
3375 357
3375 306
3375 358
3375 359
3376 61
3376 357
3376 306
3376 358
3376 359
