4450 8258
0 1
0 2
0 3
0 4
0 5
0 6
0 7
0 8
0 9
0 10
0 11
0 12
0 13
0 14
0 15
0 16
0 17
0 18
0 19
0 20
0 21
0 22
0 23
0 24
0 25
0 26
0 27
0 28
0 29
0 30
0 31
0 32
0 33
0 34
0 35
0 36
0 37
0 38
0 39
0 40
0 41
0 42
0 43
0 44
0 45
0 46
0 47
0 48
0 49
0 50
0 51
0 52
0 53
0 54
0 55
0 56
0 57
0 58
0 59
0 60
0 61
0 62
0 63
0 64
0 65
0 66
0 67
0 68
0 69
0 70
0 71
0 72
0 73
0 74
0 75
0 76
0 77
0 78
0 79
0 80
0 81
0 82
0 83
0 84
0 85
0 86
0 87
0 88
0 89
0 90
0 91
0 92
0 93
0 94
0 95
0 96
0 97
0 98
0 99
0 100
0 101
0 102
0 103
0 104
0 105
0 106
0 107
0 108
0 109
0 110
0 111
0 112
0 113
0 114
0 115
0 116
0 117
0 118
0 119
0 120
0 121
0 122
0 123
0 124
0 125
0 126
0 127
0 128
0 129
0 130
0 131
0 132
0 133
0 134
0 135
0 136
0 137
0 138
0 139
0 140
0 141
0 142
0 143
0 144
0 145
0 146
0 147
0 148
0 149
0 150
0 151
0 152
0 153
0 154
0 155
0 156
0 157
0 158
0 159
0 160
0 161
0 162
0 163
0 164
0 165
0 166
0 167
0 168
0 169
0 170
0 171
0 172
0 173
0 174
0 175
0 176
0 177
0 178
0 179
0 180
0 181
0 182
0 183
0 184
0 185
0 186
0 187
0 188
0 189
0 190
0 191
0 192
0 193
0 194
0 195
0 196
0 197
0 198
0 199
0 200
0 201
0 202
0 203
0 204
0 205
0 206
0 207
0 208
0 209
0 210
0 211
0 212
0 213
0 214
0 215
0 216
0 217
0 218
0 219
0 220
0 221
0 222
0 223
0 224
0 225
0 226
0 227
0 228
0 229
0 230
1 231
1 21
232 233
2 234
235 236
235 68
237 238
237 239
240 241
242 243
242 26
242 154
244 21
245 27
246 231
246 247
248 26
248 249
248 250
248 251
248 154
252 231
252 22
253 21
253 254
253 255
253 256
257 231
257 258
259 43
259 260
261 231
262 263
262 21
262 233
3 256
4 27
4 264
4 52
5 77
265 108
266 154
267 231
267 21
267 268
267 269
267 103
270 22
271 21
272 21
6 231
6 27
273 233
7 274
7 154
275 27
276 21
276 60
277 255
277 68
277 278
277 233
279 280
281 21
281 282
9 16
9 27
9 283
9 284
9 285
9 286
9 147
287 288
287 289
290 291
290 292
290 293
294 295
296 43
297 27
297 52
298 27
298 31
298 299
298 300
298 301
302 26
302 154
303 154
304 27
304 305
306 231
306 34
306 52
10 307
10 154
11 27
308 31
308 309
308 310
308 52
308 68
308 311
308 312
308 313
308 314
308 315
308 316
308 317
308 318
308 319
320 321
291 231
322 231
322 21
322 323
322 103
322 324
325 231
325 326
325 327
325 328
325 329
325 330
12 27
12 331
12 264
12 43
332 231
332 27
238 21
238 333
238 52
238 68
238 239
238 334
238 335
238 336
238 337
238 338
238 339
340 75
341 263
341 22
342 255
342 68
343 26
343 154
344 345
344 346
344 347
344 348
344 349
344 350
344 351
344 352
344 353
344 354
344 355
13 27
14 27
14 147
231 356
231 326
231 357
231 358
231 359
231 360
231 361
231 21
231 22
231 26
231 362
231 363
231 364
231 268
231 365
231 366
231 367
231 368
231 369
231 310
231 370
231 371
231 372
231 373
231 68
231 374
231 375
231 239
231 241
231 111
231 376
231 377
231 378
231 130
231 379
231 380
231 154
231 381
231 382
231 383
231 280
231 301
231 384
231 305
231 385
231 260
231 215
231 386
231 233
231 256
387 154
15 31
388 389
388 370
356 103
390 68
391 254
16 20
16 21
16 392
16 27
16 393
16 31
16 394
16 33
16 34
16 395
16 295
16 396
16 397
16 52
16 68
16 71
16 398
16 399
16 400
16 401
16 402
16 403
16 404
16 405
16 406
16 407
16 408
16 147
16 409
16 410
16 411
16 412
16 413
16 414
16 415
16 416
16 417
16 418
16 419
16 420
16 421
422 26
422 423
424 21
326 68
326 328
357 425
357 34
357 369
426 147
18 427
428 241
429 20
429 21
429 34
429 36
429 328
429 430
429 314
429 431
429 432
429 223
358 31
358 433
359 21
359 99
434 254
435 254
436 437
436 438
360 31
360 439
263 21
263 34
263 440
263 75
263 441
263 442
263 443
263 444
263 445
263 446
263 447
448 449
448 269
448 52
361 450
361 21
361 269
361 68
361 110
361 451
361 452
361 453
450 31
454 455
456 457
456 154
458 254
459 52
449 269
460 254
460 68
461 22
462 463
462 464
462 379
462 465
457 254
466 68
466 467
466 468
466 469
470 27
470 471
20 21
20 22
20 472
20 24
20 26
20 27
20 473
20 474
20 31
20 33
20 34
20 475
20 35
20 476
20 36
20 477
20 478
20 479
20 480
20 481
20 482
20 40
20 483
20 484
20 485
20 264
20 43
20 44
20 486
20 47
20 487
20 49
20 52
20 488
20 55
20 489
20 490
20 491
20 492
20 56
20 299
20 63
20 66
20 68
20 75
20 76
20 493
20 78
20 79
20 80
20 81
20 84
20 494
20 495
20 89
20 91
20 496
20 497
20 498
20 110
20 499
20 116
20 119
20 500
20 131
20 501
20 502
20 503
20 154
504 22
504 505
506 21
507 21
21 22
21 508
21 509
21 24
21 463
21 389
21 26
21 362
21 363
21 27
21 269
21 31
21 510
21 33
21 34
21 35
21 36
21 282
21 255
21 40
21 264
21 511
21 43
21 44
21 512
21 47
21 49
21 52
21 513
21 372
21 55
21 490
21 247
21 56
21 514
21 299
21 515
21 345
21 516
21 517
21 518
21 63
21 519
21 66
21 68
21 520
21 521
21 72
21 522
21 75
21 493
21 77
21 78
21 79
21 80
21 81
21 523
21 524
21 83
21 84
21 494
21 89
21 90
21 91
21 525
21 99
21 526
21 527
21 102
21 528
21 103
21 106
21 110
21 529
21 530
21 116
21 119
21 378
21 278
21 124
21 125
21 531
21 532
21 533
21 534
21 535
21 536
21 537
21 130
21 131
21 379
21 538
21 501
21 142
21 539
21 147
21 439
21 154
21 540
21 383
21 541
21 542
21 411
21 543
21 544
21 215
21 545
546 547
22 26
22 27
22 31
22 548
22 549
22 33
22 34
22 550
22 36
22 551
22 552
22 264
22 553
22 52
22 554
22 68
22 88
22 555
22 556
22 147
392 154
557 255
557 233
333 239
558 154
559 560
559 561
559 379
508 562
563 564
565 254
566 567
568 254
569 254
570 254
567 254
567 393
571 254
572 254
573 254
574 575
576 254
577 575
578 254
579 254
509 580
509 477
509 581
509 68
509 582
509 185
472 476
472 55
472 583
472 584
472 585
472 586
472 587
472 588
589 254
589 154
590 475
455 463
455 591
455 592
455 593
455 594
455 379
595 31
595 68
23 27
596 27
596 582
597 475
24 254
24 598
24 31
24 33
24 34
24 36
24 575
24 52
24 68
24 599
463 600
463 601
463 602
463 603
463 604
463 605
463 606
463 31
463 607
463 68
463 608
463 130
463 609
463 610
463 611
463 612
463 613
463 614
463 615
616 154
389 27
389 370
389 68
389 131
389 617
389 618
389 619
389 620
389 621
389 622
623 606
623 624
625 31
625 626
25 254
627 254
628 254
26 598
26 31
26 33
26 34
26 36
26 52
26 68
26 629
26 154
26 630
631 632
633 634
633 635
636 94
362 269
362 383
292 31
292 637
292 52
292 516
292 638
292 639
292 640
292 641
292 642
292 643
292 644
292 645
292 646
647 393
648 254
648 154
649 33
363 103
650 34
27 473
27 651
27 652
27 653
27 654
27 269
27 30
27 31
27 655
27 33
27 34
27 656
27 35
27 476
27 657
27 321
27 36
27 37
27 38
27 658
27 659
27 660
27 661
27 40
27 41
27 662
27 440
27 663
27 664
27 665
27 264
27 666
27 43
27 44
27 667
27 668
27 327
27 47
27 669
27 670
27 671
27 672
27 673
27 674
27 49
27 675
27 676
27 677
27 678
27 52
27 513
27 679
27 53
27 680
27 681
27 682
27 683
27 684
27 685
27 55
27 686
27 489
27 56
27 57
27 687
27 688
27 689
27 690
27 299
27 60
27 691
27 692
27 62
27 63
27 561
27 64
27 693
27 66
27 67
27 68
27 520
27 694
27 695
27 696
27 697
27 70
27 698
27 699
27 700
27 701
27 702
27 71
27 72
27 703
27 704
27 307
27 705
27 706
27 707
27 708
27 709
27 710
27 711
27 712
27 713
27 75
27 714
27 715
27 716
27 76
27 493
27 77
27 640
27 717
27 78
27 79
27 718
27 719
27 81
27 720
27 721
27 524
27 722
27 723
27 83
27 724
27 725
27 84
27 726
27 727
27 728
27 729
27 730
27 731
27 732
27 733
27 85
27 734
27 735
27 736
27 737
27 738
27 739
27 740
27 741
27 86
27 742
27 743
27 744
27 745
27 746
27 747
27 494
27 748
27 749
27 750
27 751
27 752
27 753
27 754
27 755
27 756
27 757
27 88
27 758
27 759
27 760
27 761
27 762
27 763
27 495
27 764
27 89
27 91
27 765
27 766
27 92
27 767
27 93
27 768
27 769
27 770
27 771
27 285
27 286
27 772
27 773
27 774
27 775
27 776
27 777
27 778
27 96
27 779
27 780
27 781
27 782
27 783
27 784
27 97
27 785
27 786
27 787
27 788
27 789
27 790
27 791
27 98
27 792
27 793
27 794
27 99
27 795
27 796
27 797
27 798
27 799
27 800
27 801
27 802
27 803
27 804
27 805
27 806
27 807
27 808
27 809
27 810
27 100
27 811
27 812
27 102
27 813
27 814
27 528
27 815
27 816
27 817
27 818
27 819
27 820
27 103
27 821
27 822
27 823
27 105
27 824
27 825
27 826
27 106
27 107
27 109
27 827
27 828
27 829
27 830
27 831
27 832
27 833
27 112
27 113
27 834
27 835
27 836
27 837
27 838
27 839
27 840
27 841
27 842
27 843
27 844
27 114
27 845
27 643
27 846
27 847
27 499
27 848
27 849
27 530
27 850
27 851
27 852
27 853
27 854
27 855
27 116
27 856
27 857
27 858
27 859
27 860
27 861
27 862
27 863
27 864
27 865
27 866
27 867
27 868
27 869
27 400
27 870
27 871
27 120
27 872
27 873
27 874
27 875
27 876
27 877
27 122
27 878
27 879
27 880
27 123
27 881
27 882
27 883
27 884
27 885
27 886
27 887
27 888
27 889
27 126
27 402
27 890
27 891
27 892
27 893
27 894
27 895
27 896
27 897
27 898
27 403
27 899
27 900
27 531
27 626
27 404
27 901
27 902
27 903
27 904
27 127
27 905
27 532
27 906
27 907
27 908
27 909
27 910
27 911
27 912
27 913
27 914
27 915
27 916
27 917
27 918
27 919
27 405
27 535
27 920
27 921
27 644
27 922
27 923
27 128
27 924
27 406
27 925
27 130
27 926
27 927
27 928
27 131
27 929
27 132
27 930
27 133
27 931
27 932
27 933
27 934
27 935
27 936
27 937
27 938
27 468
27 939
27 940
27 941
27 942
27 943
27 134
27 944
27 945
27 946
27 947
27 135
27 948
27 949
27 950
27 137
27 951
27 952
27 953
27 954
27 955
27 138
27 956
27 957
27 958
27 959
27 960
27 961
27 140
27 962
27 963
27 964
27 965
27 141
27 966
27 501
27 967
27 968
27 969
27 970
27 971
27 972
27 973
27 974
27 975
27 976
27 977
27 978
27 979
27 980
27 981
27 982
27 983
27 984
27 985
27 986
27 987
27 988
27 989
27 990
27 451
27 147
27 991
27 992
27 993
27 994
27 995
27 996
27 997
27 148
27 998
27 999
27 1000
27 1001
27 1002
27 1003
27 1004
27 1005
27 1006
27 1007
27 1008
27 1009
27 1010
27 1011
27 1012
27 152
27 1013
27 1014
27 1015
27 1016
27 1017
27 1018
27 1019
27 540
27 157
27 1020
27 1021
27 1022
27 1023
27 1024
27 1025
27 1026
27 1027
27 1028
27 159
27 1029
27 1030
27 1031
27 1032
27 1033
27 1034
27 1035
27 1036
27 161
27 1037
27 1038
27 1039
27 1040
27 1041
27 1042
27 1043
27 1044
27 1045
27 163
27 1046
27 1047
27 1048
27 165
27 1049
27 1050
27 1051
27 1052
27 1053
27 169
27 170
27 1054
27 1055
27 1056
27 1057
27 1058
27 1059
27 1060
27 1061
27 1062
27 1063
27 1064
27 1065
27 1066
27 1067
27 1068
27 1069
27 1070
27 1071
27 1072
27 1073
27 1074
27 1075
27 1076
27 1077
27 1078
27 1079
27 1080
27 1081
27 1082
27 1083
27 1084
27 1085
27 1086
27 1087
27 1088
27 1089
27 1090
27 1091
27 1092
27 1093
27 175
27 1094
27 1095
27 1096
27 1097
27 1098
27 1099
27 1100
27 1101
27 1102
27 1103
27 1104
27 1105
27 1106
27 1107
27 1108
27 176
27 1109
27 1110
27 1111
27 1112
27 1113
27 1114
27 1115
27 177
27 1116
27 1117
27 1118
27 337
27 1119
27 1120
27 1121
27 1122
27 178
27 1123
27 1124
27 1125
27 1126
27 1127
27 1128
27 1129
27 1130
27 1131
27 1132
27 1133
27 1134
27 1135
27 1136
27 181
27 1137
27 1138
27 1139
27 183
27 1140
27 1141
27 1142
27 1143
27 1144
27 184
27 1145
27 1146
27 1147
27 1148
27 1149
27 1150
27 1151
27 1152
27 1153
27 1154
27 1155
27 1156
27 1157
27 411
27 1158
27 1159
27 1160
27 1161
27 1162
27 1163
27 1164
27 1165
27 1166
27 1167
27 185
27 1168
27 1169
27 1170
27 1171
27 1172
27 1173
27 1174
27 1175
27 1176
27 1177
27 187
27 1178
27 1179
27 1180
27 1181
27 1182
27 1183
27 1184
27 189
27 1185
27 1186
27 1187
27 1188
27 192
27 1189
27 194
27 315
27 1190
27 1191
27 1192
27 1193
27 1194
27 1195
27 1196
27 1197
27 1198
27 1199
27 1200
27 1201
27 195
27 1202
27 196
27 1203
27 1204
27 1205
27 1206
27 1207
27 1208
27 1209
27 1210
27 1211
27 1212
27 197
27 1213
27 1214
27 1215
27 1216
27 1217
27 1218
27 1219
27 1220
27 1221
27 1222
27 1223
27 1224
27 200
27 201
27 1225
27 1226
27 1227
27 1228
27 1229
27 1230
27 1231
27 1232
27 1233
27 1234
27 203
27 204
27 1235
27 1236
27 1237
27 1238
27 1239
27 1240
27 1241
27 1242
27 1243
27 1244
27 1245
27 1246
27 1247
27 1248
27 1249
27 1250
27 305
27 1251
27 1252
27 1253
27 1254
27 1255
27 1256
27 1257
27 1258
27 1259
27 1260
27 1261
27 1262
27 1263
27 1264
27 1265
27 1266
27 1267
27 1268
27 1269
27 1270
27 1271
27 1272
27 1273
27 1274
27 1275
27 619
27 1276
27 1277
27 1278
27 1279
27 208
27 1280
27 1281
27 1282
27 1283
27 1284
27 1285
27 1286
27 1287
27 1288
27 1289
27 1290
27 1291
27 1292
27 1293
27 1294
27 1295
27 1296
27 1297
27 1298
27 1299
27 1300
27 1301
27 1302
27 1303
27 209
27 210
27 1304
27 1305
27 1306
27 1307
27 1308
27 1309
27 1310
27 1311
27 211
27 1312
27 1313
27 1314
27 1315
27 1316
27 1317
27 1318
27 1319
27 1320
27 1321
27 1322
27 1323
27 1324
27 1325
27 1326
27 1327
27 1328
27 1329
27 1330
27 1331
27 1332
27 1333
27 1334
27 1335
27 1336
27 1337
27 1338
27 1339
27 1340
27 1341
27 1342
27 1343
27 1344
27 1345
27 1346
27 419
27 1347
27 1348
27 1349
27 1350
27 1351
27 1352
27 1353
27 1354
27 1355
27 1356
27 1357
27 1358
27 1359
27 1360
27 1361
27 1362
27 1363
27 1364
27 1365
27 1366
27 1367
27 1368
27 1369
27 1370
27 1371
27 1372
27 1373
27 1374
27 1375
27 1376
27 1377
27 1378
27 1379
27 1380
27 1381
27 1382
27 1383
27 1384
27 1385
27 1386
27 1387
27 219
27 1388
27 1389
27 220
27 1390
27 1391
27 1392
27 1393
27 1394
27 1395
27 1396
27 1397
27 1398
27 1399
27 1400
27 1401
27 1402
27 1403
27 1404
27 1405
27 1406
27 1407
27 1408
27 1409
27 1410
27 318
27 1411
27 1412
27 1413
27 1414
27 421
27 1415
27 224
27 1416
27 1417
27 1418
27 1419
27 1420
27 1421
27 1422
27 1423
27 1424
27 1425
27 1426
27 1427
27 1428
27 1429
27 1430
27 1431
27 1432
27 1433
27 1434
27 1435
27 1436
27 1437
27 1438
27 319
27 1439
27 1440
27 1441
27 1442
27 1443
27 1444
27 1445
27 1446
27 1447
27 1448
27 1449
27 1450
27 1451
27 1452
27 1453
27 1454
27 1455
27 228
27 1456
27 1457
27 1458
27 1459
27 1460
27 1461
27 1462
27 1463
27 1464
27 1465
27 1466
27 1467
27 1468
473 651
473 1469
473 1470
473 1471
473 1472
473 1473
473 1474
473 1475
473 476
473 1476
473 1477
473 505
473 1478
473 437
473 1479
473 1480
473 513
473 1481
473 1482
473 685
473 1483
473 1484
473 1485
473 1486
473 686
473 489
473 1487
473 1488
473 1489
473 492
473 1490
473 1491
473 80
473 1492
473 100
473 1493
473 526
473 527
473 1494
473 1495
473 1496
473 1497
473 814
473 1498
473 528
473 1499
473 1500
473 1501
473 1502
473 1503
473 1504
473 1505
473 930
473 1506
473 1507
473 1508
473 1509
473 1510
473 1511
473 1512
473 1513
473 1514
473 1515
473 1516
473 1517
473 1518
473 1519
473 1520
473 1521
473 1522
473 1523
473 1524
473 1525
473 1526
473 1527
473 1528
473 1529
473 1530
473 1531
473 1532
473 1533
473 1534
473 1535
473 1536
473 1537
473 1538
473 1539
473 1540
473 1541
473 1542
473 1543
473 1544
473 1545
473 1546
473 1547
473 1548
473 1549
473 1550
473 1551
473 1552
651 284
651 523
651 1553
651 759
651 771
651 1554
651 1555
651 774
651 1556
651 1557
651 1558
651 1559
651 1560
651 1561
28 626
1562 31
1562 493
1562 1563
1562 131
1564 474
1564 1490
254 393
254 1565
254 1566
254 1567
254 1568
254 1569
254 1570
254 1571
254 1572
254 1573
254 1574
254 1575
254 1576
254 1577
254 1578
254 1579
254 1580
254 1581
254 1582
254 1583
254 1584
254 1585
254 1586
254 1587
254 1588
254 1589
254 1590
254 1591
254 1592
254 1593
254 1594
254 1595
254 1596
254 1597
254 1598
254 1599
254 1600
254 1601
254 1602
254 1603
254 1604
254 1605
254 1606
254 1607
254 1608
254 1609
254 672
254 1610
254 1611
254 1612
254 1613
254 1614
254 749
254 1615
254 1616
254 1617
254 1618
254 1619
254 1620
254 1621
254 1622
254 1623
254 599
254 846
254 1624
254 1625
254 1626
254 1627
254 1628
393 1629
393 68
393 1630
1631 634
1631 1632
1633 1634
1633 1635
29 68
1636 1637
1638 1639
1638 1640
1641 575
1642 1643
1644 1643
236 1645
236 1477
236 1646
236 1647
236 130
236 1648
236 1649
580 1643
580 1650
474 1501
1651 103
601 1652
601 1653
602 31
602 379
1654 654
653 1655
653 464
653 1656
653 1657
653 1658
653 465
653 1171
653 1659
1655 654
1655 1657
1655 1659
654 561
654 1656
654 1660
654 1661
654 1662
654 593
654 1657
654 1663
654 594
654 1664
654 1665
654 1666
654 1667
654 1668
654 1669
654 1670
654 1671
654 1672
654 1673
654 1674
654 1675
654 1676
654 1677
654 1678
654 1679
654 1680
654 1681
1682 379
1683 607
1684 295
1685 604
1686 604
1686 1687
560 561
560 1688
560 1689
560 1690
604 31
604 464
604 1691
604 1692
604 1657
604 379
604 1693
604 1694
605 1695
605 1696
624 379
1469 1697
1469 1698
1469 331
1469 1699
1469 1700
1469 1470
1469 492
1469 1701
1469 130
1469 1702
1469 1703
1469 1649
1697 492
1704 634
1705 634
1706 634
1707 634
1708 634
1709 1698
1710 33
1710 1711
331 1712
331 1486
331 489
331 1713
331 1714
331 1715
331 1716
331 1717
331 1718
331 1719
331 1703
331 1720
331 1721
1712 1722
1712 1723
1470 489
1470 492
1470 528
364 439
364 1724
1725 634
1726 241
1645 68
1727 116
1728 1729
1728 1730
1728 68
1728 1731
1728 427
1728 1732
1728 1733
1728 1734
1728 1735
1728 1736
1728 1737
1728 775
1728 1738
1728 1739
1728 1740
1728 1741
1728 1742
1728 112
1728 130
1728 503
1728 1743
1728 1057
1728 1744
1728 1745
1728 1746
1728 1747
1728 1748
1728 1749
1728 1750
1728 1751
1728 1752
1728 1753
1728 1558
1728 1754
1728 1755
1728 1756
1728 1757
1728 1758
1728 1759
1728 1760
1728 1761
1728 1762
1728 1763
1728 1764
1728 1765
1728 1766
1728 1767
1728 1768
1728 1769
1728 1770
1728 1771
1728 1772
1728 1773
1728 1774
1728 1775
1728 1776
1728 1777
1728 1778
1728 1779
1728 1780
268 269
269 31
269 1781
269 68
269 374
269 1782
269 1783
269 1784
269 863
269 1785
269 1005
269 1786
269 1145
269 1787
269 452
269 1788
269 1789
269 1790
269 1274
269 1791
269 1310
269 1320
269 620
269 1792
269 1793
269 1794
269 1795
269 1796
269 1797
1798 68
1799 1800
1799 68
1799 1801
31 1802
31 1803
31 33
31 367
31 34
31 35
31 657
31 321
31 1804
31 1805
31 258
31 1806
31 1807
31 1808
31 36
31 37
31 40
31 1809
31 41
31 440
31 664
31 665
31 264
31 666
31 1810
31 1811
31 43
31 44
31 1812
31 1813
31 47
31 670
31 674
31 49
31 51
31 675
31 1814
31 1815
31 52
31 679
31 53
31 423
31 1816
31 683
31 490
31 56
31 1817
31 1818
31 689
31 1819
31 1820
31 58
31 59
31 299
31 1821
31 60
31 1822
31 1823
31 63
31 1824
31 693
31 1825
31 1826
31 1827
31 66
31 1828
31 68
31 520
31 69
31 1829
31 1830
31 1831
31 1832
31 697
31 1833
31 1656
31 70
31 1834
31 700
31 1835
31 1836
31 703
31 1837
31 704
31 307
31 705
31 1838
31 73
31 1839
31 1840
31 1841
31 709
31 1842
31 1843
31 1844
31 1845
31 1846
31 1847
31 75
31 714
31 1848
31 1849
31 1850
31 328
31 1851
31 76
31 493
31 78
31 79
31 80
31 1852
31 1853
31 1854
31 81
31 1855
31 1856
31 1857
31 641
31 724
31 84
31 1858
31 726
31 727
31 729
31 642
31 1859
31 1860
31 1861
31 1862
31 1863
31 758
31 1646
31 89
31 91
31 767
31 93
31 768
31 1783
31 1864
31 285
31 94
31 772
31 773
31 1865
31 1866
31 95
31 1867
31 1868
31 783
31 525
31 790
31 1869
31 1870
31 1871
31 99
31 798
31 241
31 804
31 1616
31 527
31 1872
31 1873
31 103
31 822
31 1874
31 105
31 1875
31 1876
31 1877
31 1878
31 106
31 1879
31 109
31 110
31 1880
31 833
31 1881
31 1688
31 844
31 114
31 1882
31 1883
31 1884
31 1885
31 1886
31 850
31 852
31 116
31 1887
31 857
31 858
31 1888
31 1889
31 1890
31 119
31 1891
31 868
31 869
31 120
31 1892
31 1893
31 881
31 1894
31 1895
31 1896
31 887
31 889
31 1897
31 1898
31 1899
31 1900
31 1901
31 467
31 403
31 626
31 404
31 902
31 127
31 1902
31 908
31 1903
31 1904
31 1905
31 1906
31 1907
31 1908
31 925
31 130
31 927
31 928
31 131
31 1909
31 132
31 1910
31 938
31 939
31 1911
31 943
31 135
31 137
31 1912
31 1913
31 1914
31 138
31 1915
31 1916
31 1917
31 1648
31 1918
31 143
31 1919
31 144
31 980
31 981
31 503
31 989
31 1920
31 1921
31 147
31 991
31 995
31 1922
31 1923
31 999
31 439
31 1924
31 1000
31 1003
31 1008
31 1925
31 1926
31 1927
31 1928
31 1009
31 154
31 1929
31 1930
31 465
31 540
31 156
31 1931
31 1020
31 1932
31 1024
31 1933
31 1934
31 1935
31 1936
31 1937
31 1938
31 1939
31 160
31 1940
31 1941
31 1942
31 1943
31 1944
31 1945
31 1040
31 1045
31 1946
31 167
31 1947
31 1948
31 1949
31 1059
31 1950
31 1951
31 1061
31 1952
31 1953
31 1954
31 1955
31 1956
31 1957
31 174
31 1958
31 1088
31 1091
31 1092
31 1094
31 1959
31 618
31 1960
31 1108
31 1961
31 1962
31 1114
31 1963
31 1117
31 1118
31 1964
31 1965
31 1121
31 1966
31 1122
31 1967
31 1128
31 1139
31 1968
31 1969
31 1970
31 1140
31 1971
31 1972
31 1973
31 184
31 1974
31 1975
31 1976
31 413
31 1977
31 1978
31 1181
31 1182
31 188
31 1979
31 1980
31 1981
31 1982
31 1983
31 1193
31 1984
31 646
31 1985
31 1202
31 1986
31 1207
31 1987
31 1210
31 197
31 1988
31 1989
31 1990
31 1991
31 1220
31 1223
31 1231
31 1992
31 1993
31 1994
31 1995
31 1996
31 1997
31 1998
31 1999
31 1242
31 1245
31 2000
31 1253
31 2001
31 2002
31 1259
31 2003
31 2004
31 2005
31 2006
31 2007
31 207
31 1276
31 1278
31 2008
31 2009
31 2010
31 1295
31 2011
31 1297
31 2012
31 2013
31 1303
31 209
31 210
31 1306
31 1311
31 2014
31 2015
31 2016
31 2017
31 1323
31 2018
31 2019
31 1326
31 1327
31 2020
31 2021
31 2022
31 1338
31 2023
31 2024
31 2025
31 2026
31 1352
31 2027
31 2028
31 2029
31 2030
31 2031
31 1366
31 1367
31 2032
31 2033
31 2034
31 1372
31 2035
31 1381
31 2036
31 2037
31 2038
31 432
31 219
31 2039
31 220
31 2040
31 2041
31 2042
31 1407
31 1409
31 1413
31 2043
31 1417
31 2044
31 2045
31 2046
31 2047
31 2048
31 1436
31 1438
31 1448
31 1460
31 2049
31 1465
2050 68
2050 2051
2050 2052
2050 2053
2050 2054
2050 2055
2050 2056
2050 2057
2058 1501
365 68
2059 68
1471 476
1471 36
1471 2060
1471 2061
1471 1501
1471 2062
1471 2063
2064 154
549 274
1472 1487
1472 2065
1472 2066
1472 2067
1472 2068
1472 2069
1472 2070
1472 2071
1472 2072
1472 2073
1472 2074
1472 2075
1473 478
1473 55
1473 2076
1473 2077
1473 2078
1473 584
1473 1522
1473 2079
1473 2080
1473 2081
1473 2082
1473 2083
1473 2084
1473 2085
1473 2086
1473 2087
1473 2088
1473 2089
1473 2090
1473 2091
2092 476
2092 1477
2092 2093
2092 55
2092 1647
2092 2094
2092 2076
2092 2078
2092 2095
2092 2096
2092 2097
2092 2098
2092 2099
2092 2100
2092 2101
2092 2102
2092 2103
2092 2104
2092 2105
510 2106
510 2107
510 2108
510 68
510 2109
510 2110
510 2111
510 2112
510 2080
510 2113
510 2114
510 2115
510 1649
510 2116
655 1818
655 110
655 119
655 541
655 2117
394 476
394 1477
394 478
394 2118
394 1647
394 2119
394 412
394 2120
2121 2122
2121 2123
2121 468
1474 476
1474 38
1474 1477
1474 2124
1474 2125
1474 489
1474 2126
1474 2127
1474 1647
1474 2128
1474 1873
1474 2129
1474 1559
1474 2130
1474 2131
1474 2132
2133 1643
2134 1643
2135 1643
366 68
366 439
1634 33
1634 1841
2136 33
2136 2137
2138 33
2138 103
2138 1253
2139 2140
2139 33
2139 2141
2139 770
1781 33
1781 2142
1781 657
1781 673
1781 66
1781 2143
1781 1205
1781 2144
1781 2145
1635 33
1635 707
1635 2146
1635 189
1635 2147
2148 33
2148 2149
2148 2150
2148 2151
2148 695
2148 730
2148 929
2148 556
2148 1032
2152 33
2152 467
2153 33
2154 2155
2154 33
2154 515
2156 33
2156 989
2156 1128
2157 33
2157 662
2157 2158
2157 1817
2157 1052
2159 33
562 33
562 2160
562 676
562 373
562 1851
2161 33
2161 2162
2161 809
2161 249
2161 924
2161 630
2161 2163
2164 1637
2165 99
2166 147
2167 154
2168 154
1594 154
2169 575
2170 575
2171 575
2172 575
2173 575
2174 575
1602 43
1602 1610
1602 1627
1475 476
1475 437
1475 2175
1475 2176
1475 2177
1475 2178
1475 2179
1475 2180
1475 2181
1803 147
2182 33
2182 2183
2184 2185
2184 2186
2187 33
2187 2188
2187 120
2187 2097
2187 411
2187 2189
2185 33
2185 2190
2185 2191
2185 2192
2193 33
33 2194
33 2195
33 2196
33 471
33 2197
33 2198
33 2199
33 34
33 35
33 36
33 40
33 41
33 43
33 44
33 47
33 52
33 56
33 299
33 63
33 68
33 76
33 78
33 79
33 80
33 81
33 524
33 83
33 84
33 494
33 495
33 89
33 91
33 100
33 110
33 116
33 119
33 131
33 501
33 541
33 1232
33 2200
33 2186
2195 937
2196 2201
2196 1103
2202 68
2202 1853
2202 130
2202 2203
2202 2204
471 41
464 68
464 465
2198 837
2199 2205
2206 1643
2207 1643
1643 2208
1643 2209
1643 2210
1643 2211
1643 2212
1643 2213
1643 2214
1643 2215
1643 2216
1643 2217
1643 2218
1643 2219
1643 2220
1643 2221
1643 2222
1643 2223
1643 1872
1643 2224
2208 2215
1604 575
2225 475
34 35
34 36
34 2226
34 40
34 264
34 43
34 44
34 2227
34 47
34 2228
34 49
34 52
34 490
34 56
34 2229
34 66
34 68
34 2230
34 2231
34 75
34 78
34 79
34 80
34 81
34 83
34 84
34 2232
34 2233
34 2234
34 735
34 737
34 738
34 745
34 746
34 495
34 89
34 442
34 91
34 772
34 98
34 241
34 100
34 101
34 102
34 103
34 106
34 110
34 112
34 499
34 854
34 116
34 2235
34 119
34 880
34 2236
34 131
34 937
34 147
34 2237
34 154
34 157
34 1039
34 381
34 2238
34 2239
34 2240
34 2241
34 2242
34 2243
34 337
34 1156
34 411
34 2244
34 2245
34 2246
34 2247
34 191
34 1185
34 2248
34 1205
34 198
34 2249
34 2250
34 2251
34 2252
34 2253
34 2254
34 2183
34 2255
34 1333
34 1334
34 2256
34 386
34 1343
34 2257
34 1355
34 216
34 2031
34 2258
34 2259
34 2260
34 1394
34 2261
34 2262
34 2263
34 2264
34 2265
34 2266
34 1450
475 437
475 2267
475 2268
368 147
35 2269
35 264
35 2270
35 52
35 68
35 147
476 1476
476 36
476 634
476 2271
476 478
476 2272
476 2273
476 2274
476 2275
476 2276
476 635
476 234
476 1481
476 2277
476 2278
476 2279
476 2280
476 489
476 2281
476 490
476 2282
476 492
476 2234
476 2283
476 2284
476 2285
476 496
476 2286
476 2287
476 2288
476 527
476 2289
476 2290
476 2291
476 102
476 2094
476 2292
476 289
476 2293
476 818
476 2294
476 2295
476 2296
476 2297
476 2298
476 2299
476 825
476 967
476 2300
476 2301
476 2302
476 2303
476 2304
476 2305
476 969
476 1511
476 2306
476 2096
476 2307
476 2308
476 2309
476 2310
476 2311
476 2312
476 1157
476 411
476 2313
476 2314
476 2315
476 2316
476 2317
476 2318
476 2319
476 2320
476 2101
476 2321
476 2322
476 2323
476 2324
476 2325
476 2326
476 2327
476 1542
476 2328
476 2329
476 1721
476 2330
476 185
476 2331
657 147
1476 2125
1476 2332
1476 1637
1476 2333
1476 2334
1476 2335
1476 2336
1476 2337
321 89
321 1869
2338 143
2338 336
1804 68
1804 534
1804 2339
2340 634
2340 635
2341 1610
2341 63
2341 2342
2341 1627
1805 66
1805 2343
1805 993
1805 2344
1805 1178
1805 2345
1805 2346
258 2347
258 2348
258 2349
258 2350
258 2351
258 2352
258 2353
258 2354
258 2355
258 1301
258 2356
258 2257
258 2357
258 2358
258 2359
2360 2361
2362 52
2362 702
36 2363
36 2271
36 2364
36 2365
36 264
36 43
36 44
36 490
36 1490
36 68
36 632
36 1872
36 110
36 119
2366 110
282 676
2367 467
2226 52
38 52
38 2281
38 68
38 84
38 2368
38 1721
2369 437
2369 2370
477 1529
2371 2122
1477 2372
1477 2274
1477 667
1477 635
1477 2373
1477 50
1477 55
1477 686
1477 490
1477 1489
1477 2374
1477 2375
1477 520
1477 2283
1477 1869
1477 805
1477 2376
1477 2285
1477 100
1477 526
1477 101
1477 1647
1477 102
1477 2377
1477 289
1477 2378
1477 2379
1477 2296
1477 2297
1477 2380
1477 825
1477 2381
1477 1517
1477 2382
1477 2192
1477 2120
1477 1218
2383 437
2383 130
255 49
255 79
255 2384
255 376
255 2385
255 377
255 2386
634 2387
634 2388
634 2389
634 2390
634 2391
634 2392
634 1337
2271 2393
2271 2394
2271 2395
2271 2396
2271 2397
2398 437
2398 2399
2398 2400
2398 2401
2402 505
2402 492
478 489
478 490
505 492
505 1701
505 2403
505 1718
505 1720
505 2404
505 2405
479 2406
482 2407
482 2408
482 2409
482 2410
482 2411
2272 2412
2413 68
575 2414
575 2415
575 2416
575 2417
575 2418
575 2419
575 2420
575 2421
2422 68
2422 2423
2422 2424
2422 2425
2422 2426
2422 2427
2428 2276
2429 2430
2429 2431
2429 582
2429 1639
2429 2432
395 66
2216 2222
2433 2434
2433 2435
2433 2436
2433 2437
2433 2438
2433 2439
2433 2389
2433 2440
2441 1160
2442 143
2443 68
2443 147
658 299
658 1827
658 2444
658 2445
658 1996
2446 99
2447 2098
2448 285
2449 68
2434 2450
2434 2451
660 124
660 626
2452 677
2452 2453
39 119
2364 1854
2364 2454
2455 68
2455 525
40 663
40 264
40 52
40 2456
40 689
40 1826
40 68
40 522
40 85
40 1859
40 2457
40 2458
40 535
40 2459
40 2460
40 957
40 139
40 539
40 147
40 2461
40 158
40 1035
40 2462
40 2463
40 2464
40 1152
40 1177
40 2465
40 1985
40 2466
40 2467
40 1248
40 1265
40 2468
40 2469
40 2470
40 2471
40 2472
2473 68
2473 2474
2473 112
2473 130
1809 68
1809 2475
1809 2476
1809 2477
1809 2478
2479 1099
2480 2481
41 147
41 1232
1711 2389
2273 2482
2483 2484
483 68
483 2485
483 2486
483 2487
1478 2488
1478 2489
1478 2490
1478 2491
1478 2492
1478 2493
1478 1523
1478 2494
1478 2495
1478 2496
1478 2497
1478 2498
1478 2499
1478 2500
1478 2501
1478 2502
1478 2503
1478 2504
1478 2505
2506 55
2507 686
662 47
2508 2509
440 2245
663 68
665 905
665 2510
2511 2512
2511 1637
2513 371
2513 2514
2513 2515
2513 103
2513 2516
2517 513
295 2518
295 1662
295 1666
295 1667
295 612
295 1673
295 1676
295 1678
295 2519
309 2520
309 2521
309 432
264 2522
264 2523
264 2524
264 553
264 2525
264 2526
264 666
264 1811
264 2527
264 396
264 2528
264 2529
264 2530
264 43
264 44
264 397
264 1729
264 49
264 1815
264 52
264 283
264 55
264 490
264 56
264 66
264 68
264 520
264 75
264 493
264 77
264 78
264 79
264 80
264 81
264 83
264 2531
264 494
264 2532
264 91
264 2533
264 2534
264 2535
264 2536
264 2537
264 2538
264 2539
264 2540
264 2541
264 2542
264 2543
264 2544
264 2545
264 2546
264 2547
264 2548
264 2549
264 2550
264 2551
264 2552
264 2553
264 2554
264 2555
264 2474
264 2556
264 98
264 102
264 825
264 106
264 110
264 499
264 2557
264 131
264 539
264 164
264 2558
264 2559
264 2560
264 2561
264 2562
264 2563
264 2564
264 2565
264 2566
264 2567
264 2568
264 2569
264 2570
264 2571
264 2572
264 2573
264 2574
264 2575
264 2576
264 2577
264 411
264 1227
264 2117
2522 1815
2523 2578
2523 2579
2523 2580
2523 2581
2523 2582
2523 42
2523 553
2523 2525
2523 666
2523 2583
2523 1815
2523 68
2523 2584
2523 2585
2523 383
2578 1815
2579 1815
2586 1815
2580 1815
2580 2559
511 1815
511 2587
511 2588
2581 2589
2581 1815
2582 1815
2524 68
2524 772
2524 2547
2524 773
2524 2590
2524 1061
42 553
2591 2562
553 666
553 2592
553 554
553 2593
553 2594
553 2566
553 383
553 2595
2525 666
2525 2596
2525 772
2525 2597
2525 2598
2525 2599
2525 2600
2525 1061
2525 2601
2525 2570
2525 2602
2525 2254
666 2527
666 396
666 2528
666 2530
666 283
666 68
666 2603
666 2604
666 2534
666 2605
666 2536
666 2538
666 2606
666 2607
666 2545
666 2546
666 2547
666 2554
666 2555
666 2608
666 2609
666 1866
666 2556
666 130
666 2610
666 2611
666 2612
666 2558
666 2559
666 2560
666 2613
666 2562
666 2565
666 2614
666 2595
666 2615
666 2616
666 2617
1811 2558
1811 1061
2618 1815
396 397
396 68
396 2605
396 2607
396 2619
396 2545
396 2620
396 2551
396 2553
396 2558
396 2590
396 2621
396 2601
396 2622
396 2623
396 2567
396 2569
396 2624
396 2625
396 2626
2528 397
2627 2559
2530 2474
2274 79
2274 2628
2274 2629
2274 1647
2274 2630
2274 626
2274 2631
2632 2633
43 50
43 51
43 52
43 681
43 2634
43 68
43 2635
43 2636
43 707
43 2637
43 718
43 82
43 2638
43 735
43 86
43 765
43 96
43 2639
43 2640
43 788
43 2641
43 800
43 2642
43 823
43 825
43 113
43 845
43 2643
43 1882
43 2644
43 2645
43 864
43 118
43 868
43 2646
43 874
43 875
43 877
43 889
43 899
43 2647
43 2648
43 931
43 2649
43 138
43 2650
43 617
43 963
43 501
43 2651
43 982
43 985
43 2652
43 145
43 147
43 995
43 2653
43 1007
43 1008
43 1926
43 1010
43 153
43 1014
43 2654
43 1932
43 1934
43 1940
43 1941
43 1942
43 1943
43 1944
43 1031
43 2655
43 2656
43 2657
43 1045
43 2658
43 1054
43 2659
43 610
43 1071
43 2660
43 2464
43 2661
43 2662
43 2663
43 1087
43 2664
43 1093
43 2665
43 2666
43 1096
43 2667
43 2668
43 1116
43 1130
43 2669
43 1136
43 1147
43 2670
43 1153
43 1154
43 2671
43 2672
43 2673
43 2674
43 2675
43 187
43 1181
43 193
43 2676
43 2677
43 1982
43 1984
43 1199
43 2678
43 1209
43 2679
43 1988
43 2680
43 1219
43 199
43 1228
43 2681
43 1229
43 2682
43 1239
43 2683
43 1250
43 2684
43 2685
43 316
43 2686
43 1261
43 1262
43 2687
43 1268
43 2688
43 1271
43 2689
43 619
43 1279
43 1282
43 1283
43 1284
43 1285
43 1286
43 1287
43 1288
43 1289
43 1290
43 2012
43 1306
43 1309
43 2690
43 213
43 2691
43 1315
43 1318
43 2692
43 2693
43 2694
43 2695
43 2696
43 2697
43 2698
43 418
43 2699
43 1344
43 1346
43 1349
43 2700
43 2029
43 1360
43 2701
43 2702
43 1364
43 1365
43 2703
43 2704
43 622
43 1370
43 2705
43 2706
43 1377
43 1384
43 1386
43 2707
43 1387
43 219
43 2708
43 2709
43 2710
43 2711
43 2712
43 1400
43 2713
43 338
43 2714
43 2715
43 2716
43 2717
43 2718
43 2719
43 2720
43 227
43 1429
43 1431
43 2721
43 1439
43 2722
43 2723
2724 468
44 52
44 68
44 2379
44 401
44 2725
44 2726
44 147
44 150
44 2727
44 2728
44 1247
44 2729
44 206
44 2688
44 1300
44 2730
44 2701
44 2030
44 1392
44 2731
2732 1821
2732 519
2732 2733
397 2734
397 772
1812 2735
1812 2736
1812 2737
1812 2738
1812 2739
1812 2740
1812 2741
1812 2742
1812 2743
1812 2744
2227 52
1813 2745
1813 147
2746 2747
2746 2748
2746 68
2746 2749
2746 2750
2746 2751
2746 2752
2746 2496
2746 2753
2746 2754
2746 2755
2746 2502
2746 2756
2757 2748
2758 1492
2758 1927
2758 2759
2758 2760
2758 2761
2758 2762
2763 967
2764 2765
2764 2110
437 2766
437 1722
437 130
437 2767
437 1649
2768 1853
2768 2062
486 1504
2769 492
2769 68
2769 1337
2770 1492
46 301
2771 2772
512 310
2773 2509
327 2774
2775 607
607 2776
607 2777
2509 2778
2509 2779
2509 2780
47 635
47 1729
47 2781
47 52
47 2782
47 2783
47 68
47 2784
47 2785
47 1875
47 1876
47 1877
47 1878
47 2786
47 2787
47 2788
47 147
47 2789
47 2790
47 1294
635 677
635 492
635 564
635 2791
635 2291
635 1647
635 2067
635 2792
635 1717
635 2793
635 2794
635 1537
635 2795
635 2796
635 2797
635 2798
1729 2799
1729 2800
669 2608
310 2801
637 83
2802 285
2802 2474
2803 68
670 2804
670 1154
2805 283
2805 112
2806 629
673 147
1730 2807
1730 1732
1730 2808
1730 778
1730 2809
1730 2810
1730 1747
1730 2811
1730 1558
1730 2812
1730 2813
1730 1757
1730 2814
1730 2815
1730 2816
1730 2817
1730 2818
1730 2819
1730 2820
1730 2821
1730 2822
1730 1762
1730 2823
1730 2824
1730 2825
1730 2826
1730 2827
1730 2828
1730 2829
1730 1771
1730 2830
1730 2831
1730 2832
2488 2751
2833 2834
2833 2835
2833 147
2833 1689
2833 610
2833 2836
2833 2837
2833 1696
2833 2838
2124 2353
2124 2839
2124 2840
1479 2841
1479 2842
1479 2843
49 52
49 68
49 712
49 739
49 2844
49 2845
49 807
49 444
49 837
49 2846
49 1516
49 977
49 2847
49 990
49 147
49 151
49 1054
49 2848
49 2849
49 2850
49 2851
49 1336
2852 2175
2175 2853
2177 2854
2178 2179
2180 2855
2855 2856
2857 2268
2858 130
2859 80
2859 2860
2859 130
2859 2861
2859 2862
2859 2863
2859 2864
2859 2865
2859 2866
2859 2867
2859 2868
50 68
50 1869
50 496
50 1647
50 2296
50 2869
50 832
50 2096
50 2870
50 2871
50 1517
50 2872
50 2873
50 2874
50 2875
50 2876
50 2877
50 2878
50 2382
50 2879
2880 1854
2880 2431
2880 2881
2880 2675
2880 2882
2880 1337
1480 55
1480 2098
1480 2883
1480 1240
2125 2884
2125 2885
2125 2886
2125 2887
2125 2888
2748 2889
2748 2890
675 68
675 955
675 544
675 2891
2892 75
2892 110
676 1396
677 52
677 2453
677 2893
677 832
677 2894
677 2895
677 2896
677 130
677 2897
677 2898
677 2899
677 2900
677 2901
677 2720
677 2902
1815 52
1815 2585
678 68
52 513
52 2903
52 2904
52 55
52 490
52 56
52 299
52 63
52 66
52 67
52 68
52 520
52 2905
52 702
52 72
52 2603
52 2906
52 2907
52 75
52 76
52 493
52 77
52 2908
52 640
52 78
52 79
52 718
52 80
52 81
52 1857
52 524
52 83
52 84
52 2909
52 494
52 756
52 2532
52 495
52 89
52 91
52 772
52 1784
52 525
52 98
52 805
52 100
52 526
52 101
52 527
52 102
52 528
52 2910
52 825
52 106
52 110
52 499
52 529
52 855
52 116
52 2557
52 2911
52 119
52 500
52 881
52 124
52 125
52 2912
52 897
52 898
52 531
52 2647
52 533
52 534
52 537
52 130
52 131
52 132
52 944
52 538
52 501
52 142
52 969
52 539
52 2913
52 147
52 991
52 1922
52 1000
52 2914
52 154
52 540
52 164
52 2915
52 1061
52 2916
52 1080
52 1090
52 541
52 542
52 1962
52 2917
52 1128
52 411
52 2865
52 2918
52 2850
52 2919
52 645
52 1178
52 2920
52 2921
52 280
52 197
52 2922
52 1252
52 2253
52 2923
52 1268
52 2924
52 1323
52 2925
52 2256
52 1342
52 2926
52 1356
52 2927
52 2702
52 2928
52 2037
52 1383
52 2709
52 2929
52 2117
52 2042
52 2930
52 2714
52 2715
52 2264
52 1428
52 1463
283 2537
283 2540
283 2619
283 2931
283 2620
283 2932
283 135
283 2933
283 1951
283 2563
283 2934
283 2569
283 2935
513 234
513 2936
513 1647
513 1872
513 2937
513 2098
513 2938
513 2939
513 2940
513 2941
513 2942
513 2943
679 68
679 147
53 68
53 839
53 1984
53 2944
680 132
2945 68
2107 2779
2107 2946
1816 132
2903 131
2947 68
371 2515
371 372
2948 63
54 68
2158 68
2158 330
2158 1205
2949 2278
2949 755
2950 2108
2950 2951
2950 2098
234 80
234 811
234 2936
234 1872
234 2952
234 2953
234 1512
234 2954
234 2955
234 2956
234 2842
234 2957
234 1528
234 2939
234 2958
234 2959
234 2960
234 2961
234 2962
234 2963
234 2942
234 2964
234 2965
234 2943
2966 1647
2966 289
2966 2967
2966 130
2966 2968
2966 2969
2966 2751
2966 2970
2966 2752
2966 2971
2966 2504
2966 2972
2966 2973
2966 2974
488 2975
1481 967
2976 351
2977 1337
2978 2979
2978 2751
2975 2886
2489 68
1482 2980
685 1854
685 2675
685 2882
1483 817
1483 2981
2982 2983
2982 1337
2277 2318
2332 2984
2332 130
2985 2986
2985 2987
2985 2988
2985 2989
2990 2991
2992 2993
2992 490
2992 2994
2992 2995
2992 2996
2992 2997
2992 2751
2992 2998
55 492
55 68
55 2234
55 2999
55 526
55 2290
55 3000
55 1494
55 1647
55 2292
55 3001
55 3002
55 2869
55 2078
55 2300
55 3003
55 1511
55 970
55 584
55 3004
55 973
55 2951
55 147
55 3005
55 3006
55 3007
55 2326
55 3008
55 586
55 3009
55 1535
55 2114
55 3010
55 3011
55 3012
55 2083
55 3013
55 2084
55 2089
55 3014
3015 2651
3015 1511
1485 3016
1485 2936
1485 3017
1485 2959
1485 2960
1485 3018
1485 3019
1485 2962
1485 2963
1485 2964
1485 3020
1485 3021
3022 3023
2986 3024
2986 1515
2986 2989
3025 3026
3025 755
1486 492
1486 3027
1486 2404
3028 3029
3028 3030
3028 2268
3028 3031
3028 3032
3028 3033
3028 3034
3028 3035
3028 3036
3028 3037
3028 3038
2279 3039
3040 967
3040 3041
3040 2069
3040 3042
3043 2484
3044 3026
3044 3045
3046 1637
3047 3048
686 1647
3049 3050
3049 3051
2484 68
2484 100
2484 1647
2484 1501
2484 3052
2484 1513
2484 3053
2484 2098
2484 3054
2484 2327
2484 1538
2484 588
3055 1157
489 1487
489 2281
489 3056
489 288
489 3057
489 492
489 3026
489 805
489 2376
489 2999
489 526
489 3000
489 1647
489 3058
489 2292
489 2379
489 1504
489 3059
489 3060
489 1507
489 3003
489 3061
489 1511
489 2062
489 3062
489 2306
489 3023
489 2097
489 2403
489 1702
489 147
489 3063
489 3064
489 2320
489 2101
489 2324
489 2103
489 3065
489 3066
489 2879
489 3067
489 1649
489 2331
489 3068
489 3069
2126 3070
2126 3071
2126 3072
1487 2281
1487 3073
1487 3074
1487 3075
1487 1497
1487 1498
1487 3076
1487 3077
1487 2062
1487 1519
1487 3078
1487 2071
1487 3079
1487 3080
1487 2331
1487 3081
2281 3082
2281 3083
2281 3084
2281 3085
2281 3086
2281 3087
2281 3088
2281 3089
2281 3090
2281 3091
2281 2318
2281 3092
2281 438
2281 3093
2281 2322
2281 3094
2281 3095
2281 2795
2281 1540
2281 1541
2281 3096
2281 3097
2281 3098
2281 3099
2281 3100
2281 3101
2281 3102
2281 3103
2281 3104
3056 1514
3056 3027
3056 3105
3056 2841
3056 3106
288 819
288 2952
288 1508
288 3107
288 3108
288 3109
288 3110
288 3111
3070 3112
3070 3113
2127 1513
2127 3114
3115 2867
3073 155
3073 3116
2490 2779
2490 3117
2490 3118
2490 3119
2490 3120
2490 3121
490 80
490 1647
490 3122
490 3123
490 130
490 3124
490 147
490 3072
490 3125
490 3007
490 3126
490 3127
490 3128
490 3129
3130 3131
3132 2633
1488 3026
3133 2779
3131 812
491 3134
1489 1647
1489 3135
1489 142
1489 3136
1489 2098
1489 3137
1489 3138
1489 3139
3057 972
2282 2311
2282 2331
492 2285
492 100
492 1713
492 2628
492 527
492 102
492 3140
492 528
492 3141
492 2335
492 1715
492 969
492 2381
492 2306
492 2097
492 1716
492 1157
492 1717
492 3142
492 1719
492 3143
492 3144
492 2063
492 2405
3145 3146
3145 1509
3030 2779
1490 147
564 3147
564 3148
564 3149
564 2203
564 3150
564 2204
2450 1854
2450 3151
2450 971
2450 2870
2450 3152
2450 3153
2268 2779
2268 130
2374 1647
2374 2912
2374 3154
2374 2098
2374 3155
3026 3156
3026 3157
3026 3158
3026 1639
3026 3159
3026 3160
3026 3161
3026 3162
3026 3163
3026 3164
3026 3165
3026 3166
247 143
56 68
56 2532
56 830
56 3167
56 3168
56 147
56 3169
56 3170
56 1366
57 3171
3172 3173
3174 103
3174 110
3175 63
3175 68
687 68
688 68
689 78
689 3176
689 3177
689 3178
689 1885
689 3179
689 1892
689 3180
689 146
689 2665
689 3181
689 3182
689 3183
689 1453
1819 63
373 1851
2979 2779
1820 68
1820 3184
59 68
59 966
59 1183
59 3185
59 3186
59 1415
3187 68
299 68
299 1849
299 101
299 103
299 106
2807 3188
345 2968
517 2594
1821 519
1821 68
1821 1250
3189 147
3190 3191
61 301
692 468
3192 68
1822 3193
1822 3194
1822 3195
1822 3196
1822 147
1822 1059
1822 3197
1822 1952
1822 3198
1822 3199
1822 3200
1822 3201
1823 110
1823 3202
1823 3203
1823 3204
1823 3205
3206 68
3206 918
3206 1126
3206 1127
3206 3207
62 3208
3209 2122
63 68
63 77
63 2638
63 2283
63 285
63 3002
63 3171
63 834
63 529
63 125
63 895
63 3210
63 501
63 973
63 3211
63 3212
63 3213
63 3214
63 1177
63 3215
561 594
561 2836
561 2837
561 2519
1824 68
693 68
693 147
1825 116
1826 68
1826 3216
1826 1101
2593 383
65 1235
66 68
66 3217
66 1864
66 2640
66 3218
66 807
66 3219
66 499
66 121
66 123
66 965
66 3220
66 147
66 3221
66 2914
66 3222
66 1044
66 2660
66 1087
66 3223
66 3224
66 3225
66 184
66 3226
66 3227
66 1177
66 197
66 3228
66 3229
66 3230
66 2687
66 3231
66 1337
66 1347
66 3232
66 3233
66 3234
66 2717
66 3235
66 3236
66 229
3237 1179
3238 125
1828 872
1828 132
1828 3239
67 131
3240 3241
3240 3242
3240 3243
3240 3244
3240 3245
3240 2736
3240 3246
3240 95
3240 3247
3240 3248
3240 3249
3240 2737
3240 3250
3240 3251
3240 3252
3240 2741
3240 2744
68 520
68 69
68 1830
68 3253
68 70
68 3254
68 3173
68 700
68 701
68 702
68 71
68 72
68 3255
68 1836
68 704
68 705
68 1840
68 1841
68 3256
68 2603
68 3257
68 708
68 3258
68 1843
68 1844
68 1845
68 1846
68 1847
68 75
68 3259
68 1851
68 76
68 493
68 3260
68 77
68 293
68 78
68 79
68 719
68 3261
68 81
68 720
68 1855
68 3262
68 1856
68 641
68 524
68 3263
68 83
68 724
68 329
68 84
68 726
68 728
68 3264
68 734
68 3265
68 3266
68 3267
68 3268
68 3269
68 3270
68 3271
68 735
68 3272
68 1861
68 745
68 3273
68 494
68 2604
68 758
68 759
68 495
68 89
68 91
68 766
68 92
68 93
68 770
68 3274
68 285
68 3275
68 3276
68 3277
68 772
68 773
68 2932
68 3278
68 3279
68 1865
68 2608
68 3280
68 1866
68 3281
68 95
68 2844
68 3282
68 776
68 3283
68 777
68 3284
68 1868
68 2845
68 782
68 783
68 3285
68 786
68 3177
68 98
68 99
68 797
68 3218
68 800
68 801
68 3286
68 803
68 806
68 2642
68 2482
68 496
68 3287
68 3288
68 3058
68 3122
68 813
68 528
68 3289
68 1501
68 1504
68 3290
68 822
68 823
68 3291
68 106
68 110
68 3292
68 1880
68 3293
68 3294
68 2774
68 114
68 845
68 3295
68 2361
68 1882
68 1884
68 2644
68 3296
68 530
68 2457
68 852
68 116
68 1887
68 3297
68 2801
68 3298
68 857
68 859
68 3299
68 1889
68 861
68 3300
68 862
68 119
68 869
68 400
68 872
68 3301
68 121
68 876
68 2458
68 123
68 300
68 3302
68 883
68 124
68 3303
68 3304
68 887
68 3305
68 3306
68 3307
68 3308
68 891
68 3309
68 1900
68 896
68 1657
68 403
68 626
68 2236
68 901
68 903
68 905
68 906
68 909
68 3310
68 2647
68 533
68 644
68 3311
68 406
68 3312
68 925
68 130
68 927
68 131
68 132
68 133
68 3313
68 932
68 935
68 936
68 3314
68 3315
68 468
68 939
68 940
68 1911
68 944
68 3316
68 3317
68 3318
68 947
68 3319
68 3320
68 135
68 137
68 3321
68 952
68 1912
68 3322
68 953
68 3323
68 1914
68 3324
68 955
68 3325
68 957
68 3326
68 962
68 963
68 3327
68 2610
68 3328
68 3329
68 969
68 3330
68 2306
68 3331
68 3023
68 1639
68 1515
68 3039
68 1918
68 981
68 3332
68 983
68 3333
68 2652
68 503
68 989
68 3168
68 3334
68 147
68 991
68 995
68 1922
68 1923
68 3335
68 999
68 149
68 3336
68 3337
68 1001
68 1003
68 3338
68 1004
68 609
68 2237
68 3339
68 2772
68 1012
68 3340
68 3341
68 1017
68 3342
68 1018
68 1929
68 1930
68 540
68 156
68 1931
68 3343
68 1935
68 1936
68 3344
68 1937
68 3345
68 3346
68 3347
68 1033
68 2655
68 3348
68 3349
68 1035
68 3350
68 3351
68 1045
68 1946
68 3352
68 3353
68 165
68 168
68 3354
68 3355
68 3356
68 1948
68 3357
68 3358
68 3359
68 171
68 3360
68 1065
68 3361
68 1069
68 3362
68 1956
68 2239
68 1074
68 2464
68 3363
68 1077
68 3364
68 3365
68 3366
68 2663
68 1958
68 1089
68 2344
68 2664
68 1092
68 3367
68 3368
68 1095
68 3369
68 1104
68 1960
68 3370
68 3371
68 3372
68 542
68 3373
68 1113
68 2243
68 1114
68 1964
68 1122
68 3374
68 1967
68 3375
68 1128
68 3376
68 179
68 1129
68 1130
68 1131
68 181
68 1137
68 1138
68 3225
68 1141
68 1971
68 1972
68 1973
68 184
68 3377
68 1146
68 3378
68 1149
68 1155
68 1157
68 3379
68 3054
68 2751
68 3380
68 3381
68 3382
68 3383
68 3384
68 2675
68 3385
68 3386
68 1171
68 3387
68 3388
68 3389
68 3390
68 1174
68 3391
68 3392
68 3393
68 1181
68 1182
68 2246
68 2247
68 1184
68 189
68 3394
68 190
68 1185
68 1186
68 194
68 3395
68 1981
68 1982
68 2899
68 3396
68 1983
68 1193
68 2728
68 1195
68 1196
68 1203
68 3397
68 1204
68 2678
68 1207
68 3398
68 1987
68 3399
68 2679
68 3400
68 1212
68 2355
68 1215
68 1991
68 2680
68 1216
68 3401
68 1222
68 3402
68 1225
68 1231
68 3403
68 3404
68 3405
68 3406
68 1239
68 3407
68 3408
68 1247
68 305
68 415
68 1253
68 2729
68 2685
68 3409
68 1254
68 3410
68 1255
68 3411
68 1256
68 3412
68 2001
68 2002
68 1258
68 317
68 1266
68 1271
68 619
68 1278
68 2008
68 3413
68 3414
68 3415
68 1281
68 3416
68 1291
68 1292
68 2009
68 3182
68 3417
68 1296
68 1791
68 209
68 210
68 1307
68 3418
68 1309
68 1310
68 3419
68 2014
68 3420
68 1316
68 1317
68 1319
68 1320
68 1321
68 2692
68 3421
68 1322
68 2695
68 1323
68 2018
68 1324
68 1327
68 1328
68 1330
68 3422
68 1335
68 2021
68 3423
68 3424
68 2023
68 3425
68 3426
68 1792
68 3427
68 3428
68 3429
68 1341
68 2025
68 1345
68 3430
68 1358
68 2027
68 2028
68 3431
68 3432
68 1362
68 1368
68 2032
68 2034
68 2705
68 1371
68 1378
68 2258
68 2891
68 1379
68 2259
68 2035
68 3433
68 3434
68 3435
68 1385
68 3186
68 218
68 2346
68 2038
68 219
68 3436
68 3437
68 3438
68 2708
68 2357
68 3439
68 221
68 1401
68 1402
68 1403
68 3440
68 3441
68 3234
68 3442
68 1412
68 3443
68 2043
68 3444
68 3445
68 225
68 2358
68 1420
68 3446
68 1427
68 2719
68 2047
68 3447
68 2048
68 3448
68 1434
68 1435
68 1440
68 1441
68 2265
68 1447
68 3449
68 3450
68 2359
68 1454
68 545
68 1458
68 3451
68 1462
68 2049
68 3452
68 3453
68 1464
68 1466
69 3454
69 3455
69 2019
69 3456
69 1432
1829 1028
3457 989
1832 823
3458 103
2905 702
3459 1978
2230 822
3460 2122
632 3461
3253 1028
1656 3462
1656 3463
1656 3464
1656 1661
1656 3465
1656 1657
1656 1663
1656 2777
1656 1658
1656 1693
1656 3466
1656 3467
1656 1664
1656 3468
1656 3469
1656 1666
1656 1668
1656 3470
1656 3471
1656 1679
3472 710
3472 1001
3472 3473
2735 718
2735 3474
2735 1801
2735 3475
70 147
2485 3058
2122 468
2122 3476
3477 467
3478 3173
3173 3479
3173 3480
3173 3481
3173 3482
3173 285
3173 3483
3173 3484
1834 1849
3485 103
2834 1657
700 75
374 2801
3486 147
3487 871
3488 535
3489 705
702 375
702 2909
702 3490
2636 3491
2636 3492
3493 916
3494 540
72 2557
72 3495
72 949
72 3496
3255 132
1836 1984
1837 131
3454 729
307 3497
307 3498
2453 1854
2453 3499
2453 147
2453 3500
2453 3501
2453 3502
2453 2898
2453 2899
2453 2900
2453 3503
705 3504
705 642
705 3272
705 3505
3506 3245
73 2654
706 84
284 3282
284 3507
284 2915
1840 3508
1841 2380
3509 2603
3509 3244
2603 3510
2603 3511
2603 3277
2603 3512
2603 3247
2603 3513
2603 777
2603 3514
2603 3515
2603 3516
2603 131
2603 135
2603 3517
2603 3248
2603 3249
2603 3518
2603 3519
2603 3520
2603 3521
2603 3251
2603 3252
2603 3522
2603 3523
2603 3524
522 103
522 2659
522 173
522 1189
522 3525
3257 907
3257 130
3257 3526
3257 147
3527 143
74 626
74 1122
708 147
709 813
709 529
709 850
709 3342
709 2345
709 3528
3529 467
3462 465
710 1854
710 3530
710 147
710 3531
3532 3533
3532 793
3532 1122
3532 3534
2906 1122
3535 84
1845 793
1845 2667
1846 3536
3537 3538
712 3539
712 1733
2907 110
2907 1213
713 103
713 3540
75 3541
75 442
75 101
75 103
75 116
75 124
75 147
75 3542
75 3543
75 3544
75 1974
75 3545
1849 147
1849 3546
716 1122
3547 84
2137 467
328 3548
328 3549
328 1985
3259 3550
76 147
76 2025
493 3551
493 3552
493 3320
493 1934
493 2241
493 3553
493 1191
493 1995
493 2686
493 2022
3554 249
3551 131
77 147
639 646
78 3533
78 547
78 961
78 3555
78 147
78 3556
78 2237
78 3557
78 1724
78 3558
78 1933
78 2663
78 3559
78 3560
78 3561
78 3562
78 2481
78 3563
78 1208
78 3564
78 1260
78 2696
78 3565
78 3566
78 3567
78 3568
78 3569
79 730
79 739
79 807
79 826
79 626
79 930
79 3570
79 964
79 408
79 990
79 147
79 3571
79 3572
79 3573
79 1238
79 3456
79 3574
79 3575
79 3576
79 3577
718 3276
718 3247
718 3514
718 3515
718 3517
718 3249
718 3251
3578 871
3578 910
3578 911
3578 975
3578 976
3578 1126
3261 626
3579 241
80 1853
80 741
80 2542
80 3580
80 2808
80 98
80 1647
80 2884
80 2885
80 2630
80 3141
80 2896
80 3581
80 3582
80 2066
80 3146
80 2096
80 2486
80 3583
80 2311
80 3045
80 3584
80 3585
80 3586
80 3587
80 3588
80 3589
80 3590
80 3591
80 1517
80 2881
80 3136
80 3592
80 3593
80 3594
80 3595
80 3384
80 3128
1852 641
1852 3526
1852 3596
1852 1759
1852 3597
1852 3598
1853 728
1853 782
1853 2361
1853 3298
1853 3599
1853 2846
1853 2765
1853 3328
1853 3329
1853 3330
1853 2309
1853 3039
1853 1033
1853 178
1853 3600
1853 3601
1853 3602
1853 3603
1854 728
1854 3604
1854 3605
1854 2893
1854 3210
1854 3599
1854 3606
1854 3607
1854 2772
1854 3608
1854 3609
1854 3610
1854 3611
1854 3612
1854 3403
1854 1380
81 885
81 926
81 147
81 2687
82 822
523 3613
523 2799
523 3614
523 3615
523 3616
523 3617
523 3618
523 131
523 2848
523 3619
523 3620
523 3621
523 3622
523 1171
523 3623
3245 3624
3245 3625
1856 147
3626 241
641 3627
641 112
641 989
1553 3628
3176 3148
3176 3384
3176 3553
722 84
723 3629
723 953
3479 285
3504 822
83 2297
83 147
83 1786
83 2000
83 3450
3630 646
725 3631
2531 772
84 726
84 3632
84 642
84 731
84 776
84 1784
84 786
84 3633
84 819
84 833
84 444
84 3634
84 841
84 849
84 3305
84 907
84 2647
84 3635
84 3636
84 927
84 132
84 3167
84 951
84 3322
84 2649
84 956
84 979
84 995
84 1013
84 3637
84 2352
84 3638
84 3355
84 2464
84 3364
84 3639
84 3224
84 3640
84 3063
84 3641
84 3642
84 3643
84 1188
84 1190
84 3400
84 1217
84 3644
84 3645
84 3646
84 3647
84 209
84 3648
84 1337
84 1361
84 219
84 3439
84 3649
84 3650
1858 96
3651 877
2909 3652
728 842
728 3653
728 130
728 2423
728 3654
728 3655
728 3656
728 3657
728 3658
728 1066
728 3377
728 3659
728 3660
728 3661
728 3662
728 3663
728 3664
728 2424
728 3665
728 3666
728 3667
728 3668
728 3669
728 3670
728 3671
728 3672
728 3673
728 3674
728 3675
729 3676
3632 626
3264 914
3677 103
2734 2547
3678 793
3678 1122
3191 3679
3191 782
3191 3680
3191 1033
3681 3275
3681 3682
3681 130
733 103
3271 2244
740 1616
3272 103
3272 3683
741 3684
86 91
86 987
1860 103
1860 110
1860 530
3685 1035
744 626
745 3686
3679 1033
747 547
3539 1733
3539 2816
3687 2474
494 3688
494 1251
1862 132
87 912
87 913
87 917
87 1098
751 2784
3689 1663
3689 1689
1863 626
399 110
3217 132
3690 468
755 525
755 3691
755 1512
755 3692
755 3693
755 3694
755 2954
755 1524
755 2956
755 2070
755 2957
755 3695
755 3696
756 529
3464 1657
88 2733
758 1925
758 3697
758 2700
759 3619
759 3698
759 3484
759 3699
2532 103
2475 626
2475 3700
2475 2478
1646 3701
1646 130
495 98
495 1922
495 1224
764 217
89 123
89 147
90 110
90 3366
90 3702
90 3431
90 3703
239 336
91 775
91 444
91 859
91 894
91 404
91 3704
91 147
91 152
91 164
91 1055
91 1558
91 2238
91 3571
91 3705
91 3706
91 3707
91 3434
91 3708
2283 1647
769 147
3274 285
3274 130
3274 3621
3709 285
3710 285
771 285
3482 285
3711 3712
3711 130
3538 130
3538 3713
1554 3628
1554 285
1555 285
3714 2474
3714 130
3628 285
3628 3715
3628 3716
3628 3717
3628 3718
3628 112
3628 3698
3628 3620
3628 3719
1731 2808
1731 2814
285 3720
285 3721
285 3715
285 3716
285 3722
285 3723
285 3724
285 3580
285 3280
285 3725
285 2474
285 3726
285 106
285 2612
285 3197
285 1952
285 3727
285 3728
285 1559
285 3729
285 1759
285 3587
285 2497
285 1171
285 3623
3715 131
3715 1172
94 3730
94 3731
94 3732
3275 2474
3275 112
3275 3733
3275 3734
3275 3735
3275 3736
3275 3737
3275 3738
3275 3739
286 2915
286 3740
3510 95
2800 1867
3741 3518
2534 3742
2534 1061
2535 772
2536 772
2537 3743
2537 3358
2538 3744
2539 3745
2539 773
2539 2474
2539 3746
2539 2572
2539 3388
3747 2551
2540 772
2540 2554
2541 772
2543 2474
2543 3358
2544 2554
2607 772
772 2546
772 3748
772 3749
772 3744
772 2559
772 2562
772 3750
772 3413
2545 3751
2546 3752
3753 2554
3749 2551
2550 1061
2550 2564
2550 2570
2551 3742
2551 2613
2551 2935
2551 2624
2584 3754
2584 3755
2554 2600
2554 2621
2554 2572
2554 2615
3756 2559
2585 383
427 2808
3757 1058
1733 1737
1733 1058
1733 3188
3278 3682
1734 1058
3279 3758
1735 2808
1735 1058
3193 1867
1865 1922
2608 2609
2608 130
2608 2062
3759 106
3759 2610
1866 3760
1866 3761
1866 3762
3682 3281
1737 2844
1737 3763
1737 3764
3281 3754
3281 3765
95 3515
95 147
95 3518
95 3520
2844 130
2844 3766
2844 3767
2844 3768
2474 1061
2474 1953
3769 130
774 3770
774 3771
774 3772
3194 1867
3194 3586
1867 3195
1867 3770
1867 147
1867 3357
1867 3773
1867 3774
1867 3198
1867 3775
1867 3772
1867 3776
1867 3777
1867 3778
1867 3779
3195 1340
3770 3197
775 3780
775 3781
3283 112
3283 3782
3283 3783
777 3784
3785 112
3786 1058
1868 112
1739 1058
1739 1060
3712 130
1740 1058
2808 1752
2808 1062
3787 1057
778 3788
1741 1057
96 3219
96 3789
96 3790
96 3791
96 3792
779 3793
781 3794
782 3795
782 3680
782 2361
782 861
782 1639
782 3796
782 3797
782 147
782 3798
782 3799
782 3800
782 3801
782 3802
782 3803
782 3804
782 3805
782 3806
782 3807
782 3808
782 3809
782 3810
782 3811
782 3812
782 3813
782 1332
782 3814
782 3815
782 3816
782 3817
782 3818
782 3819
782 3820
782 3821
2639 1250
785 116
2640 132
3795 1033
525 98
525 3171
525 849
525 3822
525 537
525 131
525 147
525 991
525 3221
525 1075
525 542
525 3223
525 3823
525 1180
525 3789
525 3181
525 1329
525 3824
525 3215
525 2723
2476 3505
2641 132
3825 1218
1870 822
1871 1891
98 3826
98 2697
793 3827
99 3828
99 3829
99 3830
99 1070
99 1081
99 3831
99 3832
99 3833
99 3834
99 3835
99 3836
99 1255
99 3837
99 3838
99 3839
99 3840
99 3841
99 3842
99 3446
99 3843
99 3236
795 132
799 822
799 3844
241 147
3515 3784
801 3845
801 3437
3846 465
3847 534
3847 1426
3848 147
3849 147
802 626
3286 3850
3851 626
804 147
805 1647
805 2377
805 147
807 3638
807 2849
807 3852
807 3853
807 2717
1616 132
1621 154
1492 3854
1492 130
1492 2451
1492 3855
1492 3024
1492 3856
1492 3857
1492 3858
1492 3859
1492 3860
1492 3861
1492 3862
1492 3863
1492 3864
1492 3865
1492 3866
2376 1647
2376 1502
2376 135
2376 501
2376 3867
2376 3868
2376 3642
2376 2873
2376 2874
2376 3869
2284 3124
3870 2987
3871 101
2065 1498
3872 130
3872 186
3082 2286
3082 289
3873 2588
2285 1647
2285 2630
2285 155
2285 2313
2642 3874
2642 3153
100 1647
100 1521
2482 2062
3875 3122
3876 967
3876 3877
3074 967
3075 3877
3878 967
3083 3146
3083 1509
3083 1529
496 3140
496 3157
496 3879
496 1648
496 3877
496 3880
496 3881
496 3882
496 3883
496 3884
496 1509
496 2306
496 2870
496 2314
496 3885
496 3886
496 2324
496 3887
496 3386
496 3081
2999 130
2999 3888
2588 2115
2286 2311
2286 3889
2287 3890
2287 3891
2288 3128
2633 3892
2633 3893
2633 355
2633 3894
2633 3023
2633 3895
2633 1158
2633 3896
2633 3897
2633 3898
2633 2055
2633 3899
2633 3900
2633 2056
2633 3901
2633 2057
2633 3902
2633 3903
526 1647
526 1530
526 3163
526 3904
526 2104
526 3888
526 3905
526 1543
811 3111
3906 2870
101 1647
101 3907
101 3908
101 1516
101 3909
101 2098
101 3910
812 1515
812 3911
812 3912
812 3913
812 2988
3287 130
527 528
527 135
527 1716
527 1717
2289 2311
3084 1509
1494 2098
1494 3914
1494 3695
1494 3915
1494 3916
3917 2306
3917 3918
1495 2505
2936 3884
346 3919
348 3920
354 3921
1647 102
1647 528
1647 3908
1647 289
1647 2378
1647 2379
1647 2295
1647 2296
1647 2119
1647 2297
1647 825
1647 1505
1647 3867
1647 969
1647 2381
1647 2096
1647 2097
1647 3004
1647 1012
1647 2313
1647 3909
1647 2316
1647 2098
1647 3922
1647 3923
1647 2874
1647 1535
1647 2879
1647 2192
1647 3924
1647 3925
1647 185
102 3926
102 3927
102 2877
102 3010
1496 3583
3058 3072
3058 1548
3928 2779
3929 1637
3930 2779
3931 2779
3932 3908
3122 3933
3122 3934
3122 3935
3122 130
3122 3936
3122 3937
3122 3938
3122 3152
3140 3856
813 3939
813 3940
813 3150
813 3941
814 3128
2061 3052
2061 3823
3942 1548
528 3142
528 1703
3943 3328
1499 967
1499 2066
2377 2630
3907 2381
3907 974
3944 2062
3933 3935
2885 3945
3076 3946
3076 1531
3076 3947
1872 3158
1872 3039
1872 3609
1872 3390
1500 967
1637 130
1637 3948
1637 3949
2094 2103
3908 2378
3908 3138
1873 130
1873 3860
3950 2062
815 2381
3951 155
2292 3880
2292 3952
2292 3011
2292 3953
3954 2751
3156 3157
3001 3955
3001 3956
3001 2098
289 106
289 2336
289 3957
289 584
289 2308
289 2353
289 3958
289 2098
289 3922
289 3959
289 2877
1501 3960
1501 3879
1501 1157
1501 3961
1501 3054
1501 3962
1501 2888
1501 3963
1501 3964
2378 2098
1502 501
1502 2876
1502 3965
3604 3966
3604 3967
3604 3968
3604 2440
3604 2039
2860 2991
2630 3969
3970 1337
2779 3971
2779 3972
2779 3973
2779 3974
2779 3975
2779 3976
3977 2861
2293 3128
817 3978
3141 3979
3141 3142
3141 3143
3980 2381
2334 3981
2335 3982
819 131
819 3983
819 2953
819 3984
819 2314
819 3110
819 3985
819 1337
2294 3986
2294 2410
2294 1337
3935 3874
3135 2381
3987 130
3987 3913
3988 2381
1504 3989
2295 3869
3990 1511
498 2883
2296 130
2296 1508
2296 3991
3992 967
3059 130
2119 501
2119 2098
3290 130
3290 3993
3290 3994
3290 3961
3290 2399
3290 2400
3290 2130
3290 3995
3290 3962
3290 3996
3290 3997
2380 3146
3998 1702
3999 4000
2298 2309
4001 2314
2910 499
3605 130
3171 3221
430 1122
103 4002
103 4003
103 3299
103 378
103 4004
103 1895
103 893
103 4005
103 532
103 906
103 3310
103 3635
103 534
103 4006
103 136
103 4007
103 142
103 147
103 4008
103 465
103 3830
103 1049
103 383
103 4009
103 3366
103 3834
103 1993
103 4010
103 1255
103 4011
103 1790
103 4012
103 4013
103 4014
103 4015
103 3842
103 1408
103 4016
103 4017
103 1459
103 4018
821 1033
821 3811
822 3292
822 4019
822 2235
822 4020
822 133
822 942
822 2460
822 2847
822 1016
822 3637
822 160
822 1038
822 1073
822 2465
822 4021
822 4022
822 1986
822 4023
822 4024
822 2445
822 4025
822 4026
822 3429
822 2033
822 431
822 4027
822 3436
822 4028
822 2471
822 4029
823 182
2384 256
4030 1901
4030 626
105 147
555 432
3291 106
3291 2454
825 131
825 974
825 4031
826 131
2784 120
2784 4032
2784 919
2784 992
2784 4033
2784 2238
2784 2664
2784 184
2784 2851
2784 4034
2784 205
2784 2117
1876 4035
1876 1221
1876 1231
1876 4036
1876 4037
1877 4038
1877 3686
1878 4039
106 529
106 879
106 130
106 957
106 4040
106 147
106 1020
106 1058
106 1123
106 3387
106 4041
106 4042
106 1978
106 4043
106 4044
106 3408
106 3230
106 4045
106 4046
106 3447
3505 626
1879 534
608 2838
109 2251
109 4047
109 4048
110 827
110 4019
110 4003
110 4049
110 1883
110 116
110 3844
110 3636
110 131
110 4050
110 136
110 4051
110 2652
110 147
110 1922
110 4052
110 4053
110 1928
110 3548
110 3549
110 2462
110 2463
110 4054
110 3366
110 1085
110 1961
110 1141
110 1154
110 1175
110 4055
110 4056
110 3227
110 1183
110 4021
110 3836
110 1200
110 4057
110 4058
110 4059
110 3837
110 1280
110 3415
110 3790
110 4060
110 4061
110 3426
110 3427
110 2469
110 2704
110 4062
110 4063
110 3575
110 1393
110 1398
110 1405
110 1410
110 3442
110 223
110 2722
827 626
4002 540
2893 832
2893 1218
832 2894
832 4064
832 2897
832 3501
832 3502
832 2899
832 2901
832 3503
444 4065
112 1916
112 147
112 2915
112 1058
112 3775
112 4066
4067 147
113 1895
113 3833
113 4068
113 3838
113 3843
4019 433
4019 4069
835 1922
3552 938
836 4070
837 626
1881 1188
4071 1128
3634 1028
1688 130
841 1898
841 626
844 1293
844 212
844 2698
844 4072
114 147
4073 1299
845 2354
3688 154
4074 1724
4075 154
115 4076
1883 2650
1883 2249
847 132
847 468
1884 468
1884 4077
1884 4078
1505 974
530 998
850 4079
850 542
2894 4064
852 1785
855 626
2645 626
4080 987
116 3202
116 918
116 3326
116 539
116 4081
116 4082
116 1126
116 1148
116 4083
2557 130
1888 1102
1888 1304
1889 871
1889 3307
1889 3473
1889 2679
1889 3673
4084 626
861 130
119 1657
119 150
119 1173
119 4047
119 2015
119 4085
119 4086
119 4087
119 4088
868 4089
868 4090
2896 3500
4020 1922
872 889
872 147
872 4091
873 938
121 982
121 1279
874 4029
876 4092
124 886
124 131
124 147
124 1787
124 2690
124 4093
125 2673
125 4035
3303 432
4094 147
3304 446
889 4091
126 147
1897 626
1897 3827
1897 1468
3307 3588
1898 147
1898 3364
1898 4095
3309 3239
2912 131
2912 3223
3844 4069
1657 3469
1657 4096
1657 1694
898 2656
467 2123
467 4097
467 147
467 4098
467 4099
467 4100
467 4101
467 3597
467 4102
467 4103
467 4104
467 4105
899 3640
2123 468
2123 4106
531 626
626 908
626 4107
626 1906
626 2777
626 134
626 4108
626 4007
626 984
626 2444
626 3338
626 3204
626 1937
626 4109
626 1039
626 4110
626 4111
626 2463
626 4112
626 4009
626 2464
626 1093
626 1095
626 3639
626 2477
626 3223
626 1129
626 4113
626 4114
626 3227
626 1977
626 1198
626 2466
626 1206
626 1211
626 3228
626 201
626 4057
626 2681
626 3645
626 3229
626 4036
626 1270
626 1272
626 4115
626 1277
626 1308
626 3418
626 1313
626 4116
626 3648
626 2730
626 3853
626 1331
626 2468
626 4117
626 3456
626 2926
626 4118
626 3232
626 2704
626 420
626 3574
626 4119
626 2260
626 4120
626 4121
626 1795
626 4122
626 4123
626 3443
626 1422
626 4017
626 2718
626 4124
626 4125
626 4126
626 3576
626 4127
547 215
547 4128
3499 2899
4129 911
4129 2733
127 140
127 3340
532 311
532 1154
1902 2928
907 4130
907 1033
907 3610
4131 132
915 4132
916 4133
2647 3180
2647 1187
533 147
3210 130
1663 130
534 131
534 1931
534 3428
920 147
1905 131
921 198
537 974
537 2727
537 4134
3311 1218
923 147
129 147
1907 147
130 4040
130 2610
130 501
130 2765
130 4135
130 4136
130 2301
130 4137
130 2062
130 4138
130 2792
130 2306
130 1639
130 2987
130 4139
130 3607
130 147
130 1033
130 3350
130 2915
130 3734
130 4140
130 4141
130 2242
130 4142
130 4143
130 411
130 2313
130 2314
130 2316
130 2098
130 2751
130 4144
130 4145
130 3127
130 4146
130 543
130 2780
130 3383
130 3384
130 3611
130 2132
130 4147
130 3603
130 3129
130 4148
130 1560
130 3391
130 4149
130 4150
130 3403
130 1675
130 4045
130 4037
131 539
131 503
131 147
131 4151
131 465
131 4152
131 4153
131 446
131 1556
131 4154
131 1558
131 2916
131 1078
131 4155
131 1171
131 3069
131 4156
131 1191
131 2922
131 4157
131 4158
2777 3467
2777 1664
2777 1669
2777 1670
2777 1671
2777 1672
2777 1675
2777 1681
132 931
132 2652
132 147
132 3337
132 1936
132 1945
132 2467
132 3409
132 1269
132 3791
132 2510
132 4120
132 4159
132 4160
930 147
3313 147
3314 2464
3314 1271
3314 4161
3606 1218
1910 4162
938 3372
468 4163
468 4164
468 4165
468 4166
468 4167
468 1947
468 4168
468 4102
468 4169
468 4170
3581 2423
3581 3654
3581 3655
3581 4171
3581 4172
379 1695
379 4173
379 4174
379 1653
3167 1998
4175 147
4175 3588
4176 1966
135 2952
135 983
135 4177
538 4153
2846 2062
4108 1793
4108 4178
1912 147
1652 1653
3322 147
3323 147
138 2016
2650 2255
1915 147
1915 2001
961 147
140 4179
2610 4041
2610 1179
3582 2381
4180 4000
4180 2317
501 4181
501 2873
501 3923
501 4182
2765 3592
3978 4183
967 968
967 2062
967 4184
967 4185
967 3940
967 4186
967 4187
967 2073
967 2074
967 4188
967 4189
967 2075
3960 4190
2952 185
3983 2098
582 2110
582 355
582 2389
582 1649
2110 355
2110 1648
2110 2389
2110 543
2110 1649
2224 1648
3877 4191
3877 2980
3877 3078
3877 4192
3880 3126
3880 4193
3880 2081
3881 2843
3881 4194
3881 1542
3882 3100
3883 4195
3884 2938
4136 2797
4196 2780
1507 3583
3328 4197
3855 3380
3855 4198
3024 4199
3003 4200
3003 2104
3003 1164
4201 3005
3329 2062
142 974
142 147
2066 4186
3146 3087
3146 3694
3146 1518
3146 3092
3146 3093
3146 4202
3146 3103
1508 2314
3867 3136
3867 2098
3867 4203
3867 4204
3867 4182
1509 3088
1509 3694
1509 4205
1509 4202
1509 3098
1509 3099
1509 1546
1509 3102
4137 4206
4137 4207
4137 2751
4137 2753
4137 4208
4137 4209
1510 4210
1510 3067
2304 3861
3061 147
2886 4211
969 4212
3857 2257
2336 2761
3158 1639
2651 1511
2651 2088
1511 3007
1511 3011
3330 147
3330 4213
3330 4214
3330 4215
3330 4216
3330 2674
3330 4217
3330 3696
3330 4218
3330 4219
3330 4220
3330 4221
3330 1165
3330 4222
3330 4223
3330 1337
2953 2062
3984 2314
1512 1337
2062 1033
2062 3729
2062 4224
2062 4225
2062 3380
2062 4226
2062 4227
2062 3612
3991 4203
2381 3004
2381 974
2381 4228
2381 3927
2381 3089
2381 2872
2381 2098
2381 4229
2381 3162
2381 2102
2381 3137
2381 2875
2381 4230
2381 3969
2381 4231
2381 3116
2381 3925
2381 4212
2381 3155
2381 4188
2381 3164
4232 3384
4233 2131
4138 2306
2306 2842
3088 3958
3994 1337
970 2103
4234 2324
4235 1161
971 4236
2129 3048
2129 3964
3331 2751
3331 4237
3331 4238
3331 4239
3692 2311
3023 2051
3023 2052
4240 2751
4240 4241
3693 4242
4243 4000
3107 2314
2097 2111
2097 3009
2996 4244
3793 4245
1639 2098
3048 4246
3124 2870
3124 4247
3124 4248
4249 147
4249 1337
4250 2991
2307 2311
2308 1337
3763 3731
1640 1649
972 4251
2987 4252
3004 974
3004 4253
3004 4254
1515 4255
1515 4256
1515 2972
4139 147
4257 2762
3583 2843
4258 2881
4258 2432
4258 4147
4259 2751
2309 4260
4261 4262
973 2098
973 2105
973 4263
2310 4000
4262 2751
4262 2868
4264 4000
3117 3118
2870 4265
2311 3005
2311 3006
3889 2392
4266 4267
4266 3384
4266 3941
974 2316
974 3925
3694 4205
3045 3160
3045 3164
4268 2751
4269 1337
143 147
143 4270
979 3355
539 4271
539 164
982 3223
982 209
983 147
4272 1991
987 3207
4273 147
989 1023
989 4274
989 4275
989 4119
989 4092
3466 465
3466 1659
3796 168
3334 541
451 541
1921 541
147 4276
147 149
147 3339
147 1018
147 3455
147 3344
147 160
147 1033
147 3348
147 1946
147 3657
147 4277
147 1053
147 4278
147 3357
147 1061
147 1063
147 3360
147 172
147 313
147 2662
147 4279
147 3367
147 409
147 3369
147 4280
147 541
147 3373
147 1122
147 1132
147 4281
147 4282
147 4283
147 1146
147 3384
147 2918
147 4284
147 3394
147 3835
147 1980
147 3396
147 3398
147 4023
147 4285
147 4044
147 1236
147 2250
147 1246
147 1253
147 4286
147 3412
147 416
147 3665
147 1275
147 208
147 3413
147 3414
147 4091
147 4287
147 4288
147 4289
147 3420
147 417
147 2356
147 2017
147 4290
147 214
147 2020
147 3422
147 4291
147 4292
147 4293
147 4294
147 3430
147 1353
147 4106
147 4072
147 2706
147 4063
147 3433
147 2036
147 2040
147 3649
147 2711
147 4295
147 3448
147 2472
147 2721
147 1443
147 3525
147 3451
147 4296
991 1359
3556 1002
3556 4297
1922 3347
1922 1115
1922 4298
1922 4299
1922 4024
1922 447
1922 3646
1922 4300
3221 2699
999 4301
439 4302
439 3402
439 4128
1000 4289
1001 3531
1013 4143
1016 4303
154 4304
1743 2816
155 1528
155 3385
4179 1185
4179 4305
465 3444
3473 4306
4307 3589
157 2731
2654 301
4153 1043
4153 1080
1028 1939
1028 3366
1028 3546
1028 1788
1028 4308
1028 3424
1028 3703
1028 3452
1664 4309
1033 3801
1033 3804
1033 3805
1033 4310
1033 4311
1033 4312
1035 4285
4313 2313
2897 2899
2897 4314
4110 4178
1057 1058
1057 2813
1057 2829
1057 1771
3507 4315
1058 1744
1058 4316
1058 2809
1058 1745
1058 1060
1058 3188
1058 4317
1058 4318
1058 4319
1058 4320
1058 4321
1058 4322
1058 1754
1058 1062
1058 1765
1058 1767
1058 2824
1058 4323
1058 4324
1058 4325
1058 2832
1058 1778
1058 4326
1058 1780
3197 3198
2810 2238
2810 1762
4327 2613
1060 4328
2559 2590
2559 2613
2559 3743
2559 2622
2559 2623
2559 4329
2559 2568
2559 2625
2559 2626
2590 2575
2613 2573
1061 4330
1061 2254
1061 4331
2562 4332
2564 4333
2623 2575
4334 3771
3774 1340
382 2244
3198 3586
3188 1558
3188 2830
1748 1752
1748 1558
1748 2916
1748 4335
1748 2238
1748 4336
1748 4337
1749 2238
3474 2739
3474 4338
4339 2238
2811 1558
4340 1558
4341 1558
1558 2812
1558 4342
1558 1755
1558 1756
1558 2814
1558 2817
1558 2819
1558 2238
1558 1761
1558 4343
1558 1768
1558 2825
1558 1770
1558 1771
1558 1773
1558 4344
2916 2816
2916 3069
1754 4345
1754 4346
4328 4345
4328 4347
4328 4346
4315 383
4315 4348
4315 4349
3586 4066
3771 4350
2238 1766
2238 1770
2238 4351
383 2595
383 4352
2568 2571
1954 3762
171 541
1070 1117
3362 541
312 1288
3364 4353
3366 4354
1088 3792
1099 3421
3800 4355
3800 4356
4357 1298
1106 3374
1106 1994
1106 4358
541 2695
541 2357
3588 4142
3588 4359
3589 4360
3610 4361
3223 4182
3223 4362
1117 3840
3559 1452
1122 1151
1517 3072
1128 4363
1130 4282
1130 4364
1132 3403
3597 4078
3597 4169
2836 4365
3659 2427
3659 4366
2887 1526
3063 3888
3063 2085
4367 1337
3939 3384
1157 4000
1157 3861
1157 3054
4368 1337
411 412
411 4369
2313 2079
2313 3572
4224 4370
2314 2842
2314 4371
2314 2958
2314 3018
2314 3985
3005 3127
3005 4372
3142 185
1159 3595
1159 4242
1159 4373
2353 4207
4000 2317
3091 1529
3592 4374
2098 1522
2098 2112
2098 3922
2098 3602
2098 4230
2098 4375
2098 2961
2098 4376
2098 3965
1523 4377
1523 4378
1523 2868
2318 2407
2318 4379
2130 4380
2130 3995
2130 3996
2099 2616
2099 4193
4381 3593
4382 3137
3861 4383
3967 4236
2969 4237
3593 2054
3593 2039
3594 2039
3982 1337
2751 4384
2751 2494
2751 2863
2751 4385
2751 2991
2751 4386
2751 4244
2751 4387
2751 4388
2751 4389
2751 4390
2751 4391
2751 2504
2751 4392
412 4393
412 3144
412 3051
412 4375
412 4369
4393 3144
4145 4394
4145 4245
3601 1163
2320 3012
2320 4395
2320 4396
585 4397
1526 4398
1526 4399
4213 1240
4400 1240
3595 4401
3595 1162
3595 4402
3595 3129
3595 1337
2100 4193
1527 4403
2101 4404
4405 2780
1529 4406
4214 1240
3923 1168
4215 4407
4407 1337
4408 4409
2322 2409
4410 2324
4410 1337
2323 4411
2323 1337
3127 3986
3127 2411
3886 4372
4412 1337
2780 4413
2324 2082
2325 4148
4414 2131
4216 1335
2103 4415
3962 3997
2053 1218
1160 4416
2368 1166
4198 1337
4417 2257
4418 4419
3904 4420
3384 4421
3384 4422
3384 4423
3384 4424
3384 3413
4425 1337
3128 4383
2794 1337
3144 3051
3144 4375
3144 4369
3095 185
1162 3862
1162 4402
1162 4426
1162 3129
1162 4373
3910 2878
4217 4218
4217 4219
4217 4220
4217 1337
1163 4227
4427 4428
4427 2257
2983 3129
2983 4429
2983 1337
2328 1337
1543 3013
4242 3129
2796 1337
3924 209
4430 1337
4419 4395
3925 209
4431 4409
4431 2039
185 2405
185 4432
4183 2257
3863 4148
4148 4433
1649 1169
186 4434
3081 4435
1549 1337
3864 2257
3865 2257
3866 2257
4436 1550
4437 1337
3731 4438
1976 2035
1181 1209
4150 615
1983 1299
4439 1218
4439 3664
4439 3667
4439 3675
3804 3811
2679 1218
197 4440
301 4441
301 2733
1988 3235
1218 3403
1218 4310
1218 3665
1218 4442
1218 4443
4172 3667
1232 2200
3405 2041
3663 3673
2252 4010
2004 4083
1274 453
4444 3415
1285 4445
3811 3815
3811 3817
1291 3536
1292 2163
260 4076
4446 3671
209 1378
209 4447
210 1313
620 1425
621 3425
1344 4448
2927 3707
4449 3824
1696 4365
4303 4119
4364 2044
