66 192
0 1
0 2
0 3
0 4
1 2
1 3
1 5
1 6
1 7
2 4
2 5
2 8
2 9
3 4
3 6
3 10
3 11
4 8
4 10
4 12
5 7
5 9
5 13
5 14
6 7
6 11
6 15
6 16
8 9
8 12
8 17
8 18
10 11
10 12
10 19
10 20
7 13
7 15
7 21
9 14
9 17
9 22
11 16
11 19
11 23
12 18
12 20
12 24
13 14
13 21
13 25
13 26
15 16
15 21
15 27
15 28
14 22
14 26
14 29
16 23
16 28
16 30
17 18
17 22
17 31
17 32
19 20
19 23
19 33
19 34
18 24
18 32
18 35
20 24
20 34
20 36
21 37
21 25
21 27
22 29
22 38
22 31
23 30
23 39
23 33
24 35
24 36
24 40
37 25
37 27
37 41
25 26
25 41
25 42
27 28
27 41
27 43
26 29
26 42
26 44
28 30
28 43
28 45
29 38
29 46
29 44
30 39
30 47
30 45
38 31
38 46
39 33
39 47
31 32
31 46
31 48
33 34
33 47
33 49
32 35
32 48
32 50
34 36
34 49
34 51
35 40
35 52
35 50
36 40
36 52
36 51
40 52
41 42
41 43
41 53
46 44
46 48
46 54
47 45
47 49
47 55
52 50
52 51
52 56
42 44
42 53
42 57
43 45
43 53
43 58
44 54
44 57
45 55
45 58
48 50
48 54
48 59
49 51
49 55
49 60
50 56
50 59
51 56
51 60
53 57
53 58
53 61
54 57
54 59
54 62
55 58
55 60
55 63
56 59
56 60
56 64
57 61
57 62
58 61
58 63
59 62
59 64
60 63
60 64
61 62
61 63
61 65
62 64
62 65
63 64
63 65
64 65
