96 336
0 1
2 3
4 5
6 7
8 9
10 11
12 13
14 15
16 17
18 10
19 20
21 22
22 23
24 10
25 26
27 28
29 30
31 9
12 32
33 34
23 10
21 5
35 22
36 37
38 5
10 39
12 40
6 41
42 37
43 44
45 46
47 39
34 11
48 49
50 51
52 18
53 33
38 53
54 41
20 43
55 56
57 26
58 59
21 60
61 29
62 31
63 18
64 0
64 65
11 8
27 65
39 66
67 12
8 68
29 20
69 8
24 60
70 61
6 39
31 71
15 72
73 46
64 1
54 6
51 29
36 57
58 35
74 57
62 75
18 76
38 23
15 50
73 17
73 16
31 40
77 26
54 78
49 44
46 78
79 62
7 12
55 80
51 0
2 81
19 48
45 82
63 60
13 25
8 83
73 2
78 84
48 44
75 13
77 85
47 8
19 33
33 49
67 77
75 71
56 59
74 36
37 64
69 68
22 33
3 37
56 86
87 88
28 30
61 27
74 64
52 54
89 80
90 24
11 69
82 84
74 77
79 6
21 24
21 10
55 58
15 42
33 69
79 47
36 0
39 75
53 22
0 91
74 84
15 3
67 32
35 53
41 78
16 45
10 47
90 76
54 45
15 92
87 54
81 74
22 34
82 74
31 75
68 9
59 86
55 59
29 91
59 19
20 30
21 23
93 50
51 61
14 92
89 55
79 39
75 12
23 34
36 64
22 11
45 78
69 83
86 20
77 25
93 89
72 80
58 4
83 68
17 3
84 77
27 91
70 56
67 84
86 48
76 6
90 52
32 13
88 45
39 62
11 66
88 54
37 51
78 67
8 66
7 32
57 64
14 2
32 26
89 72
49 83
20 28
52 87
12 25
53 19
86 19
49 43
80 94
78 82
66 31
44 83
93 42
7 67
35 4
55 70
71 40
45 41
84 32
50 37
56 19
63 90
81 36
78 7
18 6
88 16
95 4
85 1
66 71
50 42
86 29
42 61
50 36
88 46
38 4
70 51
32 77
41 67
46 82
15 93
62 7
63 24
38 60
3 50
56 61
1 65
61 86
76 79
87 76
46 81
64 85
10 79
38 22
75 40
58 56
47 31
62 12
34 69
24 23
17 81
42 51
35 38
2 92
16 46
2 15
93 80
85 26
40 13
17 82
55 95
37 0
35 95
63 21
11 47
33 48
7 75
34 49
82 67
58 95
91 28
81 82
35 59
9 71
17 2
57 77
61 20
81 3
2 50
38 21
58 53
89 94
89 42
66 68
84 57
19 49
65 91
81 84
37 27
93 72
89 56
70 86
20 48
32 25
48 43
23 11
30 43
90 18
18 79
29 28
14 17
93 92
94 95
41 62
57 85
52 76
58 94
57 1
24 79
47 66
0 65
76 54
53 34
55 94
17 46
23 47
89 70
59 33
93 70
92 72
0 27
66 9
51 27
49 69
42 70
41 7
48 30
69 44
59 53
35 5
76 41
24 18
3 36
73 14
34 8
27 29
39 31
5 60
6 62
87 45
3 74
