2352 6123
0 1
2 3
4 5
6 7
8 9
10 11
12 13
14 15
16 17
18 19
20 21
22 23
24 11
25 26
27 28
29 6
30 31
32 33
34 35
17 36
37 38
39 40
41 42
43 44
45 46
47 48
49 50
51 52
53 54
55 56
57 58
59 60
6 61
62 63
41 64
65 66
67 68
69 70
71 72
73 74
75 34
47 76
77 78
79 80
40 81
82 83
84 85
86 87
88 89
58 90
91 92
93 94
95 96
97 98
99 46
100 13
101 102
103 104
105 106
107 108
109 110
111 112
49 17
113 114
115 116
66 117
118 119
6 120
121 122
123 124
125 126
127 92
128 129
130 131
132 133
134 135
56 136
137 138
139 140
141 142
128 143
144 145
105 146
147 148
149 87
150 151
152 153
154 155
156 96
157 158
159 160
161 162
163 164
165 166
58 167
106 168
169 170
171 172
173 174
35 175
176 21
73 10
177 178
179 28
180 132
181 182
14 183
112 116
128 184
185 186
187 87
181 188
189 151
190 80
191 148
192 193
194 195
196 197
100 70
78 198
100 107
199 200
201 202
139 24
203 204
8 118
205 206
207 208
209 28
210 211
201 212
213 148
214 215
216 217
218 219
220 221
222 223
224 11
225 226
227 228
229 110
230 231
232 233
137 234
235 102
236 237
78 238
239 138
240 241
242 243
244 245
148 246
247 248
249 250
251 252
41 253
254 138
255 256
257 258
138 259
260 261
75 262
97 263
264 265
266 129
100 98
267 268
269 101
73 270
271 77
272 132
273 31
274 275
40 276
270 277
278 279
280 281
282 283
284 285
286 287
56 288
289 96
290 49
49 291
271 292
293 227
294 295
296 297
298 33
192 299
300 66
301 302
192 303
148 304
84 305
306 98
307 308
309 310
25 311
40 312
313 314
315 94
160 316
73 317
133 318
319 40
320 80
321 322
323 324
49 325
326 327
285 270
235 328
329 330
331 28
169 332
47 333
334 335
148 336
111 337
338 325
339 11
340 341
342 343
344 192
345 346
97 347
348 349
350 351
352 353
183 354
66 355
27 356
357 358
359 287
360 260
100 106
361 362
363 263
364 96
306 17
365 133
216 366
367 38
22 260
52 107
368 197
369 370
371 372
114 373
374 375
376 133
377 225
378 298
181 86
40 19
379 380
105 381
382 40
111 383
384 184
385 80
386 242
387 388
144 389
390 227
391 138
392 393
394 395
396 294
202 322
397 398
131 107
399 400
27 401
402 252
181 403
404 280
405 406
407 23
58 408
409 410
65 411
314 398
412 160
101 413
378 138
66 414
415 110
111 416
417 147
148 418
419 420
41 421
78 101
306 422
423 197
392 424
300 425
183 426
427 61
428 429
430 431
432 433
434 11
62 325
435 436
58 437
58 438
1 178
439 337
440 441
442 96
443 227
444 110
419 445
446 447
448 449
450 451
330 250
452 453
454 455
456 107
427 163
457 250
6 458
73 459
447 460
461 462
286 463
464 45
465 31
466 467
468 469
470 471
472 473
474 31
405 475
476 477
478 288
392 479
150 480
481 482
483 80
107 50
484 485
486 70
73 487
456 425
416 488
489 151
490 116
432 491
492 426
218 493
494 495
118 496
346 497
498 499
221 500
124 74
405 138
258 501
40 502
503 504
58 505
242 506
150 507
31 508
509 510
511 11
512 346
263 38
513 514
515 307
89 123
6 163
516 116
326 19
111 517
518 519
520 521
522 87
523 140
148 519
524 163
525 146
526 63
106 108
527 49
528 227
432 529
128 530
107 10
210 531
532 533
534 78
535 56
6 536
400 488
537 119
516 538
539 540
541 542
543 291
544 142
271 545
374 222
546 87
547 35
548 148
258 549
528 398
227 164
96 550
551 552
553 87
369 554
78 555
192 219
556 557
487 40
9 46
169 107
494 558
297 559
560 280
561 562
134 225
342 563
22 564
489 565
181 501
494 485
566 467
567 568
271 569
313 71
570 526
183 571
181 572
62 454
573 270
574 498
397 575
576 106
577 138
578 579
580 107
525 270
297 581
582 583
559 43
488 250
584 87
585 308
465 586
587 96
405 588
58 21
346 589
286 590
14 591
111 592
361 593
220 594
595 596
181 597
41 598
55 40
599 600
601 96
70 602
603 106
604 133
605 606
397 314
238 607
3 116
216 34
608 252
609 133
56 610
92 291
427 204
611 612
537 488
613 346
614 6
392 615
160 616
118 617
562 618
84 619
422 618
340 620
621 622
623 96
244 211
624 70
128 136
625 13
165 626
627 346
628 280
629 630
125 474
631 98
632 461
405 633
426 291
271 347
634 100
87 635
636 218
637 638
524 639
405 640
641 133
642 539
192 643
311 250
100 644
645 646
647 284
207 645
111 648
649 650
651 204
357 160
652 454
111 653
73 242
654 346
314 655
60 656
543 657
585 146
103 658
8 659
75 660
272 55
359 661
662 78
106 663
29 148
11 291
664 665
53 666
255 648
667 464
6 668
669 31
40 670
671 672
673 96
139 346
674 640
675 676
6 416
263 1
524 677
84 70
678 271
306 679
349 308
564 399
680 681
682 683
684 685
49 686
687 688
317 250
642 217
16 333
221 689
690 96
62 347
180 691
692 87
693 694
524 227
608 11
695 696
47 697
58 563
340 31
535 341
105 666
698 243
266 242
133 699
671 287
516 641
556 100
667 700
407 11
701 664
625 702
703 55
704 705
706 151
707 260
708 709
1 710
498 250
711 625
631 712
713 388
714 135
51 715
140 716
6 717
152 718
111 286
719 422
720 49
279 87
721 722
676 600
263 150
378 723
116 724
725 150
416 325
181 573
255 726
487 655
494 157
727 534
728 404
729 730
227 731
338 732
94 733
106 734
369 735
736 116
49 653
737 151
49 738
578 223
435 672
422 46
586 739
519 308
740 349
652 741
351 106
80 742
202 145
743 744
745 746
747 116
326 170
748 324
6 749
620 112
41 750
751 77
752 753
405 754
755 586
651 132
413 756
757 197
758 357
759 760
229 761
762 740
73 381
763 764
765 766
767 107
57 768
649 769
586 770
771 138
772 288
165 84
773 329
774 775
171 618
776 376
171 777
778 11
225 779
780 645
781 301
782 714
647 555
766 783
516 96
165 784
22 309
785 395
257 225
405 786
100 146
680 5
240 787
788 789
467 790
25 298
469 288
791 504
361 792
759 793
667 794
544 355
795 318
796 210
797 147
346 798
556 250
799 800
454 717
227 801
802 96
27 803
41 804
805 806
718 139
807 116
119 44
413 808
809 810
811 812
111 98
97 144
813 814
815 61
816 817
58 78
586 325
409 818
427 642
49 61
819 96
22 820
427 821
338 822
823 808
824 211
49 768
52 31
47 825
826 590
827 828
296 40
271 302
377 53
58 829
757 696
148 830
416 270
78 831
613 594
163 21
832 43
833 225
181 834
106 835
718 836
687 322
236 837
171 838
839 43
111 840
841 366
842 96
134 460
513 843
334 844
284 243
782 845
258 846
6 847
422 848
389 849
225 850
405 851
852 0
853 696
854 855
856 148
263 784
700 555
857 138
858 99
6 859
860 49
462 467
813 710
138 861
218 346
101 328
73 862
324 863
148 864
865 866
478 318
765 480
179 210
340 97
867 664
260 868
67 40
869 260
204 480
160 746
870 3
56 871
872 94
171 346
701 873
313 874
875 664
385 876
877 878
83 879
405 880
881 882
49 883
148 884
309 96
489 260
885 116
6 886
769 35
152 887
888 94
352 541
889 514
515 96
642 890
305 35
40 242
41 891
14 163
892 346
655 175
893 145
894 895
896 330
897 389
859 898
28 549
267 899
386 146
405 900
901 46
902 590
586 903
121 904
704 905
419 906
907 49
684 80
826 686
496 498
908 909
910 911
736 92
6 640
667 447
369 276
409 912
242 116
286 150
913 914
915 87
231 426
57 916
6 917
918 6
919 96
920 558
78 138
411 142
877 87
355 488
921 83
922 40
923 924
925 655
192 926
67 128
49 927
236 928
244 929
181 930
718 77
73 931
66 218
121 932
933 116
934 935
645 151
73 835
936 24
937 938
192 42
578 939
535 170
900 314
435 250
940 33
941 607
570 122
525 615
681 151
664 178
271 942
943 202
462 204
244 35
260 944
945 789
405 681
181 298
286 35
946 133
378 116
947 80
55 358
185 948
949 950
708 204
951 92
190 133
642 594
855 952
60 106
97 914
953 954
896 955
848 208
466 956
6 99
413 957
286 958
708 639
37 31
959 11
815 314
960 21
468 58
961 413
537 44
962 963
516 964
631 216
708 413
111 965
344 271
89 617
556 330
338 966
236 311
227 967
741 968
543 656
78 119
969 970
224 971
894 972
973 578
703 148
974 133
219 971
60 330
202 622
181 975
440 976
293 83
192 930
40 977
409 593
978 979
980 724
755 297
981 6
982 132
737 481
39 70
97 218
60 110
983 148
392 562
984 288
160 742
296 160
985 986
60 602
987 988
684 35
27 148
181 989
532 204
91 49
138 480
97 139
990 148
991 138
371 992
387 667
993 285
994 96
995 849
354 996
897 997
998 110
334 544
543 999
369 890
58 46
285 911
1000 714
180 204
270 426
452 526
1001 133
539 1002
1003 562
6 77
680 148
181 1004
286 738
664 49
1005 110
1006 1007
254 1008
1009 828
1010 1011
519 227
14 138
1012 100
1013 139
148 1014
1015 653
503 578
338 11
949 1016
126 822
1017 243
454 1018
1019 710
1020 227
570 100
227 160
57 416
667 1021
765 1022
1023 270
204 1024
346 1025
271 308
1026 46
134 100
6 1027
0 1028
1029 11
225 3
1030 106
1006 1031
41 585
204 1032
1033 702
148 1034
1035 288
181 100
708 183
1036 83
660 1037
267 800
357 6
634 669
631 746
1038 509
1039 559
49 742
1040 1037
1041 107
1042 1043
422 49
1044 346
230 13
311 1045
133 441
1046 466
147 314
1047 769
1048 696
1049 133
214 163
225 1050
1051 133
1052 586
27 1053
904 228
676 11
1054 341
1055 96
1056 1057
1058 40
1059 40
209 78
1060 110
1061 133
181 1062
155 61
78 44
1063 346
191 618
1064 133
227 246
377 1065
369 1066
8 1067
1068 146
567 23
181 1069
1070 170
1071 5
40 1072
1073 722
58 624
47 112
795 80
611 66
536 1074
411 160
411 129
700 590
680 262
128 1075
52 106
40 1076
719 110
0 562
165 1077
97 681
1078 571
943 107
181 347
148 1079
1080 87
58 528
59 1081
361 1082
266 454
704 5
1083 1084
1085 358
296 1086
1087 246
599 563
111 535
319 1088
41 1089
247 1090
110 1091
273 160
659 420
271 1092
954 92
687 740
741 1093
905 1094
740 774
1095 40
469 1096
1060 107
1097 904
240 526
53 1098
1099 218
1100 421
1060 49
178 1101
711 388
874 1102
6 1103
828 958
117 624
160 1104
800 250
271 199
1067 586
286 1105
651 138
55 425
313 881
852 905
1106 107
192 349
1034 270
1107 151
335 1108
504 939
20 260
1109 61
405 33
1105 1110
608 1111
40 498
236 801
14 1112
148 21
1113 160
516 593
534 648
409 1114
631 312
440 1115
894 600
907 40
75 70
185 478
881 537
75 681
296 262
642 14
152 450
427 860
1116 40
703 132
308 322
41 1117
227 559
556 1118
1119 110
180 637
897 46
248 155
286 178
537 116
1120 958
124 13
287 280
544 122
435 260
1121 311
461 835
55 328
525 1122
1123 305
0 668
1124 70
31 291
1048 1125
647 746
924 996
121 517
1126 70
240 1127
384 918
146 398
1128 270
207 1129
1130 110
1131 618
55 722
751 376
271 1132
1030 1133
55 155
1134 227
227 671
1135 1136
1137 1138
1139 637
1140 1141
1142 1143
1030 78
442 876
41 1144
280 1145
1146 1147
840 150
1 1148
1149 49
242 107
97 1150
768 133
1151 567
570 1152
435 1148
204 638
887 697
255 783
538 563
148 1153
397 413
752 1154
1155 236
285 1156
409 1157
556 144
157 365
1158 1159
197 591
570 1160
524 797
762 689
1161 1162
1163 1164
897 97
338 550
1165 40
1166 329
41 555
406 250
55 254
128 1167
16 1168
956 160
1169 1065
232 1170
1171 312
641 1133
1172 562
556 1173
1174 80
41 590
649 1175
102 328
309 1176
1177 133
99 43
1178 145
1179 160
38 749
733 92
1180 1181
578 1182
590 555
49 1183
996 1148
99 1184
190 1185
170 618
1186 718
210 347
110 1187
751 683
1188 1189
1190 332
1191 1140
118 732
679 413
713 144
286 741
797 133
247 138
31 1192
133 1193
624 204
1043 337
4 859
740 346
225 291
1194 49
828 316
1195 733
1196 23
97 1197
599 11
877 846
815 1198
56 555
97 488
1199 11
334 796
116 999
1200 250
389 1201
1202 746
708 1203
1204 1205
19 828
173 855
718 1150
1206 1207
133 21
1 1208
971 1150
305 280
190 664
755 6
128 1209
1042 1106
1210 38
288 655
41 1211
22 166
269 49
595 422
905 746
17 655
271 865
40 624
795 349
578 697
180 227
91 31
1212 556
664 562
128 661
733 594
394 447
618 1213
347 413
1135 1214
128 624
543 441
454 288
612 1215
1216 83
1194 155
1217 28
91 1189
157 31
266 1218
1219 155
469 81
123 1220
22 1143
466 288
216 1221
1222 107
255 1223
1224 110
80 808
669 389
763 271
389 120
41 1225
262 578
255 571
8 1226
469 252
1006 46
937 148
524 180
1059 6
1227 133
1228 151
1229 280
1230 270
1231 467
1232 96
655 1211
516 1221
1233 107
435 288
1234 1235
891 770
621 107
708 1236
66 60
727 398
329 947
1237 1238
519 976
35 467
1239 593
440 917
769 971
1240 861
204 1241
580 866
637 426
437 83
1003 391
687 97
1242 1034
235 170
907 250
22 1243
1244 619
454 116
342 1245
160 1032
435 106
619 1068
612 736
391 38
9 80
165 1246
57 488
687 668
1247 866
49 79
1248 1249
389 499
59 18
106 616
769 622
41 424
329 1250
1251 1252
160 87
107 502
1200 70
1034 1253
907 107
10 80
192 1018
128 248
405 1148
1254 1184
1018 11
1255 1182
1236 94
551 1256
1078 116
387 598
1028 485
138 11
1257 33
422 298
1258 23
389 204
413 1259
1070 119
954 46
524 937
78 68
242 50
519 859
524 80
1260 466
608 56
684 637
97 163
631 484
155 83
647 98
67 1261
1071 1262
271 1263
210 637
1260 1070
1116 31
1040 562
27 1264
1265 1266
225 926
128 1267
134 138
564 197
1268 111
1269 938
6 1098
1270 714
677 426
57 43
321 338
22 1271
96 383
1272 1273
910 407
409 383
1274 31
163 460
918 96
765 60
1275 1108
134 555
190 531
726 722
1276 31
1034 1105
667 49
613 1277
6 1278
1279 672
122 106
1280 58
1071 1281
310 138
1282 83
66 1283
1112 563
210 24
165 1193
133 735
721 1284
958 23
1009 106
221 1285
364 158
1286 772
701 263
1287 34
39 522
1288 1046
385 329
1289 31
1165 397
6 1040
1290 950
624 308
527 329
216 11
765 1291
902 56
1292 119
427 637
544 1293
1224 1178
1294 202
64 346
348 1295
221 717
1296 33
411 33
727 338
1297 346
93 346
1071 311
440 1298
804 31
1139 1299
885 236
41 686
34 607
1300 664
813 399
57 5
28 608
374 303
385 741
20 49
1301 1302
6 1303
708 163
385 56
25 555
280 1198
733 116
1304 197
636 1305
346 722
181 657
280 303
608 615
1306 1189
313 1307
652 740
73 547
242 202
435 211
487 618
161 83
93 310
612 740
354 83
214 954
150 441
751 1308
1309 724
147 83
1310 106
1311 280
227 204
809 733
19 250
338 1312
392 150
969 49
797 197
732 107
1046 519
347 38
916 338
636 1313
121 98
1314 131
78 1315
621 1144
214 248
1048 96
896 1316
240 900
741 1317
405 769
97 159
8 49
110 1318
112 1319
266 490
409 1320
628 202
446 313
405 1321
708 145
100 197
524 665
446 330
701 119
221 269
185 312
22 377
417 94
254 102
66 347
80 1322
1323 1324
532 1325
47 262
1326 40
725 697
254 101
897 145
181 537
1327 138
185 1328
714 935
34 97
1185 622
694 210
405 157
138 878
456 314
435 101
708 971
1048 80
1329 11
181 1330
1331 494
1276 236
207 1332
258 1251
180 940
752 1333
67 321
80 602
1106 145
651 202
204 1334
374 40
40 311
8 31
1063 160
347 1335
58 426
1336 5
14 1337
656 898
915 107
1144 615
1338 337
362 31
0 765
405 1339
1169 338
644 1211
377 116
305 1122
66 498
1340 133
31 337
1341 562
1342 1343
1070 672
1344 310
1218 190
608 160
535 40
121 956
660 772
1300 1316
1030 138
329 76
392 1345
1346 132
1347 332
14 110
1006 1348
318 426
307 1349
1350 110
571 83
1351 107
921 227
537 96
236 17
144 602
586 1174
1352 557
405 1353
1354 1355
1356 1357
698 63
140 1335
1358 537
524 708
236 341
468 67
1359 80
649 1360
243 70
1175 586
1301 504
1361 67
73 476
984 342
474 701
1362 866
331 413
271 1363
1150 246
570 416
827 866
1364 1342
570 999
73 1365
138 1366
230 514
611 1367
271 930
718 1368
1369 236
225 11
305 346
1140 1370
1140 1371
768 1372
185 120
271 1373
111 1349
435 236
313 701
1374 6
949 600
392 1375
40 1376
1274 1377
232 1378
487 70
636 1379
498 1380
1381 1382
555 615
800 96
286 1273
1073 106
1006 1383
289 1384
1385 43
0 750
271 1386
49 721
405 1387
39 107
1388 49
1389 96
192 1120
180 593
271 321
286 413
252 932
422 107
73 881
766 116
1133 388
1336 38
47 970
257 570
962 133
307 345
1152 23
346 1390
416 160
996 426
111 793
107 186
338 1391
881 1110
411 133
107 1392
586 656
1351 49
1350 1393
524 637
558 610
6 110
987 1394
224 349
631 1148
416 1189
40 237
132 100
660 183
1395 43
1043 362
828 138
297 318
1260 138
133 1396
88 146
494 480
98 1397
227 861
414 310
1398 1399
498 1400
217 325
1401 227
1336 51
888 889
123 671
1265 1402
1277 1403
285 607
1404 1405
1265 1406
141 1407
6 564
881 1408
579 158
138 529
631 1123
105 116
1070 722
157 204
165 669
1409 46
1140 788
1410 1196
157 110
1411 122
828 507
9 1412
244 570
107 1413
461 142
1265 107
1414 280
171 23
112 80
58 1328
1415 160
534 116
338 70
1416 107
484 691
418 96
84 138
148 1417
47 1418
165 19
1419 849
984 494
636 144
6 1420
216 392
1421 716
1422 192
718 656
83 927
271 193
152 310
73 465
1423 145
97 1424
280 1425
73 1426
851 96
197 947
73 285
994 294
73 1427
62 494
1428 398
41 1429
461 600
22 1193
566 138
1070 1430
1314 87
730 722
376 1037
271 1431
16 467
1338 1432
468 800
1433 96
993 687
680 136
362 1037
254 328
148 1434
736 49
359 351
9 845
248 1273
678 1435
73 989
73 1436
444 148
1221 1319
645 643
621 11
18 859
751 664
567 1122
1437 388
1438 298
296 972
1049 591
227 575
1439 1440
228 83
210 158
148 328
1441 435
181 730
1442 148
776 346
440 404
73 769
1131 74
450 138
68 506
305 567
346 1211
148 238
524 61
342 570
935 200
405 1443
21 1444
6 1316
516 480
1067 78
139 542
1130 200
31 938
515 250
1210 1133
1445 722
6 1393
1369 210
1009 250
0 243
1403 311
1196 1204
8 1100
678 219
1300 146
1274 898
1280 125
329 447
1446 1447
619 898
47 110
840 1105
524 835
907 66
1125 80
36 1319
1448 96
1073 133
112 270
524 426
1449 586
647 1450
960 600
324 199
258 1040
260 1451
1046 142
14 1451
556 1452
58 731
1149 1453
867 1454
422 971
107 1278
413 337
133 1455
123 1021
990 730
1456 148
397 938
220 1344
687 397
1457 46
1458 1459
1460 426
535 1065
469 354
556 1461
1462 849
321 329
78 1463
636 288
392 1455
1464 714
39 139
435 225
534 1465
736 971
637 1316
55 1466
859 1395
31 1467
343 100
1073 49
374 1468
1469 43
667 1470
1471 70
1472 294
66 1145
49 849
22 907
943 138
6 1473
504 1382
357 976
678 139
1071 1474
314 1245
236 1475
1476 341
278 1283
394 318
1477 49
470 263
1478 578
888 6
111 1479
58 14
454 1291
286 366
1480 1452
1481 590
67 6
534 1314
78 903
92 1482
1135 1483
1484 227
476 1171
30 35
134 162
14 1008
59 389
255 1485
97 142
1275 366
1291 363
128 784
642 6
394 507
764 421
1486 616
214 79
112 770
1401 83
544 204
163 94
631 1221
684 90
1487 1008
1488 287
619 312
220 1486
691 78
1489 1148
662 1156
107 395
58 1490
66 1233
1491 995
392 208
236 168
236 1492
631 642
147 916
367 1080
1453 151
680 218
170 1
1493 286
1494 138
107 911
1427 80
271 114
469 866
423 485
551 1495
346 1182
434 164
240 780
96 151
703 1364
1496 98
1161 183
1497 222
118 488
1336 586
275 932
128 321
621 590
874 1498
138 947
1499 225
286 218
1338 592
116 400
56 554
413 175
524 155
1500 473
27 1501
905 288
642 46
38 640
1126 1502
16 696
236 1503
1504 504
1395 1205
142 1243
66 1505
243 616
40 1506
28 1507
708 138
346 288
1196 466
271 1508
0 2
56 1509
1510 197
397 1046
1511 1512
56 196
389 312
28 999
651 20
1513 1263
647 1514
1515 11
40 549
741 1516
632 207
766 49
49 671
121 851
432 1517
41 126
730 718
317 243
110 879
139 480
1126 1184
1310 1518
162 346
181 1519
216 613
787 107
9 723
1520 714
1521 31
200 280
6 619
919 413
1179 31
637 1522
106 1335
392 1144
637 846
1523 148
1223 17
181 1524
107 538
361 1525
6 1526
252 1185
138 36
867 1527
1452 1528
155 965
951 1529
1210 158
409 1530
1204 1213
49 1531
41 488
180 642
334 25
106 1467
10 1319
1267 1089
6 1532
405 1245
49 1533
105 242
1029 390
165 119
856 227
1534 172
413 615
22 763
220 881
1040 329
306 210
825 116
715 280
440 1535
586 1536
707 258
1107 793
1537 128
285 40
165 255
1538 160
708 271
1029 675
1539 96
79 92
367 1291
487 270
1029 413
1096 1440
1336 66
1540 935
59 1541
266 255
1542 106
896 1543
148 1544
25 1545
678 655
181 426
680 303
1546 200
484 144
907 741
825 389
484 204
66 1547
165 1548
40 1549
1550 341
1309 730
894 1551
1552 536
62 422
452 793
465 204
1553 1552
55 1541
1554 509
489 999
160 1555
0 107
181 1263
105 160
937 87
181 1556
489 1557
466 1178
662 1558
41 642
242 106
73 1559
479 23
138 509
484 83
888 1015
26 204
987 1096
867 1560
687 1528
91 626
1561 1226
0 1222
428 1562
1279 618
100 270
338 1515
1060 106
1481 531
62 1218
121 1563
764 106
1564 346
876 1150
1565 271
621 555
1566 413
440 1567
821 1568
649 1316
727 5
361 43
1569 46
5 586
84 100
106 538
752 1570
25 288
49 1571
1176 110
66 940
766 741
143 133
1572 347
1326 1125
1573 78
1188 1574
111 110
423 94
324 143
1575 1576
371 1577
1230 730
128 1578
305 31
386 1278
14 474
1579 792
58 1109
148 878
1580 911
217 655
286 144
762 721
1581 1582
1583 796
280 602
1265 780
516 158
828 50
452 1188
338 204
1028 801
840 728
392 1257
1070 362
1469 312
1584 31
726 70
427 1585
1586 133
116 661
148 1587
1588 197
1589 96
58 211
1280 1378
31 1590
755 721
28 1591
8 718
0 416
623 204
185 151
73 697
271 219
874 1592
492 52
1593 133
1579 1202
34 107
1231 204
96 44
325 395
795 388
152 160
157 308
586 1594
1595 1596
806 796
386 1531
474 13
1361 586
210 250
1268 1110
31 1221
1165 420
142 1475
75 741
40 691
757 94
1597 50
512 1598
11 615
1599 1600
628 246
152 971
1140 1440
866 280
1601 1011
476 11
519 90
1602 949
511 280
160 1528
1603 11
1065 1533
9 481
107 1604
329 1605
776 600
1606 1607
671 270
97 325
190 87
111 1079
27 1333
160 455
525 99
1608 995
680 534
369 1609
1256 722
857 717
1422 271
535 1245
285 338
594 312
700 686
452 1610
41 314
22 63
1611 578
142 1150
1612 294
152 881
369 1613
556 1614
1615 101
40 1616
1474 1617
651 227
752 543
857 77
257 96
174 198
776 80
354 227
1618 132
190 116
361 676
586 44
1140 956
294 210
1619 160
762 1004
240 1219
440 638
56 330
1620 40
1140 1621
263 280
338 999
338 1622
163 358
148 1623
1229 607
110 594
1624 148
718 1625
1048 1328
1626 236
84 1627
405 325
644 146
346 1133
338 413
122 288
1628 242
92 562
266 311
1030 133
27 494
242 938
586 1629
93 566
586 1267
1630 1631
148 967
67 342
1632 110
1487 1022
586 1566
916 106
1540 1112
133 1141
874 1633
574 846
204 1634
730 133
92 927
58 807
1139 542
863 648
41 117
408 1539
171 1452
1071 905
14 269
528 83
271 1308
251 204
389 563
192 1427
123 1635
8 721
55 204
691 1547
1636 78
1251 96
121 61
951 426
1637 406
132 691
740 70
341 1638
0 326
1639 1068
1640 138
255 672
894 644
358 1209
1527 49
1641 346
490 40
148 731
405 250
620 144
301 1642
286 822
192 1274
405 469
1643 110
1644 1475
420 602
75 964
150 92
128 1518
1645 1646
736 1014
984 664
718 494
664 835
876 873
1005 1075
498 328
134 1647
484 190
430 600
409 1648
586 661
18 175
687 570
485 655
14 248
1649 227
1650 227
354 1342
535 97
1651 416
1652 346
1128 1653
121 722
852 5
799 1654
78 1502
296 1655
57 386
387 1656
181 1657
1658 1108
271 1659
6 1201
62 1660
562 316
1661 110
641 441
230 1536
102 204
1260 43
138 1662
185 1566
225 1663
1664 593
181 763
100 655
1049 204
185 481
1665 139
53 1666
585 365
642 107
1236 92
701 13
31 592
1667 107
73 1668
385 263
301 488
752 1669
739 11
1346 227
1161 591
978 973
313 507
67 145
524 1670
586 657
642 49
59 254
133 801
165 1
583 1285
118 250
171 1671
427 768
651 52
1226 1050
181 1672
960 28
14 1673
56 186
78 1674
1675 761
218 145
1048 740
1676 160
1677 1678
181 1679
869 788
470 478
902 11
357 877
1680 11
1681 66
1177 6
148 1547
776 783
454 107
495 1682
1683 586
649 1684
191 227
49 270
1685 271
227 1153
642 21
718 389
225 1686
67 33
478 672
649 1615
185 362
1030 385
58 155
858 1251
1052 6
307 715
1687 1226
1661 1688
651 1221
280 1629
329 297
680 784
1689 250
881 624
1107 24
456 1490
566 422
236 1345
163 140
697 250
1690 87
484 916
1691 941
1580 83
47 1692
57 618
1591 246
66 288
197 488
658 1693
1694 702
224 881
1177 1475
111 342
117 346
399 116
1695 504
1310 133
905 349
1696 1275
152 1307
651 83
209 155
326 397
1196 1261
461 784
1697 1698
290 96
299 80
762 1699
235 1700
207 542
432 1701
1028 311
392 38
896 413
842 160
1275 672
338 1519
311 413
267 254
309 531
171 122
148 1702
1286 573
1703 1156
66 190
97 608
224 33
1073 107
485 716
413 555
626 133
889 768
1704 578
897 6
47 537
1705 225
160 1706
752 1351
110 1024
1707 556
1006 1708
1477 11
1364 1236
684 397
25 1185
558 138
405 459
1432 160
1026 133
900 1251
405 311
204 801
1681 197
56 1709
1086 457
901 155
535 275
160 114
656 288
134 6
859 1032
74 116
1340 600
266 1710
877 90
119 1711
1712 1413
1713 78
1714 197
25 1203
1715 887
1344 971
435 796
116 500
1716 107
97 1213
92 61
432 1717
6 478
111 1450
75 1037
17 70
583 1566
984 395
338 1718
338 116
1572 1475
1328 567
495 70
1719 6
128 1720
1115 63
179 911
1721 106
192 1487
1070 876
1175 210
1140 529
645 1325
1398 107
1352 96
123 1722
1723 346
857 288
392 406
1724 96
544 1487
1725 171
257 421
75 600
1726 346
163 1335
951 1575
1000 675
663 1251
636 547
706 133
257 1727
459 330
534 1728
242 263
1729 270
105 940
1730 133
185 467
698 586
55 708
470 1617
671 280
1309 151
1731 122
227 508
40 784
121 616
468 204
28 1732
595 1733
1734 346
40 676
138 1735
14 830
1736 107
10 1278
907 90
698 6
376 1720
217 146
110 172
1140 1290
916 1522
1737 106
938 1273
634 144
181 885
766 80
28 151
369 138
916 270
832 170
664 13
671 1014
828 112
76 366
207 800
409 917
586 1124
20 14
1477 31
1452 903
97 110
1658 287
844 70
84 1209
1227 49
306 1536
1065 1413
1067 225
66 231
321 1575
708 513
361 832
740 530
1196 618
642 879
1186 96
285 160
435 178
1411 49
6 1738
1121 615
432 1739
73 570
1713 586
257 6
902 615
1740 1226
227 1522
148 1068
1 947
1251 1741
369 416
111 562
534 722
1580 676
750 1150
1742 110
902 555
894 1558
258 736
516 1233
740 566
1179 783
66 697
1743 346
910 17
8 133
280 43
578 138
1744 6
964 146
1405 346
41 381
409 1745
1149 250
916 783
171 270
369 311
242 31
806 40
840 470
35 655
896 1746
1286 1747
885 80
22 43
900 1748
1186 6
778 1174
416 567
978 142
701 200
1451 24
1545 1342
740 92
1749 1319
286 1750
405 546
1260 120
181 1751
121 1752
216 718
1753 1754
4 77
221 1755
254 413
960 421
1756 160
397 260
907 806
306 288
322 600
940 92
897 594
413 1213
1757 555
528 1758
40 1040
125 701
27 138
0 386
832 1430
435 330
91 353
6 1475
1437 138
551 9
476 425
93 252
3 250
6 842
132 874
192 1536
4 342
346 1759
714 1760
238 33
267 1627
202 1761
237 310
691 1762
1206 1763
1764 1334
1650 148
6 1765
33 398
25 621
40 1746
58 1547
125 210
636 136
423 504
73 907
1766 338
399 96
1328 1767
220 1156
842 31
6 1056
163 92
207 202
165 537
446 1768
77 92
1292 1615
1031 227
110 600
308 864
680 535
1769 346
60 329
266 847
244 1512
840 97
1770 578
1771 346
227 21
73 338
1260 99
191 52
14 231
678 954
41 1772
25 1773
40 1295
187 6
1186 202
96 398
252 1018
1575 199
519 270
484 202
1042 196
624 227
163 1383
1774 207
624 197
1196 270
405 1775
49 1506
1690 848
1776 906
1665 859
165 263
41 1777
736 504
427 1141
1219 21
60 643
6 1778
271 1779
397 616
566 927
901 230
1780 395
22 1781
1591 571
417 1015
41 1625
1541 242
201 655
1782 162
1684 1672
1000 110
67 488
1503 116
1088 400
534 1783
286 591
799 1784
214 227
535 741
258 1349
1666 31
6 338
1785 578
106 1150
342 260
402 94
1040 1786
1705 172
740 971
733 90
1787 83
1255 280
863 107
366 1788
125 1237
467 594
636 1539
1398 1789
128 909
1053 106
1255 607
759 549
31 1790
118 175
762 1573
362 80
741 312
867 765
9 1285
148 1646
652 1490
489 786
1574 916
1071 1791
110 1208
242 330
40 1032
1792 1011
1200 578
96 1793
535 954
905 971
1224 144
1060 148
973 504
664 133
456 413
6 1754
1256 128
386 163
1742 322
180 351
855 1794
923 62
260 1795
1446 597
422 1522
148 1796
397 1
701 602
80 562
1797 578
1798 1799
142 1800
934 1778
1177 157
58 1649
1015 291
876 1801
949 1708
6 1802
40 938
227 1032
516 107
14 1787
1803 1596
100 49
116 1804
916 133
67 74
737 790
1234 947
70 1536
110 54
636 1167
1181 1805
40 1311
1806 607
663 70
28 110
227 1807
294 461
1808 1184
984 1747
125 822
537 99
494 150
1022 146
1809 21
907 877
99 927
693 221
516 1210
1810 938
0 366
1121 312
1811 87
1812 172
548 702
611 145
267 55
180 514
1680 1275
1058 230
216 775
369 1384
910 1179
349 1813
220 310
651 691
317 343
1814 151
956 116
6 1815
1816 1573
1427 70
1817 504
6 1322
240 1344
132 246
5 746
3 1412
524 1236
118 123
87 1818
362 175
1043 675
1255 672
14 1819
56 1413
1295 889
835 96
139 63
1086 148
361 1820
598 930
1821 96
637 794
338 1822
470 280
626 21
132 1823
142 11
856 202
1152 160
1824 578
855 1277
110 1825
271 926
296 56
422 364
210 522
313 80
1161 132
1411 426
150 63
1826 11
1378 1522
386 1434
636 1827
1439 138
484 1828
867 1503
683 1829
440 788
516 1509
1218 116
769 932
516 9
306 78
1830 595
241 78
806 43
1831 151
1518 328
1832 49
1280 148
1833 783
6 1834
662 1650
144 116
1835 230
202 932
1836 106
1398 607
301 1190
135 958
1227 531
148 1837
405 150
338 13
377 376
181 1838
157 151
254 1161
894 70
318 555
621 252
432 1337
1839 263
916 21
1840 6
1841 330
667 835
1070 562
0 242
165 299
6 1842
138 672
73 626
144 481
285 33
1300 242
56 142
728 263
1300 494
1843 578
1295 155
185 669
683 1844
171 421
41 386
608 133
150 158
1845 133
1846 1847
181 926
1289 746
1848 768
642 204
432 1849
386 624
1314 1850
100 1412
435 801
267 101
148 654
111 5
806 110
1753 1851
1852 56
1328 413
27 1267
476 197
107 1214
671 312
680 746
1398 499
662 80
634 138
1310 146
181 722
1853 347
1047 476
1000 600
1034 1682
907 1854
58 890
73 883
110 1855
57 363
544 1283
1048 270
1449 33
254 594
867 17
598 643
1071 1856
290 142
97 1178
1661 200
1857 1820
1858 200
466 644
299 197
881 110
675 263
225 441
210 101
654 83
752 7
1071 280
321 205
4 43
1230 1429
1859 761
133 1860
16 487
66 278
599 116
1861 62
1446 1862
1863 1864
107 930
1865 116
405 1533
1723 107
66 885
1572 1866
39 35
1867 236
377 358
982 288
516 1133
1413 846
405 1868
89 1065
853 399
751 848
515 107
534 1450
181 1869
518 128
838 573
6 1870
62 242
1871 271
984 769
1872 11
838 1174
1866 790
558 1185
227 437
718 859
1713 1211
14 1089
1873 148
1280 822
943 435
439 119
662 270
148 525
204 1706
1580 200
675 312
608 590
1874 1255
405 1875
1381 1251
1876 96
1877 585
313 1161
409 1878
1011 151
1879 110
1083 1880
146 655
28 859
1881 694
435 675
1882 116
1883 1174
121 1884
668 80
14 996
1885 659
652 600
106 1392
181 1886
97 720
578 383
1 46
548 721
916 80
214 422
148 1522
1628 50
687 101
1434 146
62 567
1503 563
190 49
632 405
639 426
958 287
1887 294
58 664
58 1888
920 395
181 669
983 556
1889 1133
610 145
522 308
1070 43
1449 105
1890 338
134 200
795 128
280 1108
170 480
739 618
940 655
1261 83
1010 413
703 155
1342 1045
844 618
1486 1891
620 1178
966 1226
148 1892
1179 279
1893 741
1873 227
651 148
0 330
40 1894
148 1706
708 1133
40 1251
1487 835
1816 1895
513 1536
1896 916
227 1897
1898 392
79 1888
1899 31
0 1628
353 1342
214 514
222 1548
1658 1793
1900 107
484 254
40 1192
181 1312
624 722
324 1901
828 1319
106 930
165 1902
58 1541
307 249
73 47
466 664
98 618
1866 1204
949 1762
230 639
1903 260
758 413
1265 1811
548 83
181 498
14 227
828 68
727 314
672 426
97 1904
301 1345
218 139
586 61
148 133
107 789
1580 792
377 38
58 147
266 1416
1373 395
524 34
1049 107
664 599
613 790
1381 200
580 133
1229 79
344 225
1747 395
586 119
266 1772
181 1414
165 204
608 555
248 46
1905 98
58 263
862 1794
6 1145
1312 106
128 262
422 133
1593 136
338 567
378 162
218 116
1426 655
144 566
1906 789
548 422
709 346
943 151
62 691
342 288
649 1907
0 1144
127 1541
1293 721
402 1541
285 971
1149 96
1908 600
1830 148
1909 83
916 92
165 1910
1128 358
6 1911
384 593
1912 615
1200 160
427 746
559 288
221 1913
1304 504
397 1876
1914 1273
484 148
1915 958
971 50
1000 178
1329 789
1618 83
498 645
134 426
271 1916
56 1471
138 1182
286 24
1917 40
40 1
680 1178
99 92
719 13
6 126
1059 96
598 49
96 1557
1918 583
652 1555
1919 271
677 133
806 280
66 1267
1716 6
401 116
17 80
1612 250
140 1213
774 593
106 50
1046 876
55 1123
110 814
1312 107
121 1852
1037 775
660 132
18 110
176 950
134 1920
1921 66
111 790
1922 346
1121 1316
799 1332
185 479
797 1854
804 211
1923 746
649 1924
902 1144
207 1325
1925 1140
387 77
474 1011
257 1926
58 1032
1927 6
1893 1512
1928 197
47 1152
595 940
1615 1035
180 235
6 1929
828 1450
355 46
394 197
25 615
644 1525
369 1129
539 338
1930 938
1150 145
58 889
181 1931
1135 633
392 1213
96 1932
91 1933
632 204
791 94
286 536
1573 178
286 1395
650 96
41 1934
461 139
1280 75
56 1935
1936 87
363 511
621 1937
707 1008
1538 96
271 1050
6 1938
426 927
1177 40
181 303
570 288
1020 58
896 243
96 1939
266 322
1865 1369
1940 204
1439 1941
1705 6
299 1096
1942 6
13 204
1582 49
31 1528
1449 66
0 40
59 185
21 1241
637 626
1776 107
296 10
0 151
1041 133
1943 473
181 1944
73 1126
1520 49
22 849
1070 211
765 338
142 389
14 1945
58 1395
181 1946
41 1947
1948 96
240 1949
225 498
796 843
564 389
232 138
762 1950
128 479
3 49
78 940
58 1951
907 637
1038 96
6 1952
937 736
132 1146
317 1486
180 769
1591 879
894 460
20 426
139 898
764 80
107 1953
152 1954
76 1284
1863 110
758 519
1955 615
18 1
476 107
1065 1345
571 1956
0 1227
0 376
180 231
338 1008
181 1957
6 916
1263 866
271 85
1958 31
311 672
41 278
470 799
487 100
889 291
57 761
532 1959
1344 1384
784 70
535 672
204 460
466 204
82 1487
27 1960
16 526
33 208
720 346
106 1444
921 148
526 480
73 687
860 92
1961 596
285 329
866 211
374 1962
522 1245
1140 1963
41 1518
516 1088
405 1964
1123 142
1202 280
91 482
78 633
147 227
128 999
703 58
1070 1174
402 389
1583 270
1965 1275
40 1021
413 999
1395 746
815 800
535 330
649 1251
271 1663
138 1966
1967 80
1188 1582
139 1187
6 1563
1968 204
1969 1226
1277 786
1970 107
49 538
387 106
6 1971
826 106
73 1418
1593 347
427 1342
1002 11
198 250
1518 898
977 1972
160 1973
40 1974
675 1034
257 160
306 1018
9 11
544 36
889 144
946 971
0 146
897 1259
25 554
1666 346
815 351
118 1518
217 526
235 148
1633 83
1354 1975
244 62
651 664
98 31
148 531
920 107
1224 74
532 1332
637 354
132 1522
534 1976
1116 128
857 1145
1977 1692
174 263
392 555
815 721
1347 133
286 634
40 1978
41 308
1283 1518
128 669
631 217
314 31
456 358
215 46
367 99
95 31
121 1474
235 413
1067 1979
960 155
55 246
7 116
857 148
1505 101
670 655
346 1674
285 675
852 1514
867 1519
696 398
1265 1980
271 1934
0 1067
1981 287
534 694
271 1982
210 866
148 1983
252 202
98 655
3 35
1430 175
1984 11
815 1616
1985 563
1018 270
298 70
128 223
1434 291
765 100
138 506
73 765
1537 1986
6 265
1719 31
897 859
578 1987
160 1988
1989 71
60 146
687 898
1202 1100
112 330
1040 1990
1991 478
1992 122
632 103
144 204
39 227
138 1204
1993 618
1541 148
667 43
1650 83
639 155
1994 270
707 28
428 1995
828 1112
1070 107
214 1196
984 746
1023 204
642 480
409 1996
397 50
357 997
1048 470
6 1179
1997 1998
78 1999
881 204
762 768
546 107
1256 96
128 2000
815 2001
2002 148
548 227
117 398
1028 737
132 305
267 684
40 1475
121 765
325 480
680 2003
2004 866
827 1153
60 1133
534 2005
586 1192
340 3
1427 160
138 425
180 1591
971 398
40 383
148 2006
526 346
262 31
41 485
180 780
26 2007
535 889
160 204
2008 11
1239 918
311 133
73 67
1346 1591
1666 644
314 2009
148 1749
733 426
1140 2010
26 87
677 600
518 358
133 1271
2011 116
651 209
1153 83
192 210
869 388
1194 21
148 530
1487 770
719 1
197 618
1169 617
78 2012
802 221
859 270
566 17
1000 618
338 2013
1048 797
524 198
148 2014
218 279
684 509
200 1741
55 46
1277 898
2015 31
111 2016
815 676
1566 96
2017 138
2018 110
881 1710
1186 325
1665 1161
1046 950
2019 96
571 2020
741 926
107 655
148 354
41 2021
1591 1045
687 110
1593 559
106 618
461 1335
378 422
2022 578
97 308
608 2023
73 527
454 1813
1234 1536
1707 116
58 856
47 1178
97 1740
148 2024
236 36
405 455
1225 83
1920 2025
427 1990
901 651
1186 1345
1755 106
1630 1552
2026 107
6 2027
435 874
1479 70
1275 950
916 354
525 322
384 626
516 1431
598 318
98 958
2028 204
1244 1838
260 90
6 392
56 204
361 377
718 403
25 322
2029 138
309 116
367 768
31 514
60 107
236 2030
110 92
1736 200
2031 740
267 102
202 607
2032 138
2033 24
16 851
2034 686
1047 891
110 1253
128 956
1109 312
1732 721
664 1168
741 1345
110 389
1958 346
165 564
377 56
148 1109
40 1108
1442 58
12 2035
2036 148
116 1937
2037 288
202 246
1835 28
40 253
636 1707
620 119
40 2038
73 1449
1070 106
274 192
2039 395
1018 160
1186 43
285 70
405 659
1268 2040
951 307
127 155
832 6
2041 107
2042 40
2043 1617
2044 151
183 1033
1617 602
171 2045
0 938
595 1014
711 667
737 950
308 672
49 661
1430 1150
2046 1040
62 2039
332 2047
181 1451
284 531
1497 6
171 250
478 106
91 106
301 849
1265 2048
346 2049
357 955
773 106
2050 204
71 817
444 227
578 2051
267 413
133 383
490 1367
1864 1184
165 2052
409 233
727 570
358 909
107 835
321 664
764 403
106 610
916 94
89 338
1578 80
80 1455
640 46
1487 600
77 1172
62 1200
111 1098
1149 958
284 595
190 741
1286 784
299 1977
1430 43
266 940
80 312
1631 138
1052 764
25 562
2053 1342
984 308
6 562
524 1541
227 890
1186 139
217 985
66 1852
25 101
1039 138
34 40
235 425
369 2054
112 11
6 1884
592 158
1593 825
1301 578
97 664
828 1197
691 1024
1474 207
1151 305
894 270
118 655
1443 398
1175 77
66 144
47 1124
641 158
196 1144
60 2055
2056 578
544 1229
708 225
1345 250
73 556
2057 900
118 1065
116 1793
586 2051
2058 2059
408 2060
1909 227
919 1388
1723 106
132 426
1314 2061
608 413
225 2062
6 935
1474 676
133 618
741 724
2063 138
128 2064
577 386
263 2055
877 725
209 230
484 218
2065 178
1140 930
2066 138
504 1987
651 208
2067 808
128 1870
1884 675
160 1996
398 2068
532 1474
1369 696
580 106
358 223
97 1112
741 1594
730 28
6 1108
708 133
93 578
611 1631
409 2069
266 2070
106 395
97 497
2071 1140
439 1475
1541 733
2072 110
590 615
1105 911
148 871
828 98
741 1548
708 2073
40 1198
1010 1541
73 368
1196 421
107 500
487 644
2074 107
571 79
2075 87
16 1221
0 35
719 227
1439 866
73 2076
2077 876
721 1150
1658 1275
41 914
2078 133
225 1263
530 314
708 1964
113 138
121 746
57 41
2011 31
446 43
1332 607
632 1364
236 1349
1043 376
902 686
181 1221
130 756
89 1372
263 1185
535 49
1843 1096
73 2051
492 2079
362 160
346 2080
89 1802
78 808
828 2081
110 116
932 63
736 80
58 531
3 722
947 932
1015 996
2082 280
1475 11
97 621
982 441
1048 6
227 133
280 1525
3 1278
1058 232
286 228
107 2083
2084 49
297 822
92 2085
1196 278
1003 211
916 1126
2086 106
19 87
1071 1980
993 123
210 1022
2087 116
93 1403
570 1040
566 1178
2088 116
916 155
757 578
586 1471
1301 96
107 663
2089 92
1006 2090
765 270
478 158
121 1902
242 308
47 538
1893 1037
73 107
1870 1008
181 1613
511 116
107 1959
858 467
686 555
392 1150
6 509
47 1800
698 98
1275 280
165 403
1070 1395
800 316
2091 200
1478 197
202 2092
31 1037
307 522
2093 47
487 1037
148 2094
2095 116
180 467
2096 950
126 338
725 2097
2098 1475
88 102
2099 280
1705 78
535 165
700 38
73 2100
342 1360
2101 849
60 160
1065 822
371 588
534 1037
511 270
894 655
2102 123
448 2103
58 927
701 123
2104 96
78 1560
217 1680
125 288
41 122
2105 270
806 1275
1296 1369
2071 330
858 77
2106 162
402 504
578 151
313 397
644 655
1265 17
169 324
257 28
65 270
516 196
532 2107
427 227
67 956
303 250
708 212
165 610
382 874
0 447
73 1477
435 242
375 148
2108 78
58 519
6 43
355 31
552 1814
1265 793
855 1190
160 2109
647 5
631 741
165 44
138 145
583 1794
181 1370
524 204
1487 33
58 928
1161 101
45 1105
6 1660
329 322
2110 683
1149 531
494 307
2111 80
1705 586
127 1552
901 204
192 122
2112 150
6 2113
881 2114
586 76
25 700
1540 138
119 43
40 1427
1899 160
432 911
55 235
169 6
1841 110
736 83
677 49
1770 504
343 1316
243 831
527 672
21 2115
240 1133
308 270
6 19
286 1486
1206 2116
660 227
548 270
1244 152
1222 49
631 1558
97 538
181 1375
1737 107
296 828
691 354
140 835
296 166
335 1145
49 2117
19 2118
347 80
570 964
1179 116
940 1502
686 615
2102 600
14 2115
73 498
1328 288
900 717
6 183
1286 1077
494 352
676 618
133 1762
235 138
1954 1032
38 567
681 107
154 49
680 1098
896 615
31 1888
498 1967
740 900
39 148
2007 151
271 597
66 303
530 288
516 562
586 2119
361 1070
2078 204
257 1011
2100 103
360 40
1043 346
210 607
6 302
1008 1253
427 897
815 311
392 656
473 110
484 132
687 644
402 56
494 522
96 2120
800 1273
1291 242
338 1772
263 932
1541 83
254 389
971 615
18 732
49 108
2121 204
41 619
242 2122
2123 2124
1554 1017
621 399
1785 94
1591 889
1152 288
1022 151
1185 1146
765 243
684 60
357 825
2125 204
1043 413
240 801
185 288
881 1070
1742 60
516 441
40 7
832 107
41 940
285 140
2126 58
528 110
148 637
1289 849
991 534
524 2079
708 227
348 732
1314 101
49 316
1665 1487
1808 1253
52 663
2002 270
984 107
2127 800
97 859
791 46
25 3
1866 389
227 1888
6 846
639 92
267 60
321 358
40 2128
354 768
31 1560
2129 116
2130 133
329 243
795 1065
343 242
524 1153
1496 476
97 2097
1314 210
1839 395
1210 1273
221 2131
58 1522
764 1808
425 322
1260 666
687 578
1165 96
345 49
232 227
2132 509
524 248
121 84
160 1773
19 160
40 681
148 594
452 857
2133 40
1049 1415
57 2134
22 660
660 349
1244 1167
644 312
185 101
3 590
220 178
197 939
440 2135
752 2136
586 68
332 1089
578 49
405 2137
127 21
266 1413
708 2124
1195 730
60 2138
152 332
1643 999
1119 150
49 204
47 1008
964 1452
107 733
698 1547
1086 184
1589 413
254 425
1177 1349
1643 151
706 2139
152 722
31 1243
243 837
2140 1226
2141 250
650 242
301 2142
105 132
751 962
2143 578
1226 2144
714 2145
733 204
1986 1310
755 581
1218 78
6 2146
62 600
1078 637
1140 2147
684 1395
1199 696
2148 1820
192 1582
462 138
20 133
286 1138
669 116
1288 1089
260 1
1139 185
667 992
1572 322
197 2149
769 686
498 1879
751 259
73 2079
1043 1338
310 311
8 447
1162 722
2059 175
918 655
2150 236
171 881
49 1205
1218 56
667 643
128 2070
1188 24
290 152
225 745
1243 808
218 481
192 1900
121 733
313 2151
285 100
1088 1342
469 1105
624 151
721 2152
632 192
1292 1267
1048 1311
377 1187
1866 835
2153 280
1311 420
439 592
329 314
1661 822
65 33
321 420
290 160
49 1760
608 898
321 722
242 329
595 311
1065 325
338 1392
1188 1204
165 91
700 1310
138 63
3 1037
267 328
1341 346
2154 600
57 227
524 358
49 996
2155 534
1206 949
28 2156
1177 828
1350 2157
776 56
440 2158
2159 741
1202 1018
656 116
456 1275
583 2160
335 1255
828 562
40 63
2102 617
881 619
484 58
6 2161
216 597
949 2162
2015 346
1042 190
835 250
231 927
1175 1593
752 116
1732 133
2163 227
1918 2164
570 469
534 33
22 863
2165 96
41 196
6 1893
286 1564
647 1856
349 772
2166 332
41 377
719 61
192 648
2167 2168
516 178
313 876
901 14
2169 70
55 1522
225 633
647 1519
78 1360
148 1126
227 878
608 686
18 664
815 198
286 740
73 1713
192 1263
275 738
4 1213
258 110
2170 1037
2171 106
27 768
896 182
1125 96
1986 96
1018 80
1140 657
2172 346
678 28
435 470
730 1439
6 2173
2174 1150
2175 346
2176 1802
204 46
422 2177
148 699
1954 1026
1810 2178
78 112
2179 110
900 2180
2181 508
57 132
280 555
27 1978
1887 128
765 116
631 96
58 305
133 1990
97 669
218 1014
516 484
1048 383
1579 200
49 616
1429 96
2182 346
1307 138
230 395
1753 1980
100 600
9 399
6 2183
58 354
534 1638
448 1254
106 947
100 83
6 2184
1275 864
641 106
741 835
242 562
2102 74
494 1151
66 1026
169 1452
1239 184
111 712
478 645
1309 138
121 905
121 1352
91 710
2185 138
2186 49
534 1713
209 46
949 1582
138 1617
631 972
6 735
214 2168
2187 1014
260 2188
73 678
417 1691
1540 1426
2189 148
828 1560
73 1586
41 87
632 1742
148 1999
755 250
2190 578
222 2191
41 667
1513 700
984 558
1332 1617
1954 2192
537 31
1813 31
2193 874
487 250
1547 227
171 2194
946 346
160 618
1617 204
73 2195
1175 422
297 1205
28 72
984 825
6 968
546 106
92 398
338 1566
271 295
955 859
1857 338
1140 2196
625 488
1705 181
687 100
832 839
110 1526
148 653
405 1515
2197 96
180 20
405 1103
39 618
751 288
338 2198
881 740
202 1094
1135 914
840 303
78 23
586 989
8 306
24 794
2199 106
894 2200
260 104
1848 138
631 1519
57 278
1593 460
624 101
1821 1135
371 794
1698 376
307 696
134 18
2201 83
1864 330
224 1096
240 406
2202 105
19 138
62 1080
515 808
1029 1000
2203 116
964 563
121 5
1647 106
2204 962
317 107
227 1098
732 106
516 2205
267 676
736 31
1970 413
1043 592
192 556
180 768
632 92
1186 399
139 160
163 46
80 843
171 1410
267 235
485 139
524 1873
22 60
2206 227
1020 83
166 96
764 2207
227 426
40 2208
369 895
687 70
539 104
524 684
748 270
405 2209
649 166
235 101
2210 2211
342 329
1018 932
898 615
2212 133
107 1710
564 329
1642 100
286 2213
956 341
1236 204
1574 2168
900 672
2214 1094
257 1574
41 1732
578 2215
684 838
300 456
57 1680
1338 31
2216 160
152 28
1046 859
1543 250
78 1179
1344 80
242 376
2022 96
41 1049
98 70
397 1317
60 49
751 160
556 229
636 2217
494 1307
1186 392
240 555
73 1188
1835 225
642 1888
894 1848
2218 66
148 2219
346 917
547 250
1175 312
2220 148
855 1609
53 269
2221 138
516 2209
165 68
271 418
100 312
204 426
225 110
718 1213
1899 1070
128 74
26 78
1018 1249
1665 2222
296 322
227 92
544 210
773 848
1441 119
1573 107
1364 996
686 426
1086 2084
1553 106
6 2223
474 337
138 1253
128 1072
170 653
828 2224
516 40
519 87
650 2225
1731 217
97 1866
680 849
6 877
1452 107
2226 2168
461 163
227 2119
532 2157
313 336
334 2227
118 70
1474 799
2168 1024
763 225
160 1147
1311 23
49 1148
346 479
2228 133
41 1292
696 280
225 859
38 337
1161 1089
184 122
296 6
307 365
608 622
181 956
649 17
190 1
1867 40
698 62
99 116
1986 66
14 243
405 724
456 145
58 31
52 672
40 1112
6 1616
1295 358
82 1255
286 595
2229 160
647 474
41 31
238 116
495 308
40 146
1328 1122
558 1724
962 866
320 60
425 1413
2230 11
2231 58
696 2168
1175 87
163 426
165 902
718 325
405 392
2232 227
2233 263
148 92
58 1057
767 178
427 916
1280 83
39 31
338 406
2234 204
703 492
58 246
1496 341
1360 160
73 100
432 2235
0 1286
2236 2237
160 2238
2033 554
369 2239
1340 80
2240 96
555 508
243 2241
70 175
2242 96
73 918
755 357
2243 40
1785 504
66 129
369 2244
180 162
79 46
0 110
993 84
157 236
1068 1429
271 2245
700 1144
1286 139
1352 607
1314 1860
192 114
718 865
1125 1429
338 702
450 724
146 618
75 311
183 92
55 1382
440 1051
2246 659
346 1355
524 461
1452 303
652 150
1481 714
266 610
231 879
2061 716
570 142
40 643
1350 1332
863 106
1766 138
461 1866
354 514
399 312
26 835
378 314
28 1866
2102 338
1146 36
797 948
1550 6
286 1490
1294 227
171 644
100 279
84 697
409 2247
2034 700
377 1204
242 291
579 509
181 920
35 567
1540 511
1642 801
727 165
1732 35
570 250
78 146
649 784
1553 107
298 389
1328 305
516 2248
235 701
0 1072
2249 395
202 2250
561 138
3 519
570 948
6 1907
240 511
867 5
516 216
126 1065
157 1210
73 2251
1475 312
128 2252
2253 56
490 876
40 702
2254 96
2255 659
649 1862
681 227
389 999
1680 139
221 1146
207 146
40 2256
1881 672
768 1802
1049 354
1572 139
530 413
1395 2257
2258 642
286 2259
66 45
1286 138
1448 128
1280 91
2260 160
1378 21
40 2261
321 242
178 1109
478 766
1398 858
40 1828
335 200
828 2262
691 49
1537 1877
225 347
84 399
338 655
897 519
49 733
301 686
595 110
1356 2055
758 1395
2263 1178
71 794
485 733
667 318
338 1828
1457 761
2264 531
338 227
66 74
184 358
1260 362
40 656
516 326
945 509
1244 288
1135 1070
826 288
107 99
286 686
608 2191
133 2265
2266 6
144 279
296 196
660 2267
1986 128
2268 575
519 672
551 1192
242 403
876 146
765 242
863 31
718 1323
1086 361
22 1967
6 2269
392 325
1323 270
180 398
511 1223
74 13
556 879
6 403
504 426
708 600
31 1891
1140 1792
763 2270
221 280
468 196
806 511
1185 1252
1862 1182
201 2271
1537 66
1432 70
1430 526
2272 1006
891 35
1067 881
92 1032
100 99
314 70
148 61
409 2273
41 656
111 1519
1244 730
128 1128
2274 96
636 2275
144 94
484 1852
729 498
1028 310
133 291
608 902
1475 116
828 2149
157 641
832 1512
2276 78
340 1105
984 118
25 1211
624 1902
687 1022
58 738
1344 619
84 578
25 142
1085 128
534 701
1163 204
1336 96
18 2277
116 2278
0 481
2015 96
6 1126
38 615
667 395
286 411
97 1413
417 338
105 107
55 92
898 1205
509 1689
781 583
377 1070
877 146
83 1706
210 425
132 92
0 466
133 1133
26 947
2279 559
309 1014
1042 377
235 1541
644 1213
773 955
621 133
1912 305
2280 1789
727 49
524 20
1181 178
484 138
269 1245
2281 138
1260 832
1112 31
1985 6
498 722
539 701
148 2282
684 877
49 1444
2283 150
392 488
1049 33
2249 160
297 250
1265 151
84 311
21 1746
946 80
148 2284
619 250
50 1412
67 184
1275 1741
59 87
1880 672
110 1897
417 354
77 87
111 904
1070 99
524 996
70 288
283 2285
254 6
2286 1786
2287 761
2288 1596
93 485
181 1321
2289 618
828 2290
466 100
2291 31
2292 298
769 555
94 227
898 1536
2243 280
852 1360
405 1622
177 618
1889 106
55 14
524 92
1626 280
631 526
1126 633
191 2293
217 1185
99 426
171 74
3 2023
1295 1181
2294 204
232 106
18 863
6 1804
369 2295
832 1070
1628 733
520 204
799 2157
741 1335
354 208
1338 563
632 1522
860 133
194 200
148 2257
225 1508
40 2296
943 78
1226 2297
1227 107
138 178
180 1236
41 6
1166 96
338 270
1454 2298
1336 25
907 6
240 1593
1985 586
535 107
402 600
874 1444
41 2299
128 322
1046 741
2 242
1413 1226
631 17
680 383
392 403
691 227
271 498
1834 160
111 1793
574 1040
832 106
469 346
86 346
1591 248
362 1528
1261 721
1210 441
644 63
1013 395
828 1862
1553 536
698 1011
1140 2058
70 1211
236 441
56 2158
197 2300
222 338
1611 504
68 116
90 1259
110 1148
1256 58
733 1522
425 610
140 575
577 110
1030 6
1281 116
100 298
768 426
2301 2085
313 225
73 1800
2044 227
564 56
405 1210
993 243
202 2209
405 1428
183 1964
901 473
1994 24
257 718
1575 863
96 593
1067 397
53 479
877 1432
718 392
1140 1178
148 1507
165 262
740 338
165 303
31 2302
18 537
427 735
100 1211
1082 1511
2303 116
806 1108
2304 49
435 1022
1513 615
662 2305
392 836
851 31
133 1382
1295 664
881 2306
547 270
14 1775
649 708
2307 133
1186 2308
190 204
377 31
703 1541
163 1706
891 413
1265 150
296 1413
1216 873
303 87
634 1178
157 441
242 70
52 160
718 393
313 1133
2309 578
851 160
637 1147
498 106
132 1033
714 199
6 1604
103 2168
1140 1750
73 313
978 1185
405 298
101 389
384 268
0 1666
58 1847
126 297
121 242
2310 1652
405 736
244 288
100 376
185 537
296 1065
1048 681
1202 1574
703 227
301 2311
916 246
844 420
2312 346
2313 388
62 138
66 136
866 160
280 168
93 504
2314 83
313 460
1442 227
2315 139
55 101
1615 250
949 696
33 2316
1876 106
62 481
544 278
68 33
192 498
190 329
1006 1653
1233 160
2317 741
1899 66
524 670
2318 96
524 2078
14 768
6 1557
49 1802
2319 106
2320 346
476 116
637 101
207 2321
77 2322
121 2323
56 1902
586 940
469 308
306 1235
1195 151
727 107
94 1342
73 1533
357 1022
227 1252
40 2324
73 1967
2325 1142
358 231
346 2326
595 1229
1195 1391
16 224
1899 25
184 21
338 1564
2327 1132
586 312
144 155
564 600
959 250
22 795
271 1221
153 2328
2329 204
977 723
728 1617
1172 87
2330 265
334 179
466 1089
16 376
34 84
2331 1958
242 655
586 507
854 395
606 1145
2291 107
1866 721
2332 1761
893 1372
311 70
984 1013
1830 107
452 618
392 116
2333 1475
605 250
2334 995
2335 398
539 617
1540 96
377 128
97 1351
446 556
719 1482
1181 549
1415 801
235 18
305 1213
36 172
132 594
79 1024
6 2336
556 1063
484 999
0 2313
66 1178
680 144
2022 504
385 1937
1615 1045
2337 2024
192 298
246 1319
1239 268
2338 1525
2339 600
14 184
192 1615
625 930
1006 79
719 1413
73 49
558 1747
1088 2340
1224 218
84 2259
1041 426
1152 116
556 529
9 106
1221 643
413 1706
2341 1823
306 447
58 879
236 104
490 47
1163 58
614 297
495 46
468 626
111 61
180 1746
1395 2144
2342 80
97 288
1977 2343
511 70
181 2344
432 1509
680 862
286 31
41 242
2345 975
443 83
614 358
678 291
207 138
1008 33
566 7
255 217
89 1512
1086 2346
17 116
105 288
1283 488
235 878
1008 537
221 49
73 98
374 1229
409 107
628 80
14 204
57 709
118 50
994 563
218 150
1260 107
49 1111
1156 110
2111 606
1899 225
57 385
2347 557
1582 2348
1283 31
1149 759
205 817
278 488
1907 87
2349 525
1350 2048
89 1189
405 1544
1140 975
2350 96
1265 938
1267 160
405 1891
427 383
170 722
755 897
4 110
637 110
1260 940
494 525
18 1566
67 250
402 578
394 243
354 142
964 151
142 594
435 229
227 46
571 666
804 160
118 44
37 606
41 2351
358 83
135 23
1822 80
58 1434
687 288
354 99
159 87
40 108
518 90
397 119
427 691
105 1723
8 392
664 140
49 1392
620 1968
