112 168
0 1
0 2
0 3
4 5
4 6
4 7
8 9
8 10
8 11
12 13
12 14
12 15
16 5
16 17
16 18
19 20
19 21
19 22
23 24
23 25
23 26
27 28
27 29
27 30
31 32
31 33
31 34
35 14
35 36
35 37
38 39
38 40
38 41
42 43
42 44
42 45
46 47
46 39
46 18
48 49
48 50
48 30
51 52
51 44
51 53
54 20
54 55
54 56
57 58
57 43
57 59
60 58
60 5
60 61
58 62
47 45
47 63
64 65
64 50
64 66
49 67
49 63
68 65
68 44
68 69
70 71
70 65
70 6
52 72
52 22
73 24
73 74
73 75
76 77
76 78
76 79
67 80
67 20
81 82
81 83
81 25
71 84
71 56
85 86
85 21
85 87
1 72
1 82
84 88
84 3
89 90
89 91
89 53
92 77
92 93
92 75
94 88
94 95
94 96
97 80
97 91
97 7
28 98
28 53
43 96
24 95
59 99
59 55
13 66
13 100
80 101
77 6
102 29
102 11
102 87
72 93
2 62
2 103
9 18
9 33
82 32
93 104
50 32
83 105
83 7
106 99
106 66
106 40
107 78
107 21
107 41
14 108
101 10
101 103
39 3
109 90
109 36
109 33
88 29
110 26
110 37
110 41
90 74
17 22
17 100
98 79
98 111
36 56
25 111
61 37
61 30
108 45
108 105
99 104
26 69
78 34
86 62
86 74
10 69
55 111
79 15
95 100
40 91
11 104
105 87
15 103
96 34
63 75
