5420 10445
0 1
2 3
4 5
6 7
8 9
10 11
12 13
14 15
16 17
18 19
8 20
21 22
23 24
18 25
26 27
28 29
30 31
32 33
34 35
14 36
37 38
18 39
26 40
41 42
43 44
45 46
47 48
49 50
51 52
53 8
54 29
55 56
30 57
58 59
60 61
14 62
63 35
64 65
66 8
10 67
68 69
10 70
71 72
73 74
75 76
77 78
79 80
21 81
82 83
8 84
8 85
18 86
79 87
88 89
90 91
18 92
14 93
94 76
47 95
10 96
97 12
98 99
100 101
102 103
104 105
106 107
108 109
98 110
111 112
18 113
8 114
115 29
116 117
118 119
8 120
6 8
121 122
123 124
125 109
43 126
127 43
18 128
129 130
131 132
18 133
8 134
111 135
136 137
10 138
139 140
141 142
8 143
144 145
146 147
148 149
8 150
8 151
152 153
154 155
51 156
106 157
158 33
159 160
8 161
162 163
18 164
165 166
167 168
169 10
170 171
172 173
174 175
10 176
177 178
179 180
129 181
29 33
51 182
183 29
184 185
186 187
188 109
13 189
190 191
8 192
193 194
195 196
197 198
14 199
200 201
202 203
2 204
106 205
150 29
206 10
8 207
208 112
209 210
211 29
14 212
213 12
214 215
216 217
98 218
8 219
220 221
18 222
127 8
2 223
224 148
29 225
226 227
228 217
229 230
8 231
98 18
2 51
232 233
234 235
236 237
154 238
239 8
240 241
242 243
244 245
246 8
247 8
248 249
18 250
8 251
252 253
226 254
121 255
2 256
257 29
258 194
18 259
260 261
8 262
263 264
265 266
267 268
269 10
270 271
272 273
64 274
18 275
276 8
18 277
278 279
8 280
281 282
283 284
285 8
8 286
287 109
288 173
289 290
291 76
18 292
14 6
88 293
168 294
35 295
296 8
297 298
299 300
152 301
302 116
303 304
305 136
129 33
306 8
307 308
309 310
309 311
10 312
165 313
314 315
316 317
318 319
320 321
322 323
188 324
325 326
327 328
51 329
330 331
18 332
333 10
14 334
335 336
8 337
10 338
339 203
340 109
341 298
158 10
342 82
18 343
344 345
233 346
8 347
348 349
18 74
164 109
350 351
352 29
353 148
199 354
7 355
8 356
357 8
98 358
302 91
359 360
361 10
12 148
362 363
364 233
10 365
366 29
98 367
368 369
370 371
372 217
373 10
374 33
375 217
8 376
377 378
252 379
380 381
35 382
152 383
384 385
386 387
8 388
18 389
10 390
391 392
393 394
395 396
397 10
14 398
179 399
400 8
401 402
403 404
248 405
406 407
408 409
14 410
411 412
413 414
415 416
417 418
419 163
420 421
10 422
10 423
401 424
18 425
237 426
427 29
428 349
18 429
430 431
18 432
309 433
179 434
8 435
436 163
51 437
417 438
8 345
398 148
18 439
18 440
8 441
154 442
443 444
252 445
74 446
145 447
448 449
450 451
452 351
71 12
98 109
453 454
106 455
456 8
457 458
459 165
14 460
14 461
462 463
464 465
252 466
179 467
111 51
468 76
43 252
2 469
470 471
472 173
473 474
309 475
10 476
477 478
18 479
480 10
18 481
362 147
482 51
18 483
484 485
486 487
199 488
40 489
74 490
18 226
8 491
492 76
493 121
128 417
494 495
496 497
18 498
499 500
461 163
8 501
502 33
503 504
505 29
179 506
125 507
508 8
13 509
470 510
51 168
511 512
252 513
514 8
10 515
109 363
516 517
260 518
519 520
521 29
127 522
303 523
524 525
188 51
1 526
35 527
528 529
69 530
10 531
528 532
533 8
534 535
536 8
226 537
18 538
18 156
14 539
34 540
21 541
154 542
45 543
335 544
545 546
547 548
18 549
550 225
18 551
552 553
554 29
18 555
393 556
327 557
558 10
559 560
561 458
562 8
417 563
174 327
564 33
565 109
10 566
567 10
568 132
569 403
570 571
8 572
573 76
2 574
575 576
577 578
579 217
214 580
581 582
583 109
10 584
585 10
586 587
588 589
35 590
591 592
593 109
594 42
18 595
596 29
88 597
598 599
600 601
18 602
603 8
55 604
139 605
217 606
607 608
18 382
609 109
18 610
611 29
612 613
614 615
616 617
618 349
619 620
621 622
98 163
623 624
417 625
163 626
8 627
628 629
179 630
631 109
632 33
309 633
634 163
411 635
636 451
2 637
165 638
417 639
76 640
63 641
165 642
10 643
368 616
644 1
645 646
647 29
309 648
10 649
398 650
651 51
652 29
653 33
170 654
655 656
657 252
125 658
659 10
10 479
660 661
193 1
662 663
664 665
516 666
18 667
43 512
14 668
18 48
655 669
670 286
671 10
18 109
482 33
672 8
71 673
8 674
675 8
165 676
14 502
8 677
678 10
679 10
35 680
116 681
34 7
252 682
165 683
55 684
685 10
686 687
688 173
98 689
8 690
691 692
693 694
695 696
697 166
698 699
700 10
701 10
702 29
703 8
8 704
18 93
705 217
417 10
706 707
708 12
709 369
8 710
711 458
14 712
206 226
8 713
10 714
715 327
190 716
717 718
8 719
8 720
721 10
722 12
723 724
51 725
726 727
728 8
18 729
451 730
298 731
51 732
357 109
733 734
226 735
14 736
7 737
125 738
739 217
121 740
8 741
179 742
743 10
233 744
233 745
717 417
746 401
42 747
1 748
398 749
750 751
752 10
18 753
754 8
8 755
756 598
430 757
758 195
759 109
18 111
10 760
18 761
762 739
650 763
418 109
764 765
18 238
766 767
214 768
252 97
769 770
771 772
773 774
14 188
775 776
51 777
71 778
8 779
79 42
35 564
165 780
226 781
8 782
226 783
8 784
309 177
785 109
786 10
8 787
35 788
165 430
789 790
791 148
792 86
793 794
795 796
8 543
486 797
18 798
799 800
801 29
18 423
76 802
10 803
804 8
105 193
564 805
671 29
18 806
807 29
139 808
809 225
810 811
812 813
10 814
815 10
816 817
29 818
121 819
226 820
2 821
822 794
823 396
824 458
51 825
14 826
827 828
829 109
830 10
831 832
771 833
815 309
667 225
35 349
51 761
112 834
835 8
836 837
838 839
840 841
14 842
771 170
179 843
844 845
846 76
847 848
849 166
18 850
18 199
851 852
853 487
854 102
226 855
31 856
127 827
724 857
858 165
726 859
165 860
357 76
691 861
862 503
863 33
8 864
865 866
867 868
691 869
368 2
870 797
871 872
873 874
165 875
188 876
18 877
18 878
879 880
881 8
8 882
43 883
884 123
55 885
886 887
695 13
177 888
14 889
734 890
891 147
892 893
299 503
894 29
170 895
896 51
190 897
30 767
898 109
8 899
193 900
71 901
8 902
903 173
904 905
906 907
908 909
910 911
912 667
913 165
8 914
915 55
916 917
918 919
592 8
233 920
921 10
177 327
8 922
18 923
726 924
226 925
106 926
927 1
835 928
691 929
930 931
623 932
671 933
106 51
179 29
18 934
14 935
179 936
937 699
938 76
939 940
447 109
941 290
881 942
18 400
154 943
8 467
944 10
945 193
10 946
170 947
815 948
949 218
950 118
8 951
76 952
953 193
623 51
374 10
179 954
179 955
956 148
957 166
8 958
79 32
623 959
960 961
18 962
35 166
10 963
322 964
82 965
966 967
14 968
969 458
970 8
10 971
148 972
973 974
8 975
214 496
272 976
417 977
978 74
979 980
981 982
18 983
18 984
985 433
986 8
327 987
18 988
98 989
168 990
121 991
111 992
993 33
8 186
994 458
995 996
25 33
165 51
10 997
237 665
10 998
8 574
278 999
112 992
18 1000
598 1001
12 1002
1003 1004
18 1005
1006 1007
478 1008
1009 349
98 1010
18 1011
76 1012
35 29
129 695
8 1013
1014 1015
473 1016
10 376
1017 298
1018 717
1019 228
98 1020
778 195
835 920
1021 1022
265 626
18 1023
76 1024
18 623
1025 1026
430 1027
1028 1029
1030 76
498 1031
14 944
450 1032
8 1033
8 1034
0 641
503 1035
1036 1037
1038 10
1039 1040
1041 165
1042 1043
528 1044
368 210
374 1045
309 149
41 74
8 1046
1047 1048
577 1049
903 42
1050 401
1051 1052
1053 1054
252 166
18 1055
58 1056
129 165
8 148
1057 1058
1047 195
1059 8
179 1060
572 29
1061 226
35 453
98 1062
111 8
10 1063
1064 1065
1066 193
1067 76
1068 1069
1070 10
18 1071
1072 1073
1074 1075
1076 33
1077 1078
1079 1080
1081 1082
21 845
528 718
726 1083
325 1084
127 387
1085 55
8 1086
950 368
1064 1087
18 1088
516 1089
8 1090
1076 163
1091 8
2 1092
14 1093
248 417
1094 1095
1096 1097
1098 401
1099 132
1100 940
8 1101
1102 1103
623 112
55 1104
121 1105
35 109
98 1106
1107 268
1108 1109
14 1110
1111 29
1112 417
10 1113
8 1114
1115 147
1013 10
1116 208
179 1117
106 1118
8 1119
226 1120
8 1121
398 1122
8 702
1123 8
98 1124
168 1125
1126 331
1127 1128
18 1129
1042 163
18 1130
213 1131
129 109
129 51
667 1132
8 1133
30 309
18 1134
43 1135
629 1136
170 290
14 1137
430 1138
686 148
1139 1
82 1140
139 1141
413 170
1142 8
729 51
1143 148
873 12
1144 1145
226 1146
524 1147
835 10
109 268
503 1148
14 1149
252 1150
1151 10
1152 487
18 1153
18 1154
51 1155
74 1156
8 1157
1158 8
8 1159
35 258
1160 170
914 1161
1162 594
1163 1164
1165 1166
1167 203
91 1168
8 1169
18 1170
51 1171
2 992
1172 1173
1174 1175
1176 1177
79 1178
403 990
98 1179
1180 1181
318 1182
8 1183
1037 349
12 327
18 123
10 1184
873 1185
45 1186
1187 1188
18 106
401 1189
1190 217
1191 76
21 1051
1077 1192
163 1193
21 1194
14 1195
628 1196
516 1197
1198 1199
14 689
1200 29
1201 8
1202 8
1203 1204
359 1205
12 1206
8 1207
552 1208
484 1209
1210 249
1211 1212
655 1213
252 1214
1215 1
129 1071
252 1085
214 1216
18 1217
950 35
1108 1218
1219 109
1220 1221
174 1222
335 1223
129 1224
1225 10
815 1037
609 193
401 1226
1227 33
179 103
791 1228
252 1229
1230 1231
8 102
18 1232
1233 953
1234 29
1235 1236
33 166
1237 190
970 1238
127 311
10 1239
1240 109
278 1241
1242 29
564 1243
1244 1245
14 671
429 1246
995 375
8 327
1211 817
1247 217
1248 1249
10 1250
1251 8
121 673
8 1252
163 606
921 368
1253 10
1254 76
212 840
165 1255
737 311
8 1256
706 1257
1258 1235
623 1259
417 112
1260 226
165 1261
1262 516
8 1263
1264 313
309 1265
504 1266
723 1267
411 1268
13 1269
10 407
1270 164
14 164
1271 1272
47 1273
8 331
10 166
18 1252
296 1274
1275 29
1276 76
8 458
444 1277
1278 742
233 17
737 1279
693 1280
444 1281
8 554
322 1282
1283 1284
1017 1125
14 728
14 1285
861 8
8 1286
1287 112
14 1288
1289 626
51 1290
1291 10
941 1292
233 1
1293 1294
417 1295
569 163
1296 1297
1298 1299
8 1300
1301 8
1302 12
8 1303
1304 1305
417 1306
944 51
720 109
43 149
8 1307
443 261
1308 1309
1310 1297
263 1311
1312 1313
2 1314
577 1315
252 1316
860 1317
184 1318
1319 233
655 1320
51 1321
8 1322
51 1323
1324 76
8 1325
1326 1327
417 1328
322 1329
1330 1331
1332 33
1333 1334
8 1335
1128 1113
1336 1337
14 1338
1339 132
379 1150
855 1340
98 1341
51 1342
8 1343
563 33
226 1124
8 1344
1345 263
655 1346
1347 1176
226 1348
1349 8
1350 1
127 1351
1352 10
1353 1354
51 1355
18 112
18 1356
8 1357
1358 1359
1360 195
8 1361
51 1362
8 1363
1364 8
35 706
1128 1365
815 1366
1367 226
170 1368
595 10
74 1369
8 1370
1371 1372
1373 1374
112 1375
18 35
51 1376
1377 8
1378 10
1379 930
1380 1381
226 1382
1128 1383
14 1384
589 1385
1386 1387
775 1388
791 1389
1390 29
165 1264
214 10
1391 8
1392 109
49 10
98 8
1393 1
71 1394
43 1395
1396 1278
43 12
8 1397
327 1398
594 15
544 1399
589 1400
10 1401
8 32
688 42
248 1402
1403 917
1179 29
559 1404
18 354
8 968
368 917
1405 1406
153 1407
154 1408
12 1409
34 109
303 1410
461 35
30 1150
729 1411
320 1412
1413 1414
127 1415
1416 1417
18 784
2 1418
179 1419
1420 875
1414 1421
309 634
1422 109
1230 1423
12 1004
252 1424
1425 195
63 1426
1427 1128
808 8
21 1428
203 1429
1430 1297
1431 1432
14 327
1094 1433
1434 512
13 1435
723 1410
844 1436
1437 8
18 585
8 1438
1439 1058
1440 1441
1442 148
8 1443
317 1444
8 1445
1446 249
45 1447
1448 1449
1450 1406
76 1451
260 503
1452 1453
10 1454
889 644
91 1455
10 626
1456 1457
589 1458
1230 1459
228 1460
165 1461
51 1462
1463 74
1464 121
726 1465
2 1466
1467 1468
1469 29
8 1470
889 8
98 1471
691 15
1472 147
51 458
1473 940
1474 290
1475 8
18 1476
1477 173
1478 163
1479 1480
1481 290
88 1482
1299 29
430 1483
45 1484
18 514
1485 1218
1486 1457
35 51
1487 1488
14 616
881 1489
318 1490
188 1012
803 29
851 1491
8 1492
8 1493
10 1494
127 1495
8 1496
1497 401
35 357
721 147
14 1133
1498 1197
179 1499
1500 458
98 1501
1244 1261
8 1094
1108 8
1502 518
44 1503
429 1504
668 962
51 1505
8 1506
322 1507
203 1508
51 1509
97 581
1510 13
368 1511
18 1512
1513 29
1514 1515
791 1516
1517 1518
367 166
14 1519
473 245
129 248
8 1520
771 1521
1487 458
1522 351
1523 22
359 1524
98 1525
18 1526
220 8
528 417
14 652
12 1145
1527 8
1503 1434
8 1528
8 1529
2 1530
35 26
18 269
1531 453
21 386
154 112
995 1532
1533 1
482 1534
18 1535
233 193
278 1536
8 1537
226 741
98 1538
14 166
252 1539
1540 261
307 1049
239 1541
1542 8
1543 1544
1292 165
1545 1546
21 1547
14 1548
179 1380
164 1549
252 1550
8 1551
1400 1552
8 1553
2 1554
51 1555
1556 147
226 1557
10 1558
1559 226
1560 497
51 185
953 1561
106 1562
13 1563
32 1564
1565 1094
1566 290
482 103
226 1106
1567 8
1568 163
1569 109
304 195
1570 1571
1572 173
1573 148
1292 1574
791 76
14 634
12 1575
1576 109
18 394
357 10
1577 1578
1579 1580
1581 691
1582 429
1583 109
503 1584
226 10
1053 1585
76 163
1586 794
1587 8
226 1588
18 925
1042 1589
1590 8
8 1591
1592 8
35 1593
1594 74
1595 49
691 1596
1597 76
384 1598
8 1599
165 1600
1601 1
1122 7
495 325
1602 109
35 363
1603 1604
1605 705
729 33
1606 109
226 1607
1467 1608
1609 1610
10 1611
8 1612
8 1613
174 147
1614 226
950 109
1615 1616
1230 1617
1618 1619
8 275
1620 109
623 1621
45 1622
1623 1624
43 873
1582 165
8 1625
1626 871
724 1082
1627 8
780 315
10 917
129 1628
1629 1501
1630 265
127 1631
8 1632
357 112
691 1633
30 1634
1635 1636
950 7
14 1637
693 1638
1639 1457
1640 10
10 1641
1642 1643
1644 1645
1646 1647
1648 10
1649 76
8 1650
1651 173
1652 8
303 960
327 1653
42 1654
8 1655
272 1656
260 1657
8 1658
1659 29
18 1660
629 1661
1662 363
1663 1664
1665 51
815 1666
579 168
737 1667
8 1668
528 1669
55 1670
98 1671
1672 1673
1674 10
1675 1676
1677 123
237 1678
1679 1680
516 8
10 1668
1681 10
1682 1683
18 441
1684 1685
1567 10
18 1595
8 80
1686 487
528 1687
516 1688
165 1689
1535 1690
8 1691
18 1692
10 1693
1694 1695
154 1696
1235 1007
252 1051
8 1697
451 1698
1699 1285
106 1700
18 1701
1679 10
165 1702
10 1703
165 608
1704 1
8 1705
51 1706
179 109
10 1707
1708 695
1709 8
1710 1
1711 673
179 10
1712 1161
1713 8
165 1714
74 1715
97 1716
1717 29
356 109
179 98
18 1718
34 1719
1720 858
1721 1722
14 417
1723 261
1724 148
1725 18
919 163
226 1726
1727 101
55 1272
1728 1248
1729 29
1665 10
1730 1731
18 653
1732 691
1733 10
791 1734
127 97
1298 10
765 1634
106 1735
1736 1737
18 1738
1739 917
1740 1738
111 33
35 165
8 1741
10 1742
45 1743
1744 349
728 51
144 101
430 1745
1746 1647
112 1001
51 1747
1748 8
482 10
8 1749
1750 54
1251 10
1751 963
170 1752
1452 1753
1204 132
650 1754
1755 447
8 1756
1757 433
667 1758
791 1604
123 1759
1760 1761
1762 8
1763 8
616 163
10 1764
127 956
1291 482
1602 1150
10 1765
1068 1766
71 1767
1768 170
123 1727
1769 7
284 173
226 1770
1771 1772
30 35
1773 1440
359 376
1774 504
1775 105
1776 55
8 1777
528 1778
1779 74
1780 1080
1781 1782
486 966
154 1783
1784 1785
18 1786
18 659
8 1787
1788 147
111 163
444 1789
746 992
1790 8
1791 1792
1656 695
8 1793
503 1794
1 1795
152 1796
1221 1797
179 1798
632 226
18 836
127 1049
179 692
815 1799
1124 29
516 51
1800 1801
252 698
944 29
815 316
206 1802
51 1803
285 10
1804 8
1805 992
121 148
18 1806
318 1807
123 1808
1809 10
1169 231
8 1810
2 711
1811 1812
1813 1814
8 653
1815 349
320 390
1816 249
870 1166
8 1817
45 754
8 1818
1819 1820
729 1821
384 1822
1260 1823
1197 748
771 171
1326 10
1824 8
839 349
51 1825
815 1523
18 1826
1827 1828
411 1829
76 1830
680 1
18 1831
436 217
35 1832
8 1833
8 1834
771 1835
581 1836
214 234
226 1837
1838 451
206 1839
1840 83
1402 695
2 227
8 1739
1841 1842
1843 840
667 29
164 51
1844 8
51 1845
154 1846
496 1847
18 1848
18 1849
12 1850
73 1682
1424 327
18 1851
1852 12
586 977
1261 58
8 1853
430 1854
1855 10
1856 163
655 1857
1025 1858
1859 8
8 1860
35 1861
737 1563
1774 74
21 1862
68 1863
8 469
309 915
226 1461
771 8
1864 0
86 33
1865 76
165 451
623 1800
45 8
18 779
335 1866
14 1867
8 1868
623 1869
1358 1870
1871 638
1872 165
1873 1874
729 1875
14 1876
1877 1150
1878 95
1879 10
1629 1880
1235 1881
10 1882
55 1634
1883 51
179 1884
1885 512
838 148
1312 163
68 1886
307 116
18 1887
152 1888
303 1889
252 634
8 1890
1672 112
18 1891
8 1892
353 1893
1894 149
1895 29
1896 905
179 76
1897 195
1261 148
1898 33
18 1899
1900 76
91 1901
1185 166
513 509
258 1066
1902 571
534 1814
1903 10
188 1904
815 284
10 1905
1094 1906
1907 1457
577 193
653 163
1908 113
318 1909
1176 1828
1885 111
1910 109
1647 1911
1912 1913
8 1914
125 1378
12 317
664 403
18 1915
188 894
1916 1917
43 589
1185 1918
413 1919
18 475
1647 1920
1039 1921
1922 325
10 1923
179 623
1924 1925
98 1926
12 1927
1928 2
8 1929
18 914
188 1930
1931 1214
1932 10
401 1933
129 1934
1935 109
1936 8
691 8
1937 401
1744 1938
170 1939
1940 1166
6 163
1594 1941
616 501
1942 249
858 1943
10 1944
34 1945
655 1327
8 1946
2 1947
1948 1593
956 1949
1950 1951
768 1952
18 830
1953 1954
163 1125
1955 1462
1956 8
417 1957
51 1958
564 10
1959 1918
1960 112
870 1165
252 1961
12 55
8 639
1962 148
1963 10
1964 401
51 1232
320 368
691 1965
252 1966
43 1967
1968 203
374 8
1969 233
1970 8
164 112
8 878
106 8
401 166
1971 148
1972 109
34 112
1973 29
1974 1975
18 1976
486 1977
1978 0
8 1979
51 1980
154 1059
1981 173
258 10
163 1982
179 1983
18 1984
1985 10
18 1986
35 458
1987 10
1988 451
1989 10
7 1990
127 1991
1992 1993
461 109
516 1127
18 217
1994 74
14 1834
123 8
8 1995
8 427
564 112
1996 148
14 1997
1998 866
38 1999
2000 2001
2002 203
45 368
10 2003
184 2004
18 1749
8 1219
165 2005
1244 750
63 76
18 2006
2007 10
791 1509
98 51
10 2008
2009 8
872 349
1700 2010
581 1049
2011 109
1541 2012
337 10
12 512
10 440
51 1679
1950 10
226 2013
726 2014
1190 404
129 2015
2016 33
10 2017
2018 166
111 10
2019 170
2020 520
25 8
8 2021
214 2022
2023 2024
2025 2026
135 233
729 109
2027 109
2028 8
8 1953
896 2029
664 163
2030 8
2031 2032
2033 217
179 2034
51 2035
547 351
2036 465
2037 2038
504 2039
2040 29
430 568
2041 1813
252 1039
1664 2042
2043 2044
18 1817
1552 349
154 2045
226 2046
1230 2047
2048 29
2049 112
2050 2051
35 1128
516 706
2052 2053
2054 2055
165 577
154 10
12 2056
1404 109
10 1344
368 154
1217 29
51 2057
2058 1235
726 2059
1744 2060
18 2061
1903 8
309 1990
8 777
1744 2062
240 10
214 1574
8 2063
646 4
79 2064
7 458
320 2065
401 2066
2067 2068
792 516
528 2069
51 166
1899 29
237 862
1567 990
2070 233
1893 2071
152 2072
18 365
8 2073
368 2074
152 2075
1067 51
552 2076
775 2077
2078 10
1644 2079
226 2080
2081 2082
547 2083
30 2084
226 2085
733 1158
165 13
403 109
2002 10
2086 173
76 2087
2088 74
18 2089
1252 2090
18 1565
252 2091
382 51
18 990
775 2092
8 2093
63 1696
165 47
516 2094
10 2095
51 2096
51 2097
18 2098
187 451
2099 1128
2100 1196
2101 163
2102 992
2103 2104
71 2105
2106 2107
2108 76
2109 2110
2111 109
10 2112
2113 2114
8 2115
18 480
8 905
2116 401
2117 8
726 2118
1865 1
2119 8
2120 311
8 2121
2122 74
546 407
1509 2123
136 2124
233 577
2125 7
145 2126
2127 165
2128 33
8 2129
417 1186
2130 1
2131 597
1656 148
2132 173
482 109
2036 2133
2134 76
2135 10
8 2136
2137 2138
35 451
2139 956
14 2140
1285 2141
30 2142
8 1880
214 833
97 2143
97 2144
771 497
359 2145
2146 199
1677 101
321 76
1064 42
2147 401
1909 51
461 8
1771 2148
233 10
21 2149
8 1387
870 2150
10 2151
43 1602
1039 2152
317 819
723 523
2153 1769
1644 2154
2155 112
14 2156
127 1996
855 2157
1285 2158
726 2159
2160 29
278 2161
2162 1457
1430 369
45 2163
100 482
76 2164
2165 118
2166 673
1411 29
8 2167
1774 284
1680 112
106 2168
1771 2169
226 943
691 2170
74 2171
1503 2172
310 1150
2173 750
957 613
18 2174
516 1998
188 2175
8 2176
91 2177
34 1664
164 483
1218 10
26 2178
43 2179
1974 2180
407 1
2181 2182
562 51
1088 8
76 33
577 2183
233 2184
1297 2185
2186 1042
2036 2187
2 2188
30 2189
737 2190
2191 217
12 2192
51 290
870 2193
2131 195
368 2194
18 2195
815 721
886 2196
263 2197
129 2198
2199 2200
953 447
378 349
320 2201
2202 401
10 377
8 2203
1203 2204
2205 148
274 29
199 2206
8 2207
1054 1791
495 577
905 10
2208 430
2209 290
2210 261
1350 940
691 2211
775 1638
179 2212
30 604
2213 351
665 2214
2215 16
368 135
7 335
560 109
771 2216
2217 29
588 871
82 2218
357 278
76 2219
771 325
2220 29
6 2221
2222 8
973 2223
451 33
45 2224
765 1150
2225 2226
311 2227
91 2228
421 12
252 2229
188 2230
84 141
18 2231
214 2232
18 607
248 2233
10 2234
18 2235
2087 109
14 374
2236 1340
2237 195
2238 8
45 212
623 2239
51 653
401 2240
1902 10
2241 1285
1051 74
2242 2243
18 2244
165 1211
35 1872
2245 193
2246 51
226 2247
18 2248
12 2249
34 2250
18 2251
190 2252
2253 261
2254 173
2255 2256
322 2257
55 2258
694 10
906 2259
8 2260
165 1166
726 2261
1176 627
8 2262
2263 2264
2265 8
18 2266
2267 109
2268 327
18 2269
768 771
18 2270
35 992
163 261
8 1355
1129 2271
18 2272
127 2273
252 2274
43 2275
691 2276
2277 42
1744 10
1112 10
2173 1150
1991 1921
1642 74
2278 1150
8 2279
726 2280
1293 2281
14 51
8 2282
629 2283
791 1293
35 184
165 2284
2285 487
2286 10
51 2287
2288 2289
226 2290
668 182
74 2291
8 2292
224 2293
2294 29
10 2295
1835 10
10 2296
322 2297
8 2298
1185 198
2299 8
165 910
123 2300
18 2301
179 1480
110 29
111 2302
88 1210
18 2303
2304 56
71 2305
2306 76
2307 10
937 2308
815 263
516 498
148 817
2050 2309
18 2310
905 2311
2312 2313
746 109
44 327
2314 10
88 10
644 2315
40 99
79 2316
10 1993
773 2317
2318 18
652 1620
1394 316
2319 1797
2320 76
2321 10
8 2322
2 2323
148 2324
8 2325
309 2274
98 2326
8 116
64 2327
1374 8
51 101
2328 401
2329 29
18 476
8 138
51 2330
2331 1082
248 2332
14 917
165 653
2333 737
8 1321
129 2334
270 1998
2335 2336
14 1613
2337 74
51 2338
2339 2340
2341 235
14 2342
2343 2344
265 2345
2346 35
38 33
1559 2347
1682 2348
51 2349
8 2350
2351 4
2352 74
2 109
2139 2353
97 2354
1333 2355
484 2356
2357 1938
18 2358
8 1802
18 2359
106 2360
2361 2362
2253 705
444 2363
18 2364
2365 10
2366 724
35 2367
405 1797
2368 1150
10 2369
18 2370
123 2371
2372 29
2373 1049
18 2374
190 2375
18 2365
401 2376
2377 2378
678 261
327 2379
1025 378
2380 10
368 309
170 2381
195 1297
387 2382
33 2383
2384 577
158 8
759 33
258 2385
2255 2386
2387 35
790 1432
51 1000
158 12
309 862
844 2388
1187 1132
691 2135
18 2389
1523 2390
18 2391
2 1965
2392 1676
123 2393
18 2394
206 2395
2396 1925
2397 1481
8 1369
14 1153
8 2398
737 2399
1264 2400
368 33
2401 2402
2403 398
165 2404
353 2405
2406 109
8 2407
1644 868
71 21
729 368
775 2408
2409 2410
74 1654
644 2411
106 2412
729 35
2413 2414
495 2415
179 24
351 1204
2339 2416
1512 327
502 8
307 2417
2418 2419
125 2420
2421 10
683 2110
121 2422
2423 876
371 33
815 76
2424 2425
10 2426
51 1638
35 7
1150 349
770 445
691 2427
1230 2428
8 2429
98 2430
252 1164
192 2431
18 2069
18 2432
2433 8
815 2434
295 940
1877 487
393 109
2435 2436
8 2437
14 2438
2439 1328
2440 237
2205 378
2441 589
2442 18
2443 163
18 2444
18 1650
1174 2004
10 2445
665 606
129 2446
8 2447
726 1391
609 1128
2448 8
51 2449
2450 2451
594 2452
2453 451
8 2454
1972 1275
10 1954
2455 173
21 2456
2457 8
45 2458
623 2459
8 2460
154 2461
18 447
419 8
45 112
14 1170
18 2462
2463 2464
1235 2465
45 453
10 2466
51 29
281 10
2467 451
8 2468
836 33
482 434
10 85
1128 1984
18 746
417 8
76 207
2469 173
709 2470
2471 29
2472 8
594 2156
10 2473
2474 165
516 2475
2476 2477
2478 8
74 2479
8 2480
1647 109
18 2481
18 2482
127 648
2483 566
2484 226
1775 109
18 2485
8 2486
2487 29
190 2488
8 2178
51 2489
18 2490
2491 1648
2492 10
709 686
401 920
2493 35
12 2494
398 309
353 2495
1072 2496
112 2497
127 2498
2050 148
51 2499
8 2500
1025 2501
12 2502
148 2503
1049 378
18 368
8 2504
18 4
203 1150
1258 1483
74 2505
721 1
2506 1204
1776 956
10 2507
1298 2508
2509 322
516 2013
6 2487
1912 2510
148 2511
51 1929
51 585
190 2512
1077 1465
127 2275
8 410
589 2513
2514 10
278 2515
729 1364
2516 1372
726 2517
1545 2518
164 2349
237 2519
881 33
1231 2038
1128 2520
8 12
657 2333
164 813
1935 1128
775 2521
654 811
373 29
453 33
98 195
51 2522
2523 29
129 2524
2525 163
2526 2527
844 2528
2529 629
1150 2530
577 1503
170 1521
644 2531
1686 10
2532 1150
10 2533
1763 516
2534 29
18 2535
8 2536
123 2537
2538 8
2539 2540
2277 2541
8 28
1622 2542
2543 2544
547 430
2120 12
179 2545
2546 8
8 2112
1686 2547
34 2548
2549 2550
2551 148
1292 2552
8 2553
179 2554
14 2555
2556 593
165 8
549 2557
165 2558
88 195
2559 8
8 2321
188 2560
4 1901
51 2561
691 2323
129 2562
2563 2564
2565 981
2566 2567
717 165
2541 173
8 824
2568 2464
721 2569
2083 1457
2570 1
430 2571
51 2018
2572 8
8 2573
2265 1387
2574 1
2575 29
1682 2576
14 2577
1367 33
2578 190
1583 8
858 2579
165 2476
309 2580
14 99
417 2581
2582 325
2583 482
188 2584
2585 1406
179 992
18 2586
188 2587
2588 458
98 1622
8 51
948 2243
49 8
14 2589
359 2590
1594 2591
226 1751
1235 2592
726 2593
1559 10
18 1737
18 651
1771 2594
2595 290
2137 2596
30 10
320 35
368 382
503 2597
2598 1255
2599 2470
2600 1746
2601 8
154 1316
18 2602
2603 616
516 2604
18 2605
127 2606
1235 351
726 1645
516 1909
2607 2608
18 2609
309 2610
18 2611
18 2612
29 540
870 51
51 1534
8 2613
8 312
2210 298
827 2614
14 29
1128 1102
2615 190
14 2559
10 2616
1744 2495
2617 1
2618 1021
10 2029
165 2619
2620 29
10 1422
43 2621
2622 805
1518 2623
609 1
14 1169
307 2624
2625 153
8 2626
235 2627
82 1603
18 886
1049 471
906 1520
2628 1166
14 1729
112 109
2629 564
88 2630
379 1049
2631 8
594 418
1744 2632
14 555
2633 148
12 2456
2634 29
2635 1008
1483 2271
8 2636
2148 2637
8 109
2638 2639
1781 190
26 2640
8 1671
34 165
42 2641
2642 2643
1604 1509
1094 2644
2645 1264
8 1597
68 2646
2647 8
51 2648
2649 1128
226 2650
98 2651
14 2
51 2652
226 2510
18 2653
691 2654
2655 10
1789 990
2656 8
18 2657
68 661
1108 1072
199 2658
2318 34
74 2659
2660 109
499 29
1745 2661
1700 2662
2663 149
2664 2665
401 2666
2667 2668
2669 1792
10 2670
278 2671
76 992
1691 690
2672 2673
165 2674
2069 2675
2676 2677
76 2678
2 2679
2680 487
2681 8
2682 1457
649 109
105 2683
51 2684
106 2685
319 349
8 2686
10 2687
8 2688
368 458
2689 29
794 2690
2691 1058
403 8
1482 195
2692 29
2693 132
1014 201
1369 163
8 363
252 2694
51 2695
691 2696
1535 2697
2698 869
226 2699
106 2700
12 1025
2701 51
2702 8
18 2703
1483 2704
2113 2705
995 2706
18 771
18 2040
1386 226
473 2707
18 358
226 2708
2709 166
2710 2711
8 2712
1642 1647
18 2713
2714 166
2715 576
1049 2716
2232 2717
2718 1784
18 2719
332 2720
12 2128
154 76
14 2721
14 2722
14 1513
2723 1150
2199 767
2343 260
8 2724
2725 401
51 2709
235 1828
516 2726
8 230
1216 1828
906 2727
106 2728
401 2729
729 112
583 2034
456 2730
516 10
456 29
2731 8
430 2732
2 2733
870 473
921 8
18 1813
18 2734
51 2735
88 2225
2736 512
8 2737
1771 1049
2564 2623
1684 2506
179 2738
260 8
18 2739
48 2740
127 2741
14 2176
8 203
2742 8
2743 8
18 2744
655 2745
10 1607
2726 1861
2319 147
309 765
693 2746
2747 29
18 417
10 2032
829 29
589 2748
1253 51
2749 10
8 2750
8 2751
1592 564
1333 2752
18 202
1702 378
18 2282
1827 170
8 2753
417 371
2754 401
1699 2755
106 2010
51 2756
2757 8
179 2758
51 2759
726 2638
775 2627
2760 10
2761 2762
1800 2763
8 2764
1116 112
179 19
8 2765
51 2766
71 2767
33 109
45 2768
1002 195
2610 765
98 2769
2770 51
30 2148
79 2771
1059 77
2772 76
2773 10
2774 10
2775 154
2721 2776
2777 10
2778 154
8 1783
188 2779
8 2780
589 2781
129 2782
18 1414
252 2783
2784 8
2537 101
417 195
2785 149
503 173
721 2786
164 2787
165 699
2788 2789
51 2790
2263 767
2791 76
921 33
1598 2792
1750 2793
2794 2795
8 1170
226 2230
35 577
657 2796
2797 217
2798 166
121 2799
2800 8
14 653
905 2801
653 2802
8 2803
1333 2804
35 335
18 2805
1304 2244
1408 8
18 2806
88 249
2807 148
2808 325
589 2809
8 2810
123 2811
18 2812
884 908
634 2813
159 2814
309 419
18 2815
721 2816
2386 2038
1991 55
1353 2214
2293 148
271 626
815 109
10 2817
226 2818
238 2819
8 2820
726 2821
240 2398
686 2822
51 336
30 252
387 148
2823 359
1853 76
1396 1141
2824 10
1998 2033
2825 1025
2206 29
193 2826
10 2827
35 1991
2828 51
1128 10
237 2829
6 51
148 2830
10 2831
10 2832
1450 148
121 2833
164 327
127 2309
2834 2835
8 2836
1769 33
18 15
617 233
179 368
18 2837
482 2838
2839 661
1991 2606
1109 1439
2840 2841
14 349
1080 2842
309 1602
1483 2843
309 1966
2273 51
369 2844
2845 1523
2846 29
775 2847
8 2848
2849 535
2016 2850
2851 226
1602 148
2320 2852
623 292
18 2466
956 684
403 33
1502 2196
8 2853
335 877
594 451
1333 2854
8 2855
8 1905
655 2856
2857 193
1039 2858
1185 980
2859 661
2778 8
278 1032
1725 51
2860 2861
309 1807
417 163
1051 10
18 2007
8 1976
18 726
626 109
260 2862
2064 109
8 2863
10 2864
18 1380
154 1506
248 2865
503 2566
12 149
2866 8
252 1760
729 8
2867 1255
278 2868
8 2869
2384 512
184 1520
195 2870
8 2871
34 2872
10 2873
2699 2224
165 1414
18 559
547 1235
14 2874
2875 2876
14 2877
1622 1120
8 2557
127 1503
2878 339
2442 1824
121 2305
771 165
184 1740
700 8
2030 109
765 2879
1638 261
595 166
2880 458
34 33
309 589
892 10
21 1206
600 10
2034 1
655 2881
2882 482
2179 2883
127 1039
98 2884
587 1180
2885 403
1744 309
775 731
179 1707
272 2886
1338 1787
226 347
14 25
2887 2888
430 350
8 814
8 2889
320 2890
8 2891
2892 448
76 2893
14 2731
135 193
1686 2894
252 979
226 2895
8 437
503 2896
8 2485
2897 10
1804 2898
1406 2899
2900 2226
21 2026
2901 298
168 404
503 1156
14 206
2902 1746
125 2903
18 2904
371 2515
1617 48
2468 1169
2134 8
8 2905
2906 166
726 2907
726 2908
737 2909
2910 661
8 1403
129 2402
2911 173
430 2912
2913 109
21 2914
8 2199
1648 8
2915 10
2916 163
2917 914
14 624
2862 10
8 2586
2918 576
214 947
14 2919
51 2920
2532 1494
1916 2921
18 2922
503 2923
8 1992
2211 458
1248 495
2924 2668
13 1693
127 2925
2926 8
2927 2788
1187 2928
164 1647
2929 8
2546 800
2930 12
8 2426
18 2931
14 150
88 2932
473 2005
2933 74
164 1137
309 2934
2935 29
146 1797
2464 2451
1991 2936
516 2937
129 7
8 1454
8 2938
18 2939
8 647
2940 35
966 1166
516 2941
1048 148
18 2942
8 2707
1248 414
771 2943
815 368
2677 2944
127 2123
623 2945
906 2946
106 2947
10 2948
2783 1618
18 2949
226 2950
32 2951
883 195
164 2952
8 2953
1736 1207
1088 109
586 8
8 365
1785 193
14 33
368 417
2954 2955
2956 2957
731 166
14 2958
430 2959
851 124
2960 217
2961 1503
1627 2962
1204 1881
154 2963
2964 10
237 629
496 2965
35 746
29 2966
10 2967
14 2968
2969 199
2970 112
1014 2971
503 2972
24 2973
18 2511
559 104
401 2974
956 12
2975 1797
10 2976
2977 29
1150 1328
2978 2218
2979 535
693 2980
1074 8
8 2981
2982 8
1730 2289
2983 1264
2634 917
167 2443
8 2984
106 10
10 2609
21 2985
2986 325
55 2987
655 2988
2216 811
319 327
14 433
2989 339
2990 29
1647 42
1261 2991
8 358
14 920
18 1274
655 10
791 12
645 2992
14 825
206 1382
547 2993
1291 8
589 2994
2995 1514
2996 76
18 1117
112 1514
2997 739
547 2998
2999 260
129 2065
18 791
8 3000
154 398
195 3001
579 163
252 310
51 1673
109 349
3002 3003
8 3004
3005 29
629 2684
3006 3007
3008 8
8 183
10 3009
3010 74
320 3011
401 3012
2274 1150
14 1764
309 2120
3013 1204
18 616
815 2179
1898 10
18 1227
74 3014
3015 2301
3016 451
3017 29
3018 1746
18 1013
2 3019
1836 3020
2954 8
397 1461
98 165
2622 2950
3021 173
3022 1925
3023 979
3024 363
3025 3026
1593 33
1732 76
214 1160
12 3027
8 3028
12 378
195 225
359 2738
1095 10
417 33
281 51
165 2965
3029 148
3030 109
71 3031
3032 1
1141 2590
1172 1
3033 1797
284 3034
3035 147
2722 3036
3037 195
486 3038
1819 29
3039 3040
8 3041
8 3042
55 3043
3044 724
3045 290
170 3046
3047 111
2539 3048
1784 3049
368 433
3050 3051
403 444
3052 2347
3053 626
484 3054
3055 109
10 1286
1326 3056
645 3057
3058 1337
3059 3060
14 1733
3061 298
1180 3062
82 2418
18 47
8 3063
14 3064
252 724
2 3065
368 396
18 52
715 148
8 3066
8 940
1379 35
3067 290
98 3068
34 8
14 3069
1077 3070
701 29
373 3071
844 2914
8 3072
3073 8
2299 417
1304 3074
1169 3075
3076 149
226 3077
127 1634
8 2370
3078 589
73 3079
3080 1
3081 8
3082 8
2432 166
2723 109
3044 327
14 1898
1602 3083
3084 3085
3086 190
43 3087
1461 166
3088 1128
3089 663
88 51
1262 3090
9 29
691 3091
8 2946
3092 1
353 3093
18 3094
309 1261
930 112
165 3095
3033 147
10 3096
18 31
98 3097
1499 1340
2139 3098
43 2961
368 451
3099 61
8 503
8 1070
3100 281
3101 165
451 3102
430 3103
3104 132
646 2550
51 76
1566 29
8 1416
1128 610
18 3105
3106 10
98 1867
1684 724
197 252
1647 3107
8 349
668 2303
265 1289
3108 3109
3110 1771
863 51
226 3111
18 3112
401 3113
2633 349
30 618
3081 123
10 3114
1395 512
12 448
123 3115
164 1625
3116 10
1953 1252
14 3117
871 3118
3119 1593
252 2141
163 739
18 2238
1304 10
1647 2088
1792 1145
8 3120
3115 101
1264 3121
18 3122
906 347
1883 8
226 2370
2457 109
3123 3124
3125 3126
121 3127
815 12
10 1819
1013 109
10 2516
1771 3128
3129 55
10 3130
98 3131
2734 3132
237 3133
1079 10
1318 3134
3135 3136
154 109
34 3137
1956 3138
3139 298
3140 401
18 1439
309 1285
2034 1183
14 2125
769 165
3141 2956
1642 503
135 10
737 1150
3096 29
337 29
18 3142
26 3143
1051 1150
8 734
237 3144
299 74
1333 3145
10 3146
127 2419
3147 2050
26 3148
815 1791
188 112
775 3149
1230 789
26 836
226 3150
8 3151
245 3152
3153 29
502 109
591 109
18 3154
10 940
949 8
889 3155
260 3156
18 3157
26 3158
193 1795
3159 10
18 1866
1861 230
3160 368
1176 1084
18 3161
771 3162
240 3163
14 994
3164 29
623 2613
1686 1915
205 2010
2850 2337
237 2283
8 1673
1059 417
1804 1717
55 3165
2 1298
3166 10
18 3167
482 3168
8 3169
681 3170
45 226
377 3171
2722 35
129 3172
18 3051
8 3173
614 29
1292 170
3174 1861
82 3175
8 3176
3177 1387
125 3178
3179 148
458 109
2172 512
3180 1183
2622 10
35 917
884 10
298 166
8 2108
3181 1008
3182 502
3183 1297
335 3184
3185 3186
1064 8
3187 1474
12 3123
3188 2031
18 1974
14 3189
63 1484
18 3190
743 1109
24 193
14 2733
237 3191
1025 3192
42 3193
1034 447
1068 3194
8 3195
165 2084
51 3196
3197 217
272 722
812 109
51 2473
148 1634
2 33
3198 29
2001 3199
8 3200
272 174
2395 29
10 1553
14 3201
3202 3203
164 10
3204 3205
18 3206
74 2053
18 3207
102 3208
1987 3209
14 3210
3211 8
280 992
43 1261
18 10
3212 29
2 76
3213 1372
2836 29
917 33
8 2831
503 3214
2212 3205
8 2031
3215 166
1452 2290
18 1691
322 2537
1008 378
1158 890
179 2877
118 411
746 112
3216 74
7 8
129 3217
3218 1647
482 3219
1837 3220
3024 1734
3221 29
3222 76
691 643
2257 112
1108 3223
1487 516
30 51
311 3224
106 2061
906 3225
35 164
3226 1150
401 3227
188 992
3228 407
34 40
726 3229
18 3230
18 3231
8 3232
10 3233
3234 217
3235 8
2139 3236
724 1169
3237 407
794 3238
3158 29
3239 589
775 294
14 3240
801 12
154 2350
2043 817
3241 29
8 2499
45 35
14 729
55 2858
226 3230
791 3242
1049 3085
956 2854
165 3243
2 3244
8 3245
8 3246
1577 33
2089 76
14 34
503 3247
368 1503
18 2188
8 3248
14 2349
18 958
18 905
76 3249
2567 3026
18 3176
1049 190
2181 322
2339 767
10 3250
237 3251
8 2040
8 2679
1094 3252
55 3253
1746 3254
417 1925
51 3255
165 1372
2467 10
18 1335
1285 1432
2036 473
3256 453
3257 917
3258 2239
528 3259
2019 811
220 10
2 876
3260 3261
35 3262
14 239
106 3263
3061 217
791 1967
8 476
3264 1664
8 475
8 3265
10 3266
1550 487
1111 8
8 3267
6 3268
8 3258
2232 496
794 3269
1019 163
2916 3270
1614 29
843 3109
14 458
1485 8
1304 3271
101 3272
41 173
726 3273
98 1564
2977 10
127 3274
14 3275
3202 195
179 166
88 3202
3276 29
1523 3277
801 51
623 3278
516 3279
129 163
76 1524
220 29
14 3280
3281 166
1718 10
14 165
8 115
1400 3282
2815 109
14 680
1128 3283
8 2966
2 2515
516 3284
1691 3285
3286 29
179 3210
51 3287
148 992
528 383
3288 3080
3289 109
444 3290
528 3291
693 2684
883 2194
2 3292
163 349
237 3293
98 3294
14 2553
8 3295
3296 132
18 2021
3297 112
516 1213
3160 12
18 3298
2455 74
3299 233
48 3300
528 2424
3301 268
14 3302
322 51
3303 109
1577 3304
3305 166
765 166
49 3306
3307 2283
18 401
1539 349
831 3308
7 1539
309 2562
18 2894
252 1444
3309 705
1128 3310
357 3311
3312 29
10 690
870 1940
3313 29
3288 453
3314 1282
7 2146
165 2550
1851 0
528 3315
8 3316
726 3317
881 3318
2887 351
18 1741
623 3319
102 3320
3257 166
127 252
1169 109
237 694
368 3321
121 3322
165 83
2924 3323
14 2759
564 2812
1477 74
7 3324
226 3325
8 2534
775 3126
8 3326
127 148
317 740
1049 681
1049 3327
1773 278
3328 8
8 487
2272 76
401 3329
8 1166
51 3330
309 1328
18 1201
179 3331
45 1207
634 3332
8 3333
154 934
10 24
866 3334
226 3335
788 0
1326 8
3336 667
1094 2438
775 1598
1701 226
3337 51
199 3338
938 109
2057 1429
3339 8
906 803
3340 3341
448 349
98 592
910 3342
915 3343
3344 626
2 1934
14 3345
125 3072
1302 2141
18 3346
765 2368
1306 1997
644 3347
691 109
18 861
18 3348
3349 351
14 3350
98 2423
317 3351
18 3171
18 2557
2757 1406
252 1432
18 3352
3353 1791
8 3354
309 3355
3356 102
127 1878
214 1347
8 3357
154 3358
18 3359
10 3360
417 148
657 2401
8 3361
45 3362
3363 8
862 486
14 795
10 3364
18 454
18 3365
3366 3367
30 33
100 123
34 237
3368 3369
3370 794
1264 3371
503 2479
179 3372
2593 2638
2960 3373
1712 3374
3375 203
368 3376
98 3377
1849 193
306 3378
3379 8
8 3380
2140 51
3381 3382
8 3383
1609 3384
1233 447
63 286
18 403
18 3328
8 3385
3386 840
1760 13
8 1733
2139 3387
956 3388
14 154
1774 3389
1128 3390
35 3391
1871 165
655 3392
8 3393
8 3394
8 3395
616 3396
76 3397
2437 1416
129 3398
45 3399
3400 724
3135 12
106 3401
2260 109
1682 3402
589 1150
18 3403
164 3075
3262 109
2402 7
496 654
220 3404
335 2272
705 918
3405 10
1354 1925
3406 173
45 165
226 3407
307 3408
226 1159
10 1818
884 101
327 3409
3410 942
3411 456
8 3412
1414 3413
14 184
18 3414
237 3415
14 3416
1176 10
14 1369
12 3417
18 1771
3418 173
18 3345
8 3419
106 1421
10 3060
2649 1
8 3068
3420 10
3421 369
8 3422
3423 673
12 817
3424 1
368 1634
1606 3425
3426 1784
8 39
170 1847
1746 2847
1598 294
1744 13
1197 3427
3428 516
401 3429
3430 8
252 1337
12 1150
164 163
374 906
3048 349
123 3431
1523 12
3432 1284
430 3433
165 470
3434 417
403 10
442 8
8 3435
8 3436
327 3437
311 987
3438 314
35 1531
1991 3439
127 724
42 76
14 8
12 2205
871 3440
724 3441
8 3442
391 8
906 7
2929 3443
1861 109
34 3444
97 3445
154 3446
12 363
3447 3448
3449 8
368 76
1775 559
3310 29
237 3450
270 626
1682 3451
14 1012
1582 774
8 3452
18 3453
45 163
1248 3045
836 109
846 148
106 3454
2629 10
14 382
12 3455
2357 148
226 3456
3457 29
148 109
2401 417
170 3458
79 10
401 3459
3460 3461
1784 3462
163 3053
691 33
3463 261
14 1912
1333 3464
8 1849
14 3465
2758 3466
51 3467
10 3468
63 371
8 3469
3129 1618
14 3470
322 3471
14 3472
129 2568
18 3473
22 327
564 109
12 3474
726 3475
14 1995
8 274
656 183
21 3476
3464 349
685 29
18 2982
51 3477
1509 3478
165 474
558 109
26 10
8 825
10 1058
21 2526
8 2988
45 7
342 2978
26 3479
2205 3480
1248 3481
3482 233
2866 2640
3483 8
1572 3484
188 1292
18 3485
3486 35
726 3487
3488 190
815 3489
3490 217
1003 433
111 1
309 132
2722 3491
8 3492
1333 12
3493 10
693 10
258 1785
98 1672
3494 917
516 2745
1593 109
3495 1311
74 3496
14 921
3497 451
1395 3474
10 3498
3499 13
919 217
1447 8
51 3500
528 2072
1185 979
3155 1607
8 156
165 1
309 737
18 2536
2386 3501
2402 2326
8 3502
226 3503
3504 2650
1218 836
10 3207
34 461
2 3505
3506 681
1731 8
3507 290
906 33
1326 3508
3509 794
2 677
401 3510
3511 166
98 3352
1128 64
252 3512
632 834
309 3332
3513 661
79 1357
2464 3514
164 8
3515 109
35 563
3516 148
8 3517
226 496
8 2990
3518 8
8 3519
389 917
179 596
235 1827
165 695
168 3520
357 33
8 1254
3521 401
55 3522
8 3523
2179 3524
667 3525
10 1429
43 578
8 3526
3223 1058
18 3527
252 695
3528 58
3529 917
2857 3530
18 3531
26 3532
18 1861
154 1557
18 2816
862 148
14 3411
8 3533
3534 3535
165 378
51 3536
3537 10
8 3289
1128 109
14 3538
1127 1
43 749
415 2920
8 3539
8 208
981 135
893 917
3540 401
2627 3185
1151 3541
8 3542
1837 1340
3543 8
1173 76
35 1909
179 35
2563 605
721 992
2822 369
3262 2437
98 3544
309 1150
3545 4
1465 3546
164 3547
3548 29
1235 165
917 109
2642 3549
18 158
3550 10
8 812
3551 10
1699 2799
495 1249
3552 3553
2277 2955
482 600
26 3554
208 1375
2 2115
106 3555
2897 3556
3557 170
8 1242
3558 401
2 1057
2655 8
2600 384
950 33
118 2094
8 3559
2104 8
8 3560
97 3171
686 3561
691 3562
10 3563
652 8
14 3331
43 158
629 3564
2423 165
1647 3565
417 966
384 260
417 3566
3567 765
18 3568
815 112
258 2248
3569 458
18 336
3570 724
503 3571
199 2837
3572 217
3573 8
528 301
317 1308
188 10
8 2696
3574 29
3575 10
129 3576
2207 166
543 29
51 2753
364 3012
226 1177
10 1060
18 3577
484 817
3578 351
3024 1797
726 2079
3579 1797
3580 2038
516 3581
320 109
729 163
3582 2435
3583 3051
18 1764
14 760
3164 8
1405 8
12 2599
667 3584
668 33
30 858
2741 2189
3585 298
14 3586
121 3587
3588 35
135 109
2140 8
309 487
3589 226
112 29
3590 29
3195 10
1806 109
214 3591
3592 1048
127 470
8 3593
847 91
3594 2732
1876 2380
1750 1370
3595 1166
8 3172
1908 417
1712 112
14 1114
8 438
691 3090
3596 199
18 1155
165 3597
1076 109
3598 1
976 1797
1593 3599
18 921
705 2901
18 486
3600 24
7 1861
1570 378
3601 109
2954 288
458 163
45 3602
1954 1466
840 3603
35 193
3604 2876
368 3605
1101 166
18 3468
8 3606
26 3194
3607 149
3608 307
179 1013
3609 2942
8 3610
325 2552
12 853
1306 3611
18 1630
3612 1676
724 1962
3613 593
1230 3614
2084 3615
3616 290
14 3414
1292 3617
836 3283
1374 51
875 3618
2457 1109
3619 1297
3620 1679
8 3621
2164 109
3622 503
3623 76
63 788
2069 3624
862 3129
3625 1125
691 3626
3061 3627
10 3628
3629 1771
8 1097
2 3630
3006 3631
3632 173
10 2820
179 3633
1712 3634
1240 180
8 1891
1079 2897
14 63
368 592
484 3635
345 3636
106 3637
18 357
3638 8
2274 327
430 3639
14 3640
1104 349
21 2892
411 10
8 2497
18 3641
452 2544
3642 29
528 3643
179 3644
8 2653
318 1754
645 3645
1750 3646
226 3647
3648 109
992 917
8 3498
422 2593
482 3649
3650 8
252 1302
18 3651
3652 3653
6 109
858 2187
2708 458
815 252
8 3654
691 3055
3655 599
2166 195
3177 3052
154 3656
233 3657
495 193
18 2691
8 33
8 2188
2590 10
1235 3658
1517 10
1072 8
616 112
10 2939
10 3659
10 3660
10 3661
10 1736
2362 112
165 3662
10 3397
430 3663
3664 430
1385 1772
18 3665
18 3666
18 3667
25 10
33 363
30 3668
3669 8
2527 1797
252 3499
3237 109
240 3590
3670 8
2589 3671
629 3672
129 18
3673 35
1991 109
1991 3674
418 163
3675 1570
8 3575
3676 10
14 260
2954 3677
2 2290
8 3678
322 3679
3680 0
1059 226
1675 3681
263 3682
3006 1105
3683 363
1292 235
2741 2313
403 167
3684 673
121 3685
330 74
3686 3687
8 1875
2777 2845
12 3439
154 195
1577 166
35 135
589 2379
3688 458
417 3689
12 3690
14 1344
458 3691
417 765
24 3692
3693 149
240 8
252 737
2052 2659
3405 8
2036 3694
1143 316
2904 8
616 3695
3696 163
1716 3697
3698 13
3192 378
690 29
3699 1623
721 363
18 858
1262 3700
3701 3341
35 0
3160 82
3045 170
18 734
3651 356
401 3702
3703 34
135 51
2444 3704
320 163
35 3705
179 3706
30 1385
2 3707
1744 2494
18 1869
18 3708
18 3709
51 3710
8 3711
71 368
3712 465
693 3713
18 20
815 3355
3430 3714
3715 268
1615 3716
368 3717
581 1008
18 3718
482 8
3719 147
12 991
368 1049
121 3720
3721 195
2762 487
14 2962
2414 534
8 1240
125 3722
368 3723
179 3724
3725 1150
51 3726
35 1998
3727 109
55 3728
3646 29
1070 29
51 186
8 3729
18 3730
858 1811
1803 458
3731 1925
8 1422
1174 931
3732 10
178 487
2996 109
726 1545
1966 148
26 8
3733 2544
10 3734
1580 3735
309 2268
494 771
1622 33
3736 1774
2948 29
2454 109
8 3737
3738 260
3739 1780
71 3740
2513 3387
18 3741
3742 8
1190 163
14 2246
8 3743
3744 165
8 3745
3746 10
417 3747
13 3748
3749 29
3750 451
158 2275
14 3751
2542 917
10 33
724 910
3752 2850
55 3753
765 59
2590 8
3754 163
3755 2876
18 3756
652 2575
66 10
2655 29
413 3757
51 2235
3756 8
35 1089
1380 3758
717 51
35 526
179 2810
188 2481
154 2370
3759 919
516 2448
129 32
317 3760
3761 2564
154 3762
1190 731
14 3763
179 864
1634 363
1122 737
3143 109
516 1084
3764 195
3765 10
1998 193
3766 29
623 376
8 2264
3165 349
329 10
1538 458
401 3767
3768 132
3235 40
8 760
18 3769
8 3146
1878 3422
14 3770
8 3771
3772 349
1270 8
3528 13
3773 35
3164 109
14 655
737 3774
3567 8
226 1207
227 29
43 213
2202 8
503 3775
45 10
1686 33
3776 163
125 3532
3002 8
3585 3777
589 56
3353 12
18 3778
3779 718
1053 368
771 810
309 349
3082 401
1341 8
98 3780
127 838
368 35
252 1807
14 3602
3781 149
1051 163
417 518
775 3144
1198 3782
691 3783
1579 528
10 3784
18 3785
403 1856
3786 203
3483 18
536 1375
592 33
2784 10
3787 1383
2277 3788
307 3789
461 51
831 3790
3791 216
616 109
3339 1141
3792 317
1852 3793
12 3794
1498 1
3795 243
2226 29
8 3796
2139 3797
18 3493
18 3798
165 2934
102 3799
815 408
1991 3800
695 3801
3802 1943
3703 10
51 3803
252 1244
3112 109
3137 165
8 3804
303 581
3805 10
3806 8
3188 3807
2807 195
141 10
3808 237
8 3809
1630 217
8 1338
2277 3810
18 3811
2226 1210
208 3297
14 3812
721 33
1647 3813
3814 166
2941 3815
1332 3816
3817 1678
451 109
179 2982
2525 261
721 3818
3819 147
327 117
737 1539
3820 109
13 3282
3821 917
8 571
1578 3822
3823 8
1331 1208
3719 1797
3824 3441
2866 3825
18 970
3826 166
1211 3037
309 1971
18 1852
18 3827
3828 29
401 3829
127 1264
51 3830
35 516
693 3831
121 3832
8 3833
3834 661
8 2234
8 3835
252 177
8 3836
1517 3205
98 35
3837 8
3838 1150
8 3839
8 1743
8 3365
3345 51
1644 203
516 3840
516 3262
2102 3841
1053 3842
503 3843
444 1478
18 151
429 260
3844 76
473 806
2225 249
1543 3845
91 3846
3847 112
8 3848
576 3689
335 109
2131 1942
10 3849
18 3850
179 3851
8 3283
18 3852
831 3853
1630 163
401 3854
14 1090
368 188
2310 8
2 32
8 3855
2525 3856
3857 33
3589 3504
3858 447
8 1951
1864 453
127 915
8 3030
815 33
63 3859
691 3860
332 3861
653 109
695 3862
3863 3864
8 876
12 3865
1666 3866
3867 51
401 3868
3869 3870
1375 2497
3871 1797
3872 195
992 3873
18 91
1119 166
721 193
791 3874
691 1121
693 8
8 3860
1736 3875
14 3876
3877 1570
74 1794
34 233
3878 3879
998 29
10 825
269 1506
10 3880
1991 309
3881 3882
1465 1480
8 3883
1242 3884
14 3661
862 132
8 479
88 2131
1682 3885
35 158
3188 2737
516 590
248 175
3345 8
3003 199
73 3886
18 374
3887 3888
129 899
547 3889
3890 109
14 278
3891 3892
226 3893
43 2587
693 417
18 3894
10 3385
3895 33
137 237
8 3896
8 1390
569 217
368 353
430 3897
3898 166
403 2776
51 2135
1609 8
226 3899
188 3900
3145 349
2546 10
8 3123
3901 458
18 27
226 3902
2131 1816
3903 3904
164 1251
858 2377
8 1137
18 655
3902 10
1662 3905
272 3906
398 8
3110 3239
1128 2234
3907 2835
51 958
125 3908
3909 2924
226 3910
51 2426
3391 3209
164 3911
3912 1204
18 1204
18 3913
47 3914
1958 109
8 3915
152 3916
317 2105
252 1400
3917 8
163 990
1577 3918
3919 1
8 3920
592 163
165 3921
815 91
3922 3923
3686 3924
1319 3925
8 1899
3877 165
3926 2544
12 1400
775 3927
2436 1414
3928 29
3929 10
2242 12
10 1528
10 3523
154 8
237 1638
650 310
1077 3930
3931 29
3932 1166
51 3933
8 1505
10 3934
379 3935
1 613
2997 111
18 3933
260 1136
3936 2867
18 3749
726 3937
815 2978
384 3186
1282 909
179 659
8 3938
2949 1128
35 1771
18 564
8 3939
2782 447
8 489
14 1800
3940 1
644 3941
98 368
8 3942
8 3943
18 3944
3945 378
3946 1672
3947 1599
1615 724
3542 109
1143 12
13 1618
665 1695
1676 673
106 1413
979 198
8 3948
30 3949
473 3371
992 29
13 3871
111 641
3657 982
1374 10
8 3950
3951 24
3952 109
516 7
14 815
127 589
2277 3953
486 3954
1622 8
164 3325
393 29
2189 512
1503 2788
1672 2473
127 12
8 3955
252 980
260 51
18 3956
563 876
1387 3957
2274 917
1021 1293
746 3958
327 3959
98 1461
3960 10
18 166
825 2692
14 3961
3962 401
1561 447
12 3963
982 3964
3965 163
419 109
2638 3546
332 260
401 3966
775 3967
503 3968
252 12
82 1991
3969 2004
18 533
43 1285
18 1361
18 1787
88 1942
3970 2385
1849 1362
1647 3496
1016 3971
2 3972
1783 2619
51 3973
3667 335
154 2982
51 2963
2669 3974
827 487
12 2313
8 3975
3976 147
2646 3977
429 3978
135 3657
106 3979
1929 76
3980 447
401 3981
3705 626
3982 29
482 2446
8 1149
2585 165
14 35
2702 51
18 1610
3183 3983
3984 29
2 783
775 3985
8 714
314 3986
18 3987
12 3988
3989 2470
2622 98
21 3990
179 3991
152 532
3992 811
3162 3993
35 2
18 1540
1230 3994
98 3995
8 354
2723 1269
154 1989
3996 1051
18 1591
413 8
18 1853
657 3997
594 3560
2885 163
1872 51
14 451
1128 1672
688 2455
3242 3652
1639 51
165 2145
3998 76
368 148
3999 535
1020 482
4000 190
484 4001
503 4002
1912 3628
1998 265
4003 12
486 4004
1128 4005
116 3085
1744 43
4006 430
495 3993
4007 817
809 3525
4008 165
18 163
58 4009
154 4010
8 4011
4012 29
14 516
528 1018
263 1968
4013 1380
8 1239
98 25
906 4014
8 2832
318 309
18 3318
8 1689
152 4015
12 4016
403 1125
1414 926
51 1414
973 4017
120 29
136 237
34 502
4018 29
726 4019
787 109
226 2188
8 1186
4020 973
10 4021
1543 135
4022 403
1201 10
8 3109
106 4023
4024 363
83 667
14 4025
8 4026
8 4027
14 2444
43 721
655 4028
18 4029
1054 12
18 1480
3946 3134
10 4030
18 3745
444 4031
2699 199
4032 51
3187 2232
4033 401
165 10
2 2880
8 4034
162 403
12 4035
141 4028
51 1569
8 4036
1559 4037
8 4038
45 1328
76 2085
3991 825
8 4039
359 1109
18 4040
516 1176
214 772
1725 10
18 2103
45 801
2070 193
4041 29
98 3362
594 4042
165 3818
691 1251
7 112
226 4043
8 217
14 4044
4045 51
8 781
8 2459
14 4046
272 4047
8 4048
1962 351
2949 8
4049 1387
4050 166
8 3016
18 4051
4052 401
4053 4054
309 158
8 4055
4056 917
4057 8
8 166
2597 74
127 2470
4058 10
112 451
8 4059
4060 3705
3693 195
18 922
503 4061
2082 661
1025 4062
226 4063
51 96
55 3790
35 163
8 2967
3698 147
8 3190
4064 2544
8 2296
1158 4065
18 230
233 109
10 2251
8 1075
3728 2410
10 4066
45 975
4067 193
8 10
4068 1297
4069 10
2164 1
4070 8
3037 3323
4071 4072
4073 29
188 4074
121 4075
8 587
4070 309
8 1736
879 4076
4077 237
1545 4078
4079 917
258 4080
623 4081
8 4082
4083 401
12 577
377 148
4084 917
4085 29
3240 8
8 3233
18 2964
4086 233
862 2918
2665 132
98 542
34 3554
135 992
10 4087
403 4088
4089 1647
34 1760
1005 10
10 1416
8 4090
4091 433
8 4092
691 4093
98 2444
8 4094
444 163
4095 74
8 3017
1861 10
3742 163
1204 3382
8 3134
2 1527
862 4096
3573 33
8 2738
3878 10
1503 4097
1042 4098
406 109
393 4099
1053 3353
18 4100
4101 357
1374 1393
18 4021
188 3602
1353 217
8 4102
2 4103
18 4104
643 4105
139 2780
51 4034
4106 351
1898 2175
18 1686
3989 3367
18 1679
724 148
359 2151
26 1659
2929 2556
528 4107
14 129
18 1157
125 847
18 83
482 3470
2 163
226 4094
192 10
2850 3484
659 74
34 1762
655 4108
1577 4109
1463 2581
2038 940
1805 252
4110 691
35 616
4111 148
737 1990
4112 1145
3456 29
2661 268
516 1593
401 4113
3472 29
1635 3789
316 3587
1811 2579
1185 1959
496 4114
450 4115
165 1703
165 2544
1127 1340
4116 576
8 3378
193 378
8 3763
14 4117
111 4118
2110 4119
4120 10
1849 1
74 4121
858 3694
657 4122
12 189
2417 767
2170 4123
71 1699
14 746
97 1889
34 451
4124 79
1771 4125
3547 109
665 168
14 2135
2410 349
165 458
281 4126
4127 811
51 222
111 4128
3711 2550
4129 199
14 10
8 4130
1141 4131
743 8
303 13
706 4132
3976 1797
43 3474
1852 4133
2299 109
4134 8
1324 8
111 2367
165 1693
2 1950
473 2645
564 8
4135 794
1647 74
12 3124
14 1936
14 1386
1823 2670
1788 2526
14 623
1601 3209
8 4136
577 4137
170 2209
1509 4138
765 2169
165 2511
18 2137
3962 233
8 3851
18 3462
8 4139
623 109
4140 193
135 112
226 4141
448 2025
1601 1987
1599 1432
4142 516
623 4143
4144 650
51 109
1341 1387
38 4145
4146 8
417 1176
863 1264
260 76
8 2412
4147 29
4148 2892
956 839
368 4054
154 4149
3616 170
51 233
98 1625
3197 163
417 4150
4076 706
74 4151
8 1751
18 80
4152 317
252 2268
766 4153
179 4154
8 697
18 4155
1721 1676
307 4156
1053 4157
4074 166
51 3502
1771 3253
18 997
4158 1128
10 4159
1823 10
8 4160
2953 10
368 164
106 2662
34 1109
419 7
18 944
2931 458
18 1801
248 3906
870 4004
317 255
14 4161
520 268
3905 3683
4162 1459
444 297
4163 8
1097 1
1784 680
3889 548
14 1780
4041 109
1687 51
153 4164
4165 8
1116 8
838 4166
2277 3034
190 4167
804 109
12 4168
655 3279
4169 29
3067 811
1128 1520
135 4170
10 992
411 3161
18 1736
1577 4171
655 4172
1203 351
164 3498
1013 3479
4173 10
214 4174
858 4175
307 4176
12 3035
14 1784
14 18
42 300
860 290
4177 3179
1502 417
2335 8
2691 109
4178 135
179 1325
217 4179
4180 10
18 2217
3108 4181
18 135
4182 8
18 4183
18 458
1679 109
1230 1284
18 3498
503 4184
351 132
486 4185
8 199
303 1267
1064 4186
18 1587
4187 29
4188 1982
136 4189
18 1396
1073 149
226 4190
3559 3142
10 217
4191 1166
1503 2621
503 2567
242 724
281 4192
4193 1125
43 3455
705 4194
8 1241
368 992
815 1406
359 503
1077 4195
12 4196
1746 3185
8 2035
486 2150
1248 771
4197 1
726 4195
1444 576
516 4198
252 309
1235 4199
652 4200
2798 109
98 3395
165 3687
18 4201
8 4202
8 1234
623 1453
18 515
14 2420
8 3770
10 4203
14 3505
14 2470
4204 368
771 1566
24 4205
2320 4197
418 33
165 2842
1791 3794
165 4206
1512 1049
129 4207
165 468
3564 1372
429 4208
10 864
691 4209
14 2573
8 971
252 1265
695 1115
861 51
233 33
8 4210
4211 2267
2130 193
403 1247
14 21
4212 29
18 33
3264 401
2182 112
278 4010
10 4213
51 1387
417 3189
188 4214
165 4215
4216 112
51 1023
18 3492
1846 8
51 3644
4217 226
4218 8
368 3512
127 21
3101 10
1440 8
3349 430
589 992
2050 4219
1566 1150
4220 163
97 2205
14 691
226 1973
737 4221
8 4222
18 482
3748 2470
8 1171
8 2477
129 586
4223 1797
1991 33
4029 10
2743 4224
252 2273
430 4225
18 1072
2 4226
1994 503
3956 8
2362 3883
2345 626
35 691
2529 2283
4227 76
55 2405
401 4228
18 4229
4230 982
4097 149
127 4231
2703 4232
4233 1467
243 4234
14 4235
4236 351
129 179
1042 217
14 3235
2139 4237
2646 4238
252 844
220 1673
4239 3357
398 76
1577 1888
8 2735
24 3141
26 109
8 3266
1593 7
165 995
8 2818
4240 1082
18 1110
152 1580
655 4241
320 33
2967 29
179 33
4242 349
8 4243
368 2740
179 4244
14 2411
8 4245
98 130
3863 8
4003 1797
1263 29
8 4246
737 4247
21 1436
226 2535
791 2539
3484 1647
1051 2246
4248 8
2052 8
174 1261
184 1795
4249 112
4185 1977
1710 453
10 2485
1128 1340
14 76
1125 217
226 4250
4251 1
1358 4252
357 1793
4253 29
165 496
4254 351
1771 1619
18 3537
8 611
2084 3421
629 3307
3776 109
359 4255
4256 1541
815 2715
2749 29
8 4257
18 1658
8 4258
35 112
516 4259
862 1211
8 4260
8 4261
51 4262
2831 29
858 4263
1064 4264
8 4265
165 417
2834 1150
4004 1166
4266 33
3901 33
564 2289
4267 973
83 13
4268 593
3015 4269
3286 8
8 1548
3340 10
417 2872
3420 8
76 4270
4271 132
4272 10
1509 4273
2036 4274
8 4275
51 1175
581 116
401 4276
4202 29
8 4277
4259 33
18 1502
21 2390
26 417
503 3026
111 2857
4278 2544
1487 4279
335 1738
2 4280
18 4281
237 3817
3677 173
2968 29
4282 4283
1744 3027
154 4284
18 2929
311 4285
226 2944
2025 4286
3869 195
90 848
1097 631
3516 31
8 4287
278 4288
51 4289
398 33
791 2669
57 915
3209 112
18 600
4290 1
252 4291
3484 2955
577 1918
3043 871
14 4292
10 3316
18 4293
482 4294
681 4295
655 946
4296 109
8 4297
1230 2668
2571 351
14 2306
8 3718
4298 29
4299 1676
51 335
165 4300
307 4301
4302 599
1013 458
528 1578
2848 335
794 4303
3588 1
8 848
1020 3519
430 4304
272 248
623 1784
693 4305
12 2767
18 4306
177 2146
129 4307
317 13
3018 417
4308 74
992 3192
1948 10
1094 4309
4008 4310
14 1111
18 3783
3417 4311
8 4312
8 2473
14 4313
106 4314
10 4315
1405 148
8 4316
1503 4317
148 663
252 1140
4318 403
309 650
4319 4320
353 4166
2890 29
815 510
771 4321
51 4322
18 1608
4323 290
4324 8
8 3634
4325 940
956 4326
106 4327
4328 148
801 8
314 4234
1151 1633
4130 2699
1100 76
429 2137
226 666
43 328
2897 2668
184 4329
398 1150
8 4330
623 4331
4332 401
8 3467
4333 29
18 4334
226 4335
21 1575
118 1094
4336 8
2232 170
2 3453
8 2837
559 8
127 4337
14 4338
4339 261
4340 109
51 3112
528 109
737 633
2932 1599
992 4341
752 165
165 217
1230 2037
13 4342
2719 10
14 1259
516 4293
82 466
889 10
352 1075
743 374
18 433
1998 739
4343 51
4239 76
4344 1297
226 4345
792 2
1064 4346
2230 51
18 4290
667 4347
309 2313
739 4348
3212 10
847 5
2777 8
3640 29
4349 8
368 2562
237 4350
382 1332
4351 8
495 4352
3957 1075
317 4353
4354 10
127 4355
51 2090
726 4356
8 4357
3485 8
2318 9
8 4358
121 4359
2546 843
516 33
4146 10
18 4360
1955 278
8 291
398 109
2960 165
368 109
1285 2621
773 165
2 3569
170 2965
14 368
2052 4361
35 1367
226 4218
1647 4362
152 4363
2722 33
1387 10
516 4364
153 3513
439 10
503 4365
623 3049
7 33
2949 906
815 4366
657 309
14 3736
413 860
125 3268
165 3298
14 3837
152 3304
2645 10
900 109
8 4367
4368 4369
737 1550
158 3087
2343 109
775 4370
2850 73
4371 10
18 4372
8 1653
4373 458
90 4374
226 4375
4376 363
3295 29
4185 1166
1150 1705
309 3596
2148 349
4377 8
8 917
79 4378
594 2021
1067 8
278 4379
838 4380
18 1607
3651 10
1326 4381
8 4382
10 76
18 1932
8 1275
495 4383
2657 2942
8 4384
76 630
1872 109
832 980
368 3905
98 4385
10 3196
170 2022
1871 665
8 3814
14 109
152 2859
4386 10
4387 173
4388 2
1266 173
98 4389
4390 10
1686 4391
1253 8
18 3072
1956 518
3877 1457
98 2882
1292 325
4392 724
1898 3623
1150 149
260 4393
51 1480
8 4315
167 4394
495 1
335 1217
4395 3782
4396 166
98 666
14 1736
559 1910
1989 8
1244 1150
3375 1166
3611 1820
1166 109
8 4397
589 349
884 322
190 4398
1077 2118
2915 1094
2052 1651
4399 4400
4401 10
8 1134
8 4402
4403 290
2 4404
3447 12
10 4360
109 166
496 3458
879 518
10 4405
4406 0
8 4407
18 4408
4409 76
1128 1913
378 2789
4410 109
8 4411
1577 8
729 10
8 3707
10 4412
1025 4413
1281 298
3758 10
195 1140
154 2198
8 4414
3428 8
51 4372
877 29
179 3457
154 4415
401 4416
4417 1094
605 8
3734 29
1276 51
239 51
2078 195
14 4418
4419 8
4420 673
18 3856
10 352
14 4082
4421 29
8 380
726 4422
116 1676
668 10
953 3980
8 1305
3698 273
2580 599
2721 739
594 1363
1996 195
4423 29
577 2275
4397 10
516 2817
496 2209
403 974
1128 4424
2981 10
1750 3052
691 3517
14 2515
179 165
2758 4425
653 4426
664 3856
118 1433
8 1179
2925 512
681 2378
4427 29
4428 794
18 2999
165 1679
632 8
8 3807
4429 2752
8 4430
1003 2741
4431 1204
2791 8
8 1882
4432 724
123 101
4433 790
18 4079
18 1717
212 8
10 935
1805 12
3708 1467
14 4081
4434 681
30 3959
10 4435
4436 8
691 4437
214 1481
226 4438
1077 3937
18 4439
4440 626
3122 166
2070 278
691 4441
3369 3179
226 8
4442 2204
50 417
252 1724
4443 0
2626 335
3032 577
4444 164
460 217
384 4445
484 165
766 195
18 4446
18 4447
14 2193
766 4448
1545 1465
125 4449
14 4450
3087 327
307 1636
645 149
4451 4452
8 4453
98 2198
281 4454
8 4455
1647 1981
1660 8
18 1987
4456 91
1971 2614
1452 1387
368 4457
10 2477
127 3129
14 1075
148 1297
775 4458
2698 8
10 4459
4460 2050
1 1117
368 4461
18 4462
844 448
179 417
165 4463
444 4464
51 4465
473 4341
374 35
1554 8
1293 1339
121 4466
4467 8
165 2717
105 1404
4468 910
1760 4469
4470 29
51 349
842 147
45 2798
2532 487
233 4471
368 12
563 109
667 4053
1108 1439
239 165
4149 8
1503 126
307 4472
325 10
865 4473
862 883
881 4459
1013 33
10 2064
4474 2193
657 1150
18 1665
8 4475
726 4476
806 571
237 3121
1150 4477
1025 4478
384 4479
4480 401
873 2736
170 4481
51 4482
14 1326
35 8
8 2588
2199 2918
51 917
45 717
8 2550
125 7
430 4483
4484 4485
2740 195
125 4486
161 42
419 4487
8 4488
401 1046
43 398
13 4489
167 287
2136 767
188 4490
2562 487
226 2163
4491 116
665 163
18 3168
179 1500
4492 577
179 4493
398 648
2878 2200
1744 2503
252 378
3636 166
450 10
4494 29
307 4495
8 4496
14 1468
8 4497
2337 173
1214 3282
717 4498
4369 29
8 4499
516 4500
3682 576
4501 163
165 2256
973 4502
8 807
4503 8
51 10
4504 8
129 8
2630 1599
4345 29
18 3000
915 4505
31 4506
4507 29
516 3893
4508 8
8 3399
495 4509
4510 195
18 799
2320 35
413 3662
3955 10
4511 1037
3234 403
502 3276
2723 4512
4513 4514
51 505
671 8
125 458
1746 625
8 3156
594 4266
844 4515
909 101
4516 8
248 8
2 3562
18 3726
4130 199
14 1638
14 1304
230 29
4329 1795
791 699
18 2977
705 1568
1686 4517
98 1917
2437 33
4518 681
1332 4519
55 4520
2464 1673
4395 430
18 3066
26 4402
18 3188
8 1057
8 4521
18 3776
163 29
2498 3367
2795 29
226 3569
1064 4522
188 4523
3872 2900
987 349
278 4524
4525 447
945 1
4526 1
98 4527
97 4511
18 3622
214 235
8 4528
3213 4529
1710 3080
214 4530
1686 8
8 2289
4531 1328
1108 3493
887 1925
145 4532
567 417
4533 173
815 147
8 4534
1039 327
791 487
2467 3244
492 1125
2523 917
3379 29
10 1338
4535 166
226 1860
309 2834
320 10
18 1706
1068 2205
368 765
2278 487
815 35
8 4536
2900 4537
1873 4538
51 4309
10 653
4539 165
403 4540
2 4541
18 1
473 4542
2866 10
179 4543
706 1
8 2893
4544 691
127 2994
125 2224
4545 8
51 3798
675 10
1909 109
51 3173
10 2021
26 3407
417 4546
495 2711
1304 3630
18 4547
8 389
6 33
14 4548
4549 1297
14 233
503 4550
129 112
2834 765
18 2741
252 487
4551 4552
4553 199
8 407
815 163
1704 957
74 173
18 2369
3761 10
1991 1150
623 163
10 551
8 4554
14 186
14 4555
3134 29
309 13
3346 8
106 4556
8 1845
995 430
98 4557
482 4147
35 4558
18 1066
4559 1
368 2705
4560 8
10 4561
4562 2544
3447 109
3929 278
610 1912
4563 1082
4564 109
18 4565
1414 4566
851 123
179 1555
14 3742
2956 4205
18 29
1486 1235
51 4567
303 477
4568 401
8 4569
35 86
4570 3369
2353 148
4571 378
18 2321
4572 3723
4573 29
179 4574
3063 782
3539 109
12 4575
226 2064
4574 109
4576 1128
1 590
2199 4577
2589 10
4578 8
10 4579
1686 4580
71 708
2233 13
3904 4581
3987 29
4102 840
4582 1
879 4583
2734 51
384 237
3776 8
2437 3019
4143 4584
45 3573
45 3910
1094 2094
2 3809
14 2800
1464 673
4571 4585
10 2869
592 109
4313 401
2586 76
2943 4586
3323 575
1135 327
4587 148
2999 10
18 4588
10 92
51 1110
1174 3969
2464 112
4064 4589
8 2027
4590 10
629 51
10 4591
726 4592
1631 148
417 659
393 4593
4594 148
168 4595
4596 482
8 2627
4597 349
51 2751
1051 487
35 502
2232 165
1447 417
4598 1235
8 3630
691 2942
12 3990
8 1494
10 481
2629 4599
14 4600
2370 10
8 3348
1414 1735
414 170
4601 29
18 4602
815 2544
18 349
3709 33
179 2917
18 4603
8 4604
1116 1479
10 1833
14 4605
833 4606
589 1949
152 1669
607 10
252 3774
10 163
51 4607
4608 2905
4082 1
2614 3224
51 4590
2017 29
2722 417
226 4609
791 4610
8 1729
188 3529
2339 195
88 2500
2268 1653
55 1761
886 217
705 4611
1953 4612
3411 10
477 581
459 774
35 3155
8 3205
45 4613
655 4614
18 4615
154 2558
815 2285
229 2370
2205 4616
2723 309
8 4617
205 29
18 3518
121 2189
992 4618
395 1145
4619 401
562 840
226 4620
4621 8
10 3231
2430 3633
12 2587
2857 1
750 4622
14 1256
1367 8
4623 811
226 4624
1523 1424
8 4625
18 3821
726 4626
51 4535
164 2052
401 4627
148 166
8 4233
1494 4628
4629 363
141 4630
1278 2001
3242 4631
2052 4632
317 2166
1805 4572
309 327
10 2766
1220 217
18 2848
775 4633
10 4634
111 109
881 1270
2401 109
21 686
14 3503
4635 4636
14 388
79 4637
18 1387
3802 2114
127 2870
18 211
35 906
18 4638
8 2048
1873 4639
8 4040
430 4640
4641 109
4642 1166
18 4643
8 4644
2 4645
4646 351
10 4647
3684 121
1730 4560
3904 8
14 3581
2698 29
14 4648
552 2152
18 4649
14 2602
4650 298
8 4651
8 1638
3752 4546
165 836
1956 1638
226 4652
2771 458
905 4653
68 1577
71 2470
1542 149
444 4654
2370 29
1313 217
8 2727
4510 2264
374 51
4655 430
51 3280
1025 4656
331 503
453 1
14 4657
136 4658
165 4659
685 8
650 2761
1122 650
24 4660
815 1077
3947 576
252 7
8 4593
14 674
18 188
8 4253
992 4661
2 2276
2183 512
322 3431
1086 166
1053 4662
8 736
48 4663
14 4664
214 2808
2723 33
3343 369
2308 1145
1593 1480
30 1406
12 83
2414 3705
429 4659
1672 3281
2695 1
4665 1
3127 3653
14 4666
623 33
127 272
35 495
748 526
413 4667
18 4668
2551 4669
10 313
2 4670
4671 417
3218 173
14 219
98 1344
74 288
76 2269
4349 4672
1108 4673
3135 2994
984 8
14 1859
18 4405
1918 979
3552 1941
905 898
154 337
1928 4202
51 3412
1235 4674
2423 109
127 1724
14 955
3859 33
2846 8
14 1909
163 404
8 1997
18 4675
1746 3400
4676 3060
1141 4607
165 698
18 3599
4394 163
4547 10
18 2677
2283 1661
43 699
51 1488
368 2025
4677 581
4678 487
623 35
7 917
2453 10
18 4679
1218 1058
97 4680
165 2449
4681 8
2370 458
8 585
718 2675
4682 109
3302 4683
565 10
309 417
4667 495
164 42
18 3073
8 4684
1846 10
121 1264
127 4531
237 33
18 3009
190 4685
4686 237
8 3931
121 4687
4406 76
703 76
8 4688
4689 737
8 4690
2497 33
1996 4691
121 4692
1647 3014
4693 96
4694 18
615 940
63 4695
14 4696
791 844
2902 237
873 2621
384 3191
4697 76
18 4698
417 7
4699 2470
30 815
327 148
8 2733
303 165
815 750
2444 4130
235 1084
1510 695
335 4325
2140 10
35 612
98 4700
318 252
1408 10
2 2575
179 2560
4701 10
612 109
260 676
18 4702
1487 33
51 4703
45 2548
98 2080
3262 33
1167 1799
10 4201
4704 2544
1392 1058
179 2919
307 4705
4259 458
4706 1125
2236 8
10 1958
446 173
18 1225
2444 543
973 163
4707 739
1642 2277
8 2003
1010 1128
503 4708
3728 3797
14 2021
51 451
765 3725
252 2355
4474 1166
51 4425
4709 148
203 3413
430 4710
3701 1128
154 3840
564 4711
4712 794
74 1584
76 166
401 4713
1987 3232
98 1916
226 3469
1228 487
836 163
8 211
964 101
8 4489
2603 8
1541 4714
8 4715
2215 10
237 8
4716 3592
1791 4157
912 149
129 1422
2830 4717
3100 953
148 1328
35 76
7 2699
51 3352
18 1558
237 2213
21 2845
589 4718
2093 109
47 4719
4720 661
1109 33
252 4721
8 2095
3428 4722
163 109
98 456
14 3950
4090 1
462 349
8 3581
88 3870
3367 148
233 4723
2525 4464
1049 1676
4724 8
1896 8
15 8
18 4725
237 1051
179 4322
353 872
1917 10
71 4726
1684 4727
4728 195
3078 55
1699 4729
8 3122
10 4730
14 992
3831 1372
3594 817
8 3473
1333 4731
161 74
148 1690
906 109
8 140
2 3901
1374 1
302 1049
8 377
252 1510
3787 2520
815 3132
3588 655
165 2204
2470 148
528 4732
655 4381
4733 1925
14 4734
2293 4735
486 1166
3044 4736
2441 2050
214 4737
4738 109
127 47
38 76
655 4739
8 1062
8 4386
2 3762
163 917
154 397
3736 503
154 2898
186 451
4651 4740
458 593
1887 10
8 3387
252 3135
26 4741
8 4742
2992 2550
43 377
8 4743
791 2050
2435 1414
2114 29
148 3192
905 1680
165 2835
3281 76
1973 3109
18 1051
8 2024
14 2336
4744 1292
217 298
623 10
4745 18
18 675
43 1398
4626 4356
398 563
1647 4095
18 4746
2016 3752
4747 1374
771 10
10 4748
386 349
307 4749
8 3281
10 286
18 4325
693 1661
1230 165
905 425
905 4123
1704 3701
10 3392
18 754
127 3989
2506 132
950 411
3340 8
2180 10
815 1078
4366 4750
3997 13
179 4751
4752 8
4734 3080
91 4088
1306 1032
726 4753
158 1135
1374 2574
2 2937
214 752
34 4754
766 4755
55 4756
8 4757
1760 56
4296 29
4758 4759
528 530
1218 4760
518 109
8 4761
190 4762
403 1042
417 3695
233 4170
2698 4763
726 3070
1028 2564
106 4764
18 4343
8 4014
45 1013
8 4765
10 109
76 4766
2804 349
629 1371
4767 314
1463 2277
4768 2616
4769 359
21 148
368 4770
56 2409
1682 4771
623 3302
82 4138
14 1270
1235 535
417 4772
18 4773
4774 363
14 1051
51 4088
18 2645
2 2652
12 445
8 4410
2 112
165 3934
341 163
51 4775
277 8
12 2324
2557 3964
18 393
693 2529
4776 109
1769 8
14 2497
127 1053
4777 871
637 29
1950 4778
8 36
2960 4407
14 4093
12 4779
98 4561
2701 8
76 900
2165 10
82 4780
3226 487
1218 51
657 2909
1230 4781
10 4104
2097 940
870 4782
18 4783
873 166
1667 487
18 237
4784 1570
1744 97
1593 3660
82 4273
4387 42
34 10
1580 1778
18 154
8 4785
1109 109
8 4786
705 4787
8 1596
2160 2464
8 3730
724 351
8 4788
190 4319
382 109
55 4789
18 1418
154 4233
190 4790
3907 2834
8 1861
158 109
1991 4791
4694 357
18 4792
8 3710
18 2871
1313 4269
18 4793
482 3688
18 1353
226 4613
429 4794
10 806
35 1769
2038 76
8 4280
516 4795
2546 482
8 4796
8 4396
2343 665
8 2944
125 8
4797 1797
1204 4798
1556 363
10 587
691 1638
12 1432
401 4799
71 4359
905 4800
949 4801
353 1815
265 4440
8 4605
3013 2544
163 1196
1892 3563
71 4802
18 4803
112 653
2001 4341
2443 4804
4805 149
419 4806
18 1947
1077 4422
2205 3455
691 711
699 148
8 4807
4808 3592
4227 2475
8 1538
1898 8
4809 1089
18 1169
2 4810
1162 33
2824 8
1448 10
3134 4811
43 4531
3871 147
8 3284
18 165
2320 4268
1666 8
51 4812
10 4813
589 3791
154 35
8 4814
645 2228
1151 451
4731 327
3292 29
921 3392
2102 4815
3414 8
51 2480
4816 1297
14 112
3214 173
970 35
2862 1925
634 1150
35 4817
4818 626
4819 10
4032 8
51 4820
170 4127
650 4247
18 4821
61 4822
2195 203
91 4823
2435 455
609 33
4824 148
359 4825
695 4489
14 4331
710 76
8 4424
368 564
149 1166
12 2275
8 4307
35 3609
401 4826
4827 166
14 169
322 4828
4829 233
309 721
51 3392
862 1150
30 3147
2205 992
915 589
226 4830
503 1594
2 2522
401 4831
252 327
252 448
594 1652
2638 4832
2605 2034
2423 163
35 4408
3562 3535
2389 51
18 207
401 4833
726 4834
2 4835
4836 1008
7 217
705 298
914 4837
8 4838
14 3533
252 2403
1377 940
1151 4839
98 2794
8 4435
3904 4589
380 109
18 2330
1469 10
10 2497
563 163
7 2383
1230 12
4840 135
18 4324
3947 2226
1230 2377
1094 4841
91 4842
4413 378
123 3272
473 3199
3107 74
4515 2025
179 239
18 4843
18 4092
1236 1457
4844 2449
10 899
3616 771
8 4845
2249 2025
4846 12
382 33
12 4847
1861 4848
3844 8
214 4114
51 4849
4850 1797
309 2273
112 917
3339 2564
10 3780
4567 917
76 1011
51 1205
3334 661
8 4226
2373 10
634 109
10 914
170 4851
18 370
226 1103
237 3400
18 1916
165 1021
8 1637
4852 10
51 4853
10 951
8 4854
3742 109
10 4855
2006 8
3929 1925
121 2324
950 18
2669 4824
14 3063
43 634
71 4856
503 3813
226 4270
14 4857
246 10
4858 8
8 3313
1998 1
127 4485
8 4859
4860 10
1325 10
10 3063
4366 433
467 29
14 482
770 4861
18 656
2134 2547
8 1798
4862 401
226 4863
1804 29
136 4458
106 83
4864 4492
1799 4865
374 516
1724 3118
45 593
815 4370
51 4866
1593 51
8 3828
14 4867
226 4868
18 461
123 2078
771 4869
2254 1647
4870 217
154 4871
2968 691
482 2321
1746 4872
623 1519
693 4873
1264 1198
1235 4874
165 74
4875 401
4429 3949
237 2999
121 3631
307 4876
1613 29
791 4680
1244 148
2427 76
226 3395
8 2876
2001 3597
8 4877
18 4700
8 2135
815 4551
1593 4878
944 8
717 4235
26 4879
904 3733
18 4880
771 3458
14 3638
8 4881
3015 163
98 826
8 4867
4882 29
21 4883
1313 298
973 4884
4885 1297
721 4886
4008 620
154 1438
237 359
706 4583
3108 4638
4887 10
359 2196
14 4888
992 163
595 8
8 4600
1380 193
4889 1
881 4890
98 4391
8 4891
1994 284
8 952
18 4088
3104 1204
4616 378
14 4651
1131 512
8 3818
71 4075
3184 10
21 252
325 4323
21 4892
594 4877
4893 109
1380 2
51 1169
1270 29
18 3500
3447 4097
3991 1736
18 2960
1478 4501
1593 4069
309 3260
13 1150
278 4260
16 109
14 311
559 2683
1085 589
43 577
226 4776
214 1768
18 4894
34 634
4789 349
179 4465
2149 1002
35 1
8 2098
237 4895
4896 50
4897 76
4898 1912
368 746
417 1647
76 4899
18 3929
4900 109
589 148
10 199
4650 217
154 482
8 4683
1230 4901
528 4498
726 2154
76 4902
516 4903
10 2040
458 33
10 4904
8 517
1672 1307
10 1467
3150 4905
179 1951
163 265
2642 2835
14 3896
1647 4906
233 4826
226 2676
8 4907
905 1692
3721 147
695 4908
125 393
3977 661
98 2772
881 109
4909 2012
1414 4910
503 4911
2445 29
14 4131
179 3206
3680 453
2462 8
1622 458
2723 8
106 4912
970 109
18 1751
51 1786
21 4913
14 932
4740 917
51 4914
18 3532
179 2744
4417 10
18 875
98 2898
2929 4915
644 2031
1211 12
4916 481
10 80
771 4917
3939 109
1202 594
4918 29
4919 1
98 4306
1264 2418
35 668
528 4920
8 3875
1894 1297
623 3717
1577 3154
13 827
18 3833
1108 4921
858 4922
10 3241
1593 481
1025 4923
8 4012
74 4924
3567 1150
3776 10
228 163
51 796
4925 8
3015 4926
2015 109
726 868
45 33
4406 1
35 3755
55 3048
905 3879
497 4927
2866 4928
14 2112
14 2678
1218 8
4929 1169
767 4930
691 4730
564 4931
2266 8
4932 112
4933 1483
8 1128
71 2860
4485 4934
1961 317
3867 335
76 4935
3447 309
1908 887
18 2127
76 3245
10 4936
1025 4937
18 337
417 3856
127 4938
14 2380
10 4554
127 699
226 1821
4939 663
2424 717
359 4397
3450 217
4921 29
4725 940
317 4726
516 4582
35 653
18 1989
1876 8
8 3231
2581 109
3065 10
226 4940
3242 4466
4941 349
4551 1037
165 249
3262 4898
18 4942
278 3835
915 3629
650 1245
4943 503
3592 4944
4539 913
403 3309
18 4945
92 29
1133 644
18 1611
74 4946
4248 982
665 676
1479 1451
840 4714
482 4200
18 584
4947 29
4948 226
14 111
34 1593
862 4949
45 109
8 4950
217 1982
8 2900
417 109
14 564
2900 4951
252 13
14 135
419 4122
1910 4952
18 491
1414 4953
51 2533
8 1679
4211 10
51 4954
2039 173
10 4955
303 4956
8 4373
1487 35
2320 1
18 2824
55 4957
726 165
4958 4959
4960 51
179 4281
4961 4962
3804 3552
163 4963
4964 811
179 2130
1895 67
4432 3824
21 1169
8 3827
3867 10
2016 8
547 4965
10 576
18 4258
18 2731
940 4696
4966 401
1235 3382
2551 4484
3087 4967
125 4657
503 3216
8 4968
226 4969
139 3621
8 4085
63 33
1230 252
97 961
815 3260
8 4970
2774 652
634 4971
18 4482
417 4972
226 3548
696 363
129 4973
4974 2151
504 2132
8 1243
233 3812
4975 1150
3942 176
10 546
387 3367
188 8
1128 4063
2293 992
51 1090
1270 109
14 4455
815 4976
18 1475
1034 76
1264 8
76 544
2 3534
3596 349
668 1906
79 4977
1277 990
353 3797
18 4243
655 33
3880 1418
154 415
4978 8
18 3538
10 4979
430 4278
18 4129
4980 195
3004 76
359 2359
1051 8
2731 51
179 1859
100 8
8 3060
248 195
2786 10
18 4981
18 3077
746 10
51 4982
179 4212
4983 2025
484 1570
1602 8
4984 193
2622 4985
14 192
8 4702
4431 430
51 3120
14 1076
3791 327
8 4986
401 4987
3270 163
8 1414
164 4988
179 4989
1068 3887
18 451
51 340
377 3369
419 1150
8 2801
4990 851
3044 428
98 1411
18 4259
14 4056
111 4991
2607 18
88 3764
18 62
18 359
844 2456
2 1620
10 1282
2464 4040
4992 76
2401 2699
496 3591
129 4229
4993 8
668 498
4994 10
1577 109
495 1835
374 163
179 1784
4995 24
129 1034
35 111
929 574
79 451
3676 8
4996 8
401 4997
165 91
265 4818
14 4998
129 4037
98 1262
482 7
733 4999
726 1192
953 1
8 5000
401 5001
542 940
5002 10
1264 48
5003 147
862 4047
1647 3632
815 5004
3671 644
10 5005
2033 739
5006 290
10 3649
5007 1141
179 889
174 2527
927 3626
121 3740
18 2823
4996 982
98 3325
1218 33
10 4754
1694 8
2987 349
77 51
10 4968
865 530
4853 4684
2 5008
2321 29
237 5009
791 2860
165 4378
5010 496
237 2092
5011 1282
5012 2204
252 1523
252 4729
5013 1297
18 3551
2672 135
5014 8
226 5015
2999 5016
127 2139
2664 1676
10 2031
2734 165
18 45
10 5017
5018 401
950 8
18 627
8 3466
10 1207
1522 1457
1918 198
1502 3305
18 1278
1066 1
1049 116
8 1850
2508 76
844 2056
1264 1414
18 4871
1396 4999
614 8
135 1
165 4370
8 5019
5020 8
778 2860
18 5021
1049 117
112 5022
1716 5023
272 3690
8 76
179 5024
3808 1746
634 148
10 458
8 2806
14 4527
607 308
1123 737
2734 415
154 4609
5025 8
1380 1128
165 5026
18 3442
8 992
12 1014
5027 408
1736 3189
956 3098
1218 5028
1427 109
18 4424
3435 10
8 1023
832 1185
5029 1523
4548 109
8 5030
3989 148
3701 957
3094 199
1643 173
368 111
791 695
429 665
3108 2251
368 112
12 1797
368 1337
3801 147
123 909
179 5031
3340 3666
1293 5032
5033 535
691 4855
8 4249
35 836
303 3020
989 109
5034 401
164 4207
503 5035
8 5036
5037 5038
461 33
8 4
5039 2668
4845 5040
3332 8
5038 2544
14 700
51 151
546 5041
35 4857
722 4774
956 29
18 3111
528 3304
775 417
417 2768
165 886
704 109
5042 173
3209 2876
4191 29
3961 10
14 2266
5043 261
1993 3973
5044 10
127 552
8 3811
307 5045
844 541
1518 35
2629 8
8 573
519 268
5046 233
5047 29
1020 29
1510 147
2779 166
2850 503
3386 1541
1049 1297
18 906
2638 5048
721 3448
252 2834
4070 5049
8 1154
705 1638
18 97
1757 1049
163 4179
623 3166
18 3198
1380 33
5050 1922
5051 401
18 5052
2558 109
831 5053
14 1983
1647 1715
1952 290
5054 109
847 646
148 5055
3422 1345
5056 5057
12 5058
2148 327
51 3393
226 5059
252 1008
214 4744
1076 226
4178 233
8 4803
18 5060
179 4837
2622 2
13 3674
18 5061
1285 923
214 1292
3215 29
18 2343
419 148
68 717
320 5062
5063 8
4147 8
10 661
8 5064
2694 1049
3204 29
1465 2593
2435 106
8 2421
1679 5065
252 831
843 8
4912 3778
55 4242
205 5066
2949 10
8 5067
8 2461
1274 8
862 3260
1452 3052
2423 33
862 5068
1039 1670
494 234
8 3604
252 956
401 5069
2 5070
154 3806
2 1470
1490 349
5071 136
4992 8
3526 29
2471 8
8 504
51 2107
165 1813
564 563
1686 4099
564 76
846 4469
8 4158
1970 5072
35 2349
203 2639
565 8
18 2129
14 3863
98 1422
473 1079
8 2524
129 2731
503 5073
886 2396
18 8
14 1743
3447 8
18 2953
51 360
51 2295
35 233
594 1999
2 5074
55 2051
18 2262
190 5075
8 5076
260 5043
461 539
5077 147
18 70
252 355
10 5047
226 5078
1332 997
5079 691
309 248
693 51
5080 76
795 8
4211 704
1396 10
8 5081
112 4909
213 817
43 4097
8 5082
76 109
14 1071
2985 2025
5083 325
18 2474
10 2449
1760 2562
1464 3242
8 4561
2 7
382 8
8 5084
5085 298
1750 820
18 3543
3665 8
211 10
368 233
125 10
2710 5086
43 4137
8 640
1369 29
672 482
55 3388
8 3766
3567 10
10 5087
8 314
430 5088
1769 458
1072 1635
18 2777
307 5089
3134 4768
417 5090
817 1255
4284 8
14 4748
35 655
377 3882
14 4635
3592 5091
1615 2189
165 5092
260 33
154 1628
8 2008
3969 8
528 3916
5093 74
18 5094
14 45
4857 1
2045 29
8 5095
4332 746
2160 8
4445 1678
18 4384
2 2046
165 3314
18 3153
2654 8
2444 5096
2593 5097
528 5098
2204 5099
5100 349
862 1745
1128 4046
10 451
2349 109
8 1986
862 5101
18 377
199 46
278 1612
430 132
403 5102
35 1300
12 4282
1950 5103
4699 885
1333 2936
10 5104
239 10
874 1503
8 1980
3776 35
5105 74
10 3232
553 349
691 5106
645 5107
252 1509
35 10
10 713
173 3389
691 5108
970 226
589 2558
7 29
1064 10
1400 327
2810 1514
2783 55
127 51
4689 7
5109 1745
2343 905
2664 35
726 3930
771 5110
1141 8
81 2249
4022 163
18 5111
51 5112
5113 8
3909 724
8 3805
374 3859
97 5114
51 33
203 5115
401 5116
165 5096
18 2292
1306 3542
4988 166
10 112
12 524
10 3494
14 5117
2180 29
2 5118
5119 226
1380 35
1741 10
179 3059
5120 1264
3669 166
35 634
8 5121
5095 29
1535 1264
8 2648
881 2099
401 1496
4565 233
5122 940
503 5123
4917 4352
4935 109
8 5124
14 491
815 3367
18 3106
668 5094
2382 4549
5125 349
973 217
35 2437
165 518
3776 33
3876 8
417 763
8 3734
2 278
644 2564
503 4095
1541 112
8 4025
5126 2596
83 4491
706 1998
8 3991
401 4369
18 3595
516 656
344 516
98 1058
163 298
1326 2856
5127 29
775 5128
444 271
12 4595
4655 1082
2285 737
10 1328
559 3425
1872 7
5129 3988
309 379
18 881
2723 12
2195 10
4251 193
2 10
2848 51
4162 148
18 487
51 5130
705 163
8 5131
3114 109
8 5132
961 148
359 3195
283 74
1139 453
21 5133
1523 2528
835 3925
42 1715
1247 163
5134 74
577 1089
2834 148
226 4183
825 5135
45 5136
14 281
10 5137
5138 170
8 3105
4984 8
1292 1827
5139 148
3559 4399
4055 29
1261 871
10 3527
8 803
1265 487
5140 10
179 4839
513 178
18 3003
51 4241
8 170
494 1176
1158 473
8 3899
125 1963
195 4901
10 3410
2525 2627
3367 348
1094 498
754 1712
4031 298
2349 163
24 2956
2277 1647
8 2372
655 4630
18 4066
153 5141
5142 10
1324 10
2343 10
179 5143
8 4543
853 1150
14 3221
1248 5144
4394 1125
1072 1455
3127 673
1051 51
5145 378
616 33
233 5146
401 1
1261 1056
411 1480
8 5147
2259 29
14 1621
357 3610
18 1200
2647 10
4675 8
123 5148
3671 29
3052 8
2052 74
5149 76
3533 76
10 5150
121 5151
5152 166
318 857
8 3784
3756 10
8 2246
97 377
68 2081
30 163
252 1927
248 5153
5154 1125
226 1180
7 166
8 5155
18 2
5156 1166
359 3095
8 5157
112 76
5079 8
8 4624
858 5158
4891 10
51 1191
226 3920
193 407
5159 848
881 1966
252 363
106 5160
10 183
2 1303
226 1234
10 5161
3099 3307
18 2314
552 148
5162 8
51 5163
5164 163
18 3435
18 3252
10 3394
419 33
5165 3424
12 4824
516 3032
2418 1351
8 2935
5166 2668
226 3358
1790 1332
844 4035
18 4411
170 5167
2189 147
1712 2716
2070 8
318 4247
43 1918
127 82
102 5168
1635 1968
5169 42
106 5170
2 1299
5171 773
401 1623
10 4751
4123 5172
18 1253
10 5173
26 51
76 593
7 3355
293 3869
165 848
2968 401
499 5174
51 946
24 2957
353 1626
18 5175
179 64
892 8
10 2790
35 609
51 4893
486 1165
717 1578
687 148
623 712
1716 5176
82 5177
374 368
252 1025
322 10
1396 3786
594 4165
5178 327
3904 267
18 5118
98 4589
327 2142
18 3802
109 2383
1053 2599
3596 821
5179 29
18 2655
5180 10
179 5181
2956 109
2223 163
152 4720
4681 51
82 2091
4979 5021
71 317
10 3601
374 1957
154 3225
8 235
4312 29
921 109
417 2558
8 4418
2120 737
5182 132
18 4960
165 132
368 166
3577 29
8 5183
34 1931
1746 4844
1077 868
3742 33
1270 102
721 5184
8 1063
4432 165
516 2334
2388 2470
18 2048
98 5185
18 145
18 2884
5186 1204
165 29
400 10
18 2756
320 4375
5187 121
771 5086
14 4206
2320 5188
237 2627
164 165
71 5187
2694 8
586 33
18 3803
307 5189
815 1019
2722 109
5190 35
480 3285
8 5191
18 3975
3403 691
1682 33
444 217
18 699
8 2445
3802 29
2667 5192
98 2699
4690 29
4615 4579
695 148
8 5193
8 5194
430 5195
89 576
1374 3891
153 5196
18 992
5197 123
252 3027
8 1195
4747 1
45 1056
76 4564
546 3228
8 3407
1527 226
1622 5198
2361 10
530 4473
252 817
14 4040
3422 5199
8 1830
3855 166
594 239
8 5200
881 163
377 1459
71 3006
226 5201
10 3922
1622 3656
1211 5039
384 5202
18 3116
693 2283
4496 10
577 327
2558 33
3965 1196
34 368
8 168
589 5178
3032 33
14 1730
3665 166
691 1536
179 18
5092 148
2054 112
2849 2592
8 1819
14 5203
2429 109
335 33
430 4958
1771 1618
18 2921
3034 74
832 166
3125 237
3015 4502
121 2681
5204 430
148 378
168 109
1248 5205
1158 51
510 5206
1313 163
3686 10
3040 401
2255 148
164 3163
14 1756
3084 225
2548 29
708 3720
1961 149
8 5207
206 2827
43 557
3876 51
5208 298
10 837
26 2699
8 195
10 3515
2655 1010
309 1056
695 1144
34 1538
975 33
21 5209
3375 486
8 5210
4513 2637
1235 5211
1635 3495
252 248
1274 2952
18 5212
226 274
1042 5213
307 5214
862 359
695 5215
3299 3812
43 3447
419 417
5216 2038
18 246
815 5217
4703 109
18 1567
51 259
10 1075
5218 940
307 5219
12 3448
111 3339
726 4832
154 876
317 2833
1479 112
564 2898
188 76
368 4433
5165 281
4142 2
197 12
51 5220
693 5221
1851 453
3489 2516
5222 627
8 141
3825 29
473 10
127 33
844 12
737 3355
8 439
766 5223
1646 173
2258 349
125 3143
154 1665
429 5224
2865 1797
603 655
722 2835
791 5225
5011 123
43 368
8 4389
721 1840
331 2469
1789 3754
629 5221
3085 5226
771 4851
18 3392
3192 4413
116 3327
307 5227
956 4460
18 531
817 378
1244 1285
401 5228
112 458
164 33
127 1428
5229 10
226 4292
8 4936
190 4320
978 10
8 5230
252 1037
35 3032
163 217
10 1743
3119 4859
516 735
2 2853
8 1746
74 2086
99 9
1512 1781
1128 3220
1657 8
4682 1177
4422 4476
950 2758
513 2562
2584 109
840 112
1325 3173
956 4429
90 5231
1974 193
98 3648
2336 76
516 4841
5232 109
382 112
359 3518
111 76
18 2471
214 5233
8 2011
188 5234
1498 193
18 1103
10 4827
214 4481
2580 1150
1602 33
461 7
655 3508
953 5235
2933 173
3823 109
10 1508
106 5236
179 5237
18 278
77 238
4528 109
623 3586
5238 568
8 5111
401 4471
451 1196
3125 165
699 5239
179 3016
5229 51
8 1071
1484 33
317 5240
353 5241
8 537
516 5242
1744 3171
179 927
5243 1
3191 417
3802 4274
528 5244
51 5198
8 2329
217 33
8 5245
8 5246
482 902
1064 5247
226 2007
188 3751
226 87
2182 982
3858 29
8 1467
5248 794
3786 29
1918 980
2036 2378
4663 195
18 1443
10 4536
237 978
3874 4934
26 4149
5078 109
2482 10
35 447
4651 76
691 10
368 163
4140 1
14 881
278 4294
18 4116
3729 109
5249 1457
5250 190
2210 163
2699 1238
1089 1
1771 534
3787 226
359 4812
51 2485
45 2699
4284 518
14 2394
14 3706
5251 1
4788 29
51 1217
484 2044
905 109
503 2505
1313 3759
2723 2173
260 74
2646 3735
226 2446
165 4
18 2889
165 876
5252 163
8 1912
2467 4915
870 2628
45 51
164 2458
5126 5253
1377 3511
18 3379
8 3416
2200 767
858 5254
3452 10
4354 29
170 215
5255 1797
258 945
98 2290
2 5256
45 1590
5257 1457
940 3952
3015 665
382 1494
111 5258
51 3109
4380 2071
125 5070
14 487
18 2234
2254 42
5259 940
724 1150
792 10
154 1499
699 1144
4781 2038
265 217
18 5025
318 1150
5260 1457
5142 8
875 5261
7 109
1337 3461
51 3131
51 5262
129 3491
1873 724
109 5263
391 3540
129 35
18 176
35 33
430 1204
2478 917
5264 351
853 2189
1264 5265
3907 309
1313 4098
8 5135
131 2544
8 2288
10 2604
18 2644
4164 661
8 2270
177 1182
415 8
98 864
634 8
35 417
3578 1204
854 644
1230 4758
5266 349
5165 35
51 91
129 4418
1326 29
1150 487
179 4049
51 5267
2850 1126
8 5268
179 2407
4896 2650
862 828
940 3850
8 2612
528 3624
747 74
10 933
3219 29
226 130
721 607
8 1100
18 1254
3333 447
18 732
18 614
5269 74
18 3184
5270 369
4620 574
121 8
18 1750
8 3826
10 29
309 363
8 4880
382 7
10 4497
844 1424
629 60
559 109
2 802
401 5271
3299 2302
165 2928
2999 5272
815 6
1966 1150
397 109
1869 76
906 1381
74 5273
594 5274
18 4977
4919 1374
4530 170
14 5082
5275 26
2 3815
5276 401
18 1765
209 148
4191 4782
163 731
629 5277
34 18
76 3654
2106 10
2174 10
1374 76
8 5278
811 166
233 5279
8 4005
1825 29
1333 165
18 4048
51 5280
417 2383
18 4621
5008 10
263 576
154 4795
303 5281
1920 173
10 404
8 5262
1996 5270
195 4448
8 4159
4829 401
3232 29
1333 5282
18 5283
18 333
1051 982
18 6
3015 5284
5285 166
3260 5286
655 4103
123 5287
43 915
401 5288
168 492
4741 29
3025 503
844 1163
746 794
237 1388
4269 163
623 5289
5173 76
112 166
3015 1567
14 2730
3485 458
401 5290
188 4580
165 767
1898 3900
4432 10
4159 29
1767 2860
4027 29
8 2044
8 343
18 3180
5291 29
4231 349
3109 1912
165 109
5292 29
5293 433
2442 4950
382 10
179 993
3970 29
705 1460
248 5294
179 2367
8 5295
2722 5090
8 465
5296 516
5297 29
2929 76
2036 1228
686 5055
417 381
309 724
125 4287
2578 3579
63 4288
773 5298
1750 10
528 165
1053 395
226 3091
1422 3613
35 3080
214 2341
634 33
4491 1049
14 314
18 1084
1285 853
1523 2502
4116 149
950 112
998 109
368 29
1771 116
165 4208
1142 51
374 5299
18 184
1744 368
8 1641
4958 351
3460 5300
154 4801
18 51
184 8
2 5301
4369 2042
4169 1215
1214 832
2299 33
303 4677
451 149
51 4300
906 1365
1985 29
74 5302
2174 8
1926 10
1419 2497
3447 1150
10 2942
8 1965
737 4487
8 5303
4067 1
1358 5304
2934 148
217 4963
623 5292
2834 2642
1127 2649
8 29
589 1724
18 5305
18 884
164 3320
2 4989
8 2057
1503 3474
417 380
2442 140
14 98
4616 3192
655 8
18 4813
8 2561
2286 691
691 256
127 4699
2731 166
200 430
3310 2063
79 4141
8 5306
413 4623
411 2545
1367 7
8 959
430 5307
563 5308
8 1480
4963 731
5309 1297
14 2835
1696 33
102 3168
5310 3085
8 5311
18 5237
8 2219
577 4072
4688 593
5153 1264
10 5312
76 4761
4267 298
503 5313
5063 203
691 3536
359 8
3192 5314
5315 349
5316 4178
184 33
905 5317
3373 217
5057 8
815 1182
10 5155
8 4666
3027 5318
2960 1264
594 4881
18 75
10 784
43 349
1686 4277
5319 268
14 1742
765 1185
1996 2844
622 794
2579 576
4440 5320
4254 1457
767 4510
1796 866
2834 5321
1298 8
165 379
4914 29
4447 8
881 7
3262 8
8 2155
8 451
252 862
3486 4707
1425 575
91 5322
486 5156
18 4752
226 399
896 10
364 135
915 1541
1465 2638
145 123
8 3982
190 147
2 4385
844 1194
4451 29
127 2723
12 724
468 109
482 5323
8 163
63 79
18 3271
18 5106
1567 1313
10 1912
5324 261
18 4918
18 4825
327 2410
3545 91
5325 322
5326 226
18 3364
129 812
18 5268
815 3460
1139 3080
1353 10
12 1369
1892 5265
844 4291
10 1520
1647 5269
655 3465
1684 430
51 5327
164 5194
3878 8
417 38
655 5328
129 3498
226 3303
1811 576
179 5329
623 8
1916 5329
10 5330
374 109
5331 29
1230 1358
18 4257
8 5103
5332 794
35 1109
2229 524
3162 2595
429 619
4863 109
51 1839
1158 5333
14 2040
5153 147
18 767
762 1998
51 4940
883 148
495 5334
1872 163
4217 109
1979 29
14 3319
5126 265
18 5335
38 2201
8 4465
18 459
18 1846
14 1064
98 10
5336 1512
18 5337
876 418
8 5338
8 5339
1053 5340
3079 1087
14 218
12 3653
18 5341
5342 484
5343 195
74 5344
1080 1055
8 2969
10 2714
51 3519
10 5021
5345 10
18 5346
272 1222
2866 5347
705 5324
152 5348
270 265
5349 1745
1531 3080
96 1
4576 8
164 7
1025 5350
5351 2038
5352 661
1387 3574
7 1909
2068 29
8 2906
629 10
789 2038
5353 109
106 5354
3061 163
76 5267
1089 33
5119 10
18 88
589 4736
815 2001
165 1639
750 1328
5355 8
2 417
5356 503
2253 298
51 5357
18 303
163 33
3819 363
188 33
4204 5358
179 4367
8 4573
5359 8
5360 917
18 136
705 2916
401 2042
5361 484
599 112
1072 5362
4655 1854
8 5363
8 4073
3234 298
1215 4452
3099 417
154 33
4070 12
633 349
51 5364
623 2702
45 1382
18 4493
691 1461
5365 4980
815 4474
4003 512
3242 3423
8 3749
3732 8
8 4998
623 3544
8 4213
152 717
503 3804
1039 3728
8 5152
2551 5366
3367 4485
226 3875
165 33
691 1955
1235 5367
2237 4758
496 1160
905 1549
8 5080
516 1823
188 5368
5369 1483
2380 2586
26 2402
18 1293
5370 268
13 3260
357 5371
206 2866
1094 3390
33 349
1559 5372
2067 1
3083 1150
18 3041
29 109
237 10
503 3484
4001 1570
18 5072
1244 2439
18 1551
937 3409
10 4488
14 1422
815 2829
5373 917
5374 1089
726 8
18 5036
83 3085
737 1220
252 2580
8 5375
4412 2919
5208 163
26 4962
4519 29
2841 2920
309 3838
14 3598
368 8
420 2422
444 1723
5376 626
4388 10
55 3440
8 5377
401 5378
10 1242
159 8
226 807
3890 1128
7 2934
5379 8
10 4679
1396 2638
8 3005
29 487
5380 10
3670 840
616 8
167 163
1244 309
1872 8
179 4270
14 5381
665 1678
98 33
18 5222
10 1929
1367 109
4507 109
3032 193
2284 203
327 5382
18 5096
1347 165
2470 4326
127 4492
2845 1150
401 744
1051 760
8 5383
3802 2705
5384 8
18 1501
18 1635
252 1991
504 4911
670 76
1414 10
248 2886
5385 681
1509 3175
8 3750
38 10
721 190
2307 18
1456 1235
8 2805
14 3447
3355 148
43 148
8 38
136 2440
4182 644
18 4435
3484 5386
4251 258
35 188
746 622
154 5387
45 1146
791 1049
12 3007
248 2268
8 5388
844 4892
34 2581
891 363
10 4430
3242 3832
486 8
8 4187
10 4210
1543 233
5029 844
5389 217
30 109
915 1431
8 4879
2125 8
2850 74
613 109
18 5390
5391 1058
2364 206
4663 3300
311 5392
1841 1676
1141 1288
8 5393
4814 29
815 1188
2797 163
8 4601
655 5394
51 4792
14 3778
1587 10
1321 3060
417 51
190 5395
278 10
1996 3615
844 682
4070 1150
125 5396
18 4284
1890 29
14 2067
1746 4370
1510 4908
1517 2623
5397 351
883 4824
56 2994
4924 173
8 2449
563 1412
3730 990
10 1500
1970 10
881 35
1647 903
5398 546
4467 5399
4038 76
2109 8
18 5327
886 2686
5140 109
129 10
1861 33
1235 5400
5326 8
179 4981
74 1065
2482 8
214 5401
14 1341
8 4250
116 471
18 4534
18 2538
3559 4400
18 442
5402 109
18 917
214 170
8 3898
482 1880
18 5127
3205 29
1520 4014
6 76
1025 5403
429 5404
401 5405
21 5406
5407 1235
18 1223
12 4975
4880 10
203 2477
14 3940
1725 8
8 1695
2031 2758
2595 1317
129 2676
5388 10
91 5362
35 4582
503 5408
318 4285
2954 417
45 4545
18 3806
21 2663
348 148
3080 193
8 5409
165 570
10 1555
152 5410
3447 721
4180 8
51 2497
21 3277
179 397
1909 33
14 5280
2005 203
18 2507
18 5084
528 5411
18 4854
528 33
2828 10
5412 10
2020 1021
118 51
2061 5413
835 5414
3345 10
4948 8
1529 29
8 112
303 4836
4847 148
4024 1797
14 1706
8 5415
2064 29
401 5416
2 564
2834 722
5417 148
4850 147
179 2782
237 5418
2474 8
252 3596
1440 3964
154 1169
3894 10
18 4294
5419 497
