112 425
0 1
2 3
4 0
5 6
7 8
9 10
11 12
2 0
4 13
14 1
15 16
17 0
4 2
18 19
20 21
22 2
23 18
24 25
7 26
7 25
27 28
18 29
27 14
9 30
4 31
7 32
7 33
34 35
36 0
2 30
34 37
38 39
38 8
39 0
4 28
2 40
5 4
41 37
42 43
39 13
7 44
35 14
45 46
47 0
48 5
37 49
9 50
34 15
51 52
45 35
33 4
53 41
17 29
54 25
34 55
56 20
9 57
12 37
44 27
58 59
4 60
27 0
9 31
24 47
46 61
5 54
2 29
62 63
64 58
60 15
44 1
65 59
4 45
49 43
11 54
66 49
36 1
4 67
50 68
69 28
4 1
12 66
60 70
71 2
7 72
39 66
66 73
69 29
7 4
7 54
9 62
4 26
2 34
4 74
5 40
44 25
67 21
71 5
4 75
59 14
38 45
64 26
76 26
2 17
57 77
17 15
54 69
7 23
5 15
52 78
4 3
47 69
23 0
45 0
33 79
80 24
2 81
80 82
70 83
41 29
60 28
4 17
33 29
54 0
2 84
0 67
4 73
69 75
85 68
34 86
50 37
64 61
40 55
4 27
75 16
87 1
61 21
33 66
6 15
4 88
11 36
34 60
4 87
23 58
34 59
26 66
85 89
31 53
2 63
17 66
8 90
91 92
4 93
68 94
71 28
95 33
7 10
58 66
66 90
52 95
54 29
7 17
79 60
2 93
4 96
41 97
4 9
4 30
11 17
21 73
63 61
45 98
70 21
4 55
25 21
27 59
69 99
52 9
54 78
87 100
67 55
54 50
57 37
80 66
5 2
27 35
4 34
76 12
0 15
7 2
63 35
101 28
2 39
45 60
33 88
11 42
38 33
31 37
36 66
34 21
79 45
40 66
2 53
1 28
2 42
32 16
64 34
66 3
52 102
65 85
32 21
4 85
44 21
66 25
52 79
11 80
58 29
79 39
26 15
26 21
17 37
39 53
35 19
52 29
79 46
4 83
85 29
15 70
44 88
103 29
95 28
2 41
66 28
66 89
95 3
95 62
104 37
30 0
2 26
99 61
105 99
69 96
2 61
8 82
96 73
4 59
106 32
64 87
54 53
23 53
8 86
57 100
0 69
20 29
4 40
4 29
9 32
54 88
79 30
4 107
53 66
8 2
21 68
52 63
4 16
34 108
7 71
2 45
30 60
31 66
9 85
10 25
86 75
79 36
0 14
15 28
1 70
4 36
48 79
7 69
86 109
4 62
36 25
0 110
2 80
0 3
28 55
73 49
41 19
4 10
9 27
2 60
76 31
95 48
101 14
95 4
52 5
5 99
92 37
42 63
66 59
111 21
26 29
60 98
4 23
95 2
111 1
0 60
87 110
71 80
106 30
25 45
44 37
4 42
48 44
4 66
12 43
48 6
64 31
52 2
26 70
111 0
36 9
66 69
26 40
1 55
105 29
5 87
50 16
20 99
7 45
91 27
37 93
9 68
66 62
48 4
2 36
64 75
23 1
41 0
34 66
60 96
4 81
79 57
52 4
98 37
80 69
25 88
2 54
3 96
40 101
11 26
71 76
75 55
8 18
4 54
72 29
4 35
66 93
52 0
87 69
10 99
10 0
26 47
71 96
34 73
26 55
110 70
15 61
79 62
56 0
95 45
44 23
87 96
111 88
111 108
7 16
31 27
33 45
33 55
2 90
31 0
46 85
79 0
52 11
66 86
7 49
46 60
68 108
87 23
93 55
95 46
4 90
51 2
111 73
87 24
3 70
64 7
44 66
44 70
31 107
79 20
52 53
2 31
39 29
44 4
17 73
11 34
51 39
91 66
54 83
7 31
80 0
62 45
36 45
79 66
50 0
64 4
7 78
28 70
49 90
47 15
17 19
26 24
5 69
