1782 8581
0 1
2 3
4 5
6 7
8 9
10 11
12 13
14 15
16 17
18 19
20 21
22 23
24 25
26 27
28 19
29 15
30 3
31 32
33 23
34 35
36 37
38 39
40 41
42 43
44 41
45 32
46 47
48 35
49 50
51 52
53 50
54 55
56 57
58 19
59 52
20 1
60 61
62 63
64 65
66 67
68 11
69 43
70 71
72 73
74 75
76 21
77 78
79 80
81 35
82 83
84 11
85 86
87 88
89 5
90 55
91 92
93 37
94 95
96 73
97 65
98 39
99 100
101 19
102 75
103 50
104 71
105 32
106 107
108 3
109 37
110 9
111 73
112 83
113 32
114 19
115 15
116 117
118 119
120 9
121 23
122 75
123 119
20 88
124 125
126 57
127 128
129 65
130 131
132 63
133 134
135 119
136 57
137 71
133 65
138 55
139 5
140 78
141 119
66 55
142 7
143 35
144 131
145 75
146 47
147 148
149 125
150 1
151 152
153 154
155 156
157 152
24 100
158 159
160 1
161 52
162 156
163 21
59 37
164 52
155 165
166 154
167 152
168 83
169 25
170 148
171 172
173 117
174 13
175 1
176 11
177 117
178 37
179 78
180 52
179 37
181 52
182 148
183 154
184 185
186 187
188 92
189 107
190 86
124 185
191 134
192 1
193 159
20 75
109 1
24 5
113 117
194 80
20 47
195 55
196 86
197 95
198 5
199 185
200 165
201 3
202 27
203 107
204 187
205 128
206 25
207 208
209 100
8 23
210 23
211 27
212 19
110 7
213 80
214 15
215 172
216 152
217 73
218 35
219 125
220 221
222 100
58 148
223 32
224 208
93 5
225 75
226 35
227 131
46 185
228 7
229 221
230 9
231 100
232 172
233 27
234 5
235 236
237 15
238 75
239 52
240 241
242 75
243 71
244 75
245 246
247 92
248 154
249 73
250 88
251 148
252 253
254 11
255 95
256 15
257 19
177 92
258 95
259 117
260 57
261 185
262 208
263 11
264 241
265 156
266 39
190 154
267 32
268 80
269 148
270 236
271 35
106 3
272 95
273 47
274 80
249 208
275 25
276 11
255 27
277 27
278 148
279 43
267 83
280 117
281 13
282 208
283 3
284 185
285 55
286 83
287 11
288 156
289 41
179 95
290 131
291 55
292 293
294 119
295 52
296 47
297 25
155 27
298 37
299 119
300 11
121 7
301 15
302 15
303 156
30 117
304 25
211 43
85 119
305 185
306 55
307 293
308 208
306 83
155 92
51 65
309 107
310 21
311 63
312 92
313 165
314 35
315 165
316 154
317 117
318 52
319 13
320 152
321 61
322 50
323 88
151 19
111 65
324 25
325 154
326 327
328 43
329 165
84 7
330 154
331 253
332 236
333 134
334 11
335 95
336 63
337 119
338 19
300 13
266 95
339 15
144 88
113 61
340 156
180 92
341 134
342 78
191 65
338 293
343 75
344 86
345 185
346 25
347 73
348 11
306 52
198 1
349 156
350 134
351 246
352 78
277 152
263 241
353 131
89 156
354 152
355 117
356 327
357 117
14 125
274 9
358 241
359 119
360 152
157 52
361 246
362 19
363 55
192 63
364 25
365 92
366 236
367 246
368 32
369 253
370 86
274 27
215 5
181 100
371 11
372 9
373 208
374 128
375 107
376 327
377 43
40 13
54 253
378 88
379 19
103 236
82 15
380 95
381 83
382 7
383 221
59 15
384 71
385 148
386 148
387 52
340 172
388 3
389 65
220 39
168 187
109 3
390 52
391 131
392 35
393 293
394 32
359 17
258 154
395 148
396 61
397 63
398 21
399 187
400 47
401 5
402 9
48 208
403 3
404 5
98 57
405 63
406 1
244 128
407 107
408 23
409 83
410 172
411 41
412 55
252 17
413 25
414 80
257 78
415 75
416 148
417 187
418 3
419 67
51 17
397 100
194 95
420 172
378 11
421 119
422 23
137 27
423 50
424 165
425 25
426 13
427 128
212 15
428 152
109 15
286 156
429 23
262 293
109 117
373 128
430 61
431 152
432 19
433 208
434 65
133 41
435 73
436 37
437 13
438 43
439 128
440 57
441 100
302 134
442 119
143 11
443 61
444 100
445 52
289 39
446 246
447 67
448 117
191 208
449 86
224 86
450 71
451 208
386 63
143 246
452 1
158 25
453 454
350 152
455 9
321 107
218 7
456 95
457 100
120 134
458 117
302 17
2 65
459 13
460 50
461 50
462 154
463 208
464 52
465 454
466 52
220 57
467 25
264 25
468 148
469 13
470 23
471 154
472 80
473 246
474 9
475 61
476 86
477 65
315 95
438 7
478 63
479 125
480 86
481 253
445 35
269 125
482 100
462 11
483 32
72 61
484 21
150 156
264 7
369 55
336 107
210 208
120 25
485 47
486 156
487 23
34 9
488 9
489 9
291 23
490 27
491 1
126 78
492 221
493 41
145 11
494 23
495 7
496 221
97 86
497 63
498 159
499 246
500 63
501 17
142 159
299 35
502 107
489 61
503 152
504 119
505 152
302 327
506 327
507 57
508 86
24 107
509 208
510 125
511 21
512 32
513 63
20 128
514 41
515 15
516 128
517 100
59 131
518 253
519 159
366 86
492 86
520 148
354 19
501 134
215 107
177 185
48 154
326 65
521 27
300 165
522 159
444 50
523 57
524 75
525 23
526 63
527 83
528 208
529 7
91 236
530 63
531 185
532 327
281 80
533 63
432 117
534 19
535 159
536 11
537 25
242 3
538 187
242 47
539 95
234 148
540 5
541 154
542 39
111 23
543 83
349 27
544 61
545 148
546 25
93 236
547 100
176 128
548 293
549 134
445 67
369 65
133 253
257 80
550 27
272 454
551 293
300 246
552 185
226 241
553 246
158 221
464 208
93 131
238 50
554 78
274 454
463 32
555 221
556 73
120 208
85 185
112 107
557 253
350 39
558 148
59 32
49 221
559 185
560 92
72 187
561 156
550 25
562 19
99 25
248 3
472 156
563 246
564 187
565 5
472 71
192 152
566 83
441 88
567 50
228 119
568 236
569 454
570 221
326 253
571 78
572 117
196 327
278 61
573 73
0 17
574 454
575 119
576 86
577 185
578 208
281 100
579 327
419 253
472 75
580 17
310 134
581 172
582 159
376 61
583 131
38 148
93 154
584 43
585 92
444 125
586 21
587 156
140 71
397 55
588 159
492 241
589 32
590 148
591 32
518 11
592 92
440 156
593 88
469 221
594 172
595 21
596 187
31 95
597 67
179 293
598 88
139 117
370 236
599 3
252 128
600 67
475 92
393 37
54 17
466 1
601 1
602 187
603 7
604 21
605 61
606 57
607 75
608 119
170 50
609 187
610 208
611 78
612 125
613 67
614 208
615 454
616 152
617 83
618 52
619 7
243 15
392 67
109 128
620 61
140 86
34 67
234 57
53 80
197 37
231 187
151 63
351 253
621 19
622 134
623 107
624 107
625 15
626 55
0 154
627 55
628 236
629 92
116 71
630 73
118 293
631 134
632 125
633 13
634 95
635 327
636 100
637 131
224 156
638 7
114 185
610 32
639 119
243 27
408 117
640 71
641 21
0 47
642 86
643 293
567 95
644 125
400 131
266 13
645 86
622 454
646 23
647 32
320 57
648 63
649 73
427 86
191 75
650 37
651 63
652 73
286 39
218 92
239 208
109 75
653 88
654 236
655 61
244 454
565 55
656 61
345 21
657 187
658 43
659 95
195 73
472 95
607 50
397 13
46 117
550 57
632 221
348 241
660 241
661 128
662 47
663 5
664 185
183 61
665 67
271 73
14 148
666 9
667 73
666 83
668 159
96 7
191 119
363 246
669 3
670 63
671 128
10 208
672 63
539 152
203 80
673 100
674 35
675 3
602 327
420 159
169 454
676 37
244 119
421 165
677 83
678 92
231 159
679 75
680 71
2 61
179 88
681 67
682 11
683 21
413 43
684 43
302 117
96 21
473 241
685 5
604 253
686 71
687 73
688 71
689 154
588 83
690 21
691 19
386 13
692 73
335 154
504 75
693 128
366 25
348 37
694 21
695 131
592 246
137 73
696 63
697 187
698 159
524 154
286 236
108 117
85 236
267 128
287 156
699 148
700 52
701 327
226 11
702 131
455 23
703 65
704 221
261 86
705 92
706 253
707 17
708 15
392 241
310 165
709 125
598 15
710 152
711 128
638 1
712 208
713 27
581 73
340 208
89 35
198 119
665 3
536 187
2 187
264 67
714 1
715 15
716 236
143 241
717 55
346 327
612 50
697 156
665 221
718 5
673 152
286 454
719 41
158 50
720 293
224 293
677 61
721 50
232 21
722 43
723 27
724 241
725 119
473 13
144 1
726 67
583 57
2 253
564 117
144 159
188 15
727 208
728 154
729 65
730 43
345 165
731 71
732 41
144 73
239 41
733 57
734 88
735 17
736 185
77 159
191 17
650 165
737 71
738 5
336 165
412 3
366 92
136 221
739 41
142 25
740 47
34 25
18 172
741 75
288 57
742 71
734 47
368 61
94 43
210 52
743 86
257 187
210 7
744 43
739 236
488 23
745 43
342 7
607 246
589 67
746 50
644 100
747 293
624 246
748 134
48 107
749 73
400 41
750 187
751 95
752 3
564 55
753 221
271 65
754 221
748 119
755 73
578 293
756 100
757 71
608 5
758 88
759 152
760 327
457 241
667 78
761 65
51 208
645 32
762 71
385 80
763 78
764 241
765 236
520 5
766 19
365 80
200 86
227 23
686 15
767 43
768 86
175 119
769 185
137 80
630 7
770 13
771 83
772 454
137 78
773 7
767 293
774 187
775 7
368 3
79 25
520 21
369 32
289 50
776 73
574 83
770 15
777 154
401 23
778 185
199 236
779 35
689 21
780 52
781 86
782 80
340 47
783 15
784 253
352 21
785 13
786 41
787 39
788 57
789 21
790 5
20 159
177 327
369 75
791 327
792 67
793 134
170 293
261 88
794 92
795 187
796 107
14 131
702 65
636 117
797 57
798 1
439 107
734 159
799 159
777 165
800 185
155 152
801 37
463 55
802 32
206 134
650 13
803 27
620 67
804 241
462 187
399 159
805 73
665 187
437 43
806 43
807 134
373 75
808 9
809 57
363 241
30 246
49 55
516 83
810 9
811 41
812 86
813 241
583 65
814 50
815 83
196 156
816 185
817 32
72 13
818 11
93 185
819 43
820 27
289 83
821 154
528 3
822 88
823 17
336 119
601 95
286 55
333 27
824 27
176 21
103 156
423 75
825 107
826 13
428 25
827 65
18 35
503 13
828 117
829 32
324 327
830 63
633 5
264 221
831 165
669 67
531 47
215 208
832 61
833 454
834 73
835 236
836 23
525 41
837 63
183 117
838 73
345 5
795 39
839 7
840 19
841 57
142 88
842 25
843 27
844 7
845 246
846 80
68 67
847 32
848 236
849 185
274 43
369 128
850 236
393 221
523 21
851 253
504 172
852 7
853 61
854 63
855 80
856 47
857 236
340 119
858 246
859 73
860 17
861 23
862 75
863 131
864 75
370 152
673 63
865 32
458 35
866 32
867 25
868 100
588 95
397 154
869 75
870 327
871 80
872 241
620 37
197 131
873 159
874 61
432 221
349 11
875 19
876 15
255 80
79 23
877 1
878 92
106 117
266 55
243 95
243 107
492 185
573 7
234 83
466 128
767 107
879 21
880 37
142 67
56 65
881 156
158 43
300 241
324 148
882 55
883 39
884 75
713 125
544 253
417 39
885 119
886 128
350 454
887 80
888 39
871 154
359 47
584 23
889 159
890 35
734 23
630 17
34 128
636 5
220 78
463 128
891 67
849 125
892 92
860 67
251 3
893 65
894 221
588 80
416 128
534 61
895 67
211 25
793 41
896 57
897 17
177 61
898 125
210 9
899 159
900 131
901 241
440 78
198 75
289 454
340 86
902 117
60 253
215 21
903 100
579 52
904 55
114 152
550 78
905 17
906 43
820 125
158 23
93 156
907 11
377 75
198 154
700 88
151 241
320 13
908 86
281 152
909 35
518 156
910 241
911 236
912 67
466 119
913 9
192 13
914 241
915 80
386 221
916 5
649 154
389 156
917 9
263 35
918 15
613 11
767 7
279 3
287 78
919 3
920 148
921 83
716 13
922 159
690 39
281 19
376 152
923 156
38 221
924 246
554 65
0 134
509 86
635 100
242 5
276 78
34 75
500 21
925 73
550 71
926 1
927 128
928 57
257 63
929 86
539 80
930 88
654 117
708 32
931 107
34 23
412 327
106 221
932 86
933 246
934 92
468 1
147 80
284 454
935 327
936 125
144 134
937 125
938 15
188 131
939 165
109 47
518 246
389 17
647 165
940 23
818 159
737 11
444 253
941 117
324 50
473 27
96 17
942 23
647 50
943 47
642 185
588 71
944 3
275 148
227 159
945 78
218 241
946 63
512 125
947 172
948 25
376 187
550 7
324 117
281 78
949 246
950 92
951 95
931 148
298 41
224 52
952 172
319 35
953 172
318 100
286 86
598 7
378 125
954 55
350 32
389 236
667 71
349 92
584 131
649 95
350 73
550 9
835 41
776 35
900 117
955 241
861 37
337 23
956 246
24 241
957 37
257 165
900 187
650 88
958 107
263 32
959 117
564 43
960 57
497 159
737 80
961 75
962 92
388 32
963 293
764 47
798 37
964 13
965 221
966 246
444 73
967 71
817 21
401 107
306 39
968 13
20 107
401 27
661 83
969 11
970 19
168 39
310 73
644 57
971 67
8 293
650 95
224 117
972 165
973 17
974 15
401 25
658 187
610 25
975 5
218 185
306 13
976 27
977 454
880 73
978 152
188 185
118 75
979 27
795 11
257 61
49 17
101 50
492 67
971 39
980 172
981 17
982 80
983 117
630 39
170 41
528 17
984 100
985 134
972 208
422 9
271 27
986 78
987 154
988 73
843 185
714 159
989 17
990 246
456 86
650 63
972 100
332 5
991 134
992 21
922 1
703 73
993 32
994 27
371 156
643 41
143 134
643 221
583 134
504 1
639 253
723 52
251 327
995 159
164 125
996 187
997 156
195 134
998 25
224 61
288 37
0 119
466 41
721 131
665 327
372 25
746 57
338 73
999 41
1000 32
1001 57
220 50
549 52
621 148
369 134
743 50
528 61
871 78
136 80
620 11
621 221
1002 21
140 80
137 95
1003 152
1004 13
804 47
833 134
1005 83
1006 208
306 208
1007 95
763 63
255 7
650 71
192 19
708 37
1008 131
701 39
1009 19
1010 67
168 134
631 185
1011 65
1012 43
708 107
267 47
1013 92
175 55
300 92
1014 37
650 80
8 152
606 159
1015 67
893 159
610 43
1016 246
256 37
1017 23
1018 159
1019 152
906 172
2 134
1020 165
227 88
1021 185
1022 454
29 253
376 13
1023 5
468 221
467 241
927 75
1024 17
670 57
972 154
450 95
642 100
1025 1
1026 35
33 5
362 107
601 293
518 92
831 3
251 221
301 19
1027 43
730 131
114 63
1028 152
929 131
1029 293
199 50
397 165
54 65
122 154
140 95
194 107
990 83
1030 5
424 17
263 95
1031 208
179 41
1032 17
712 80
1033 61
10 75
1034 43
1035 128
1036 165
1037 39
1038 83
177 3
174 125
819 75
612 154
1039 71
133 86
1040 117
1041 95
855 27
1042 1
79 27
1043 327
872 154
192 165
548 165
1044 50
971 32
438 156
244 55
38 128
1045 21
862 86
144 128
1046 15
1047 293
734 9
176 47
1048 125
24 9
345 13
1049 253
1050 1
1051 21
72 253
142 11
288 221
188 156
578 55
539 165
366 1
1052 131
1053 293
1054 63
101 125
499 11
1055 52
1056 187
401 71
62 156
427 119
1057 293
1058 67
349 236
1059 80
900 15
1060 236
372 172
199 221
1061 128
602 253
103 100
1062 253
271 80
636 187
302 37
1063 55
1064 5
702 236
1065 154
351 128
255 78
91 253
1066 37
610 9
1067 159
412 83
503 19
932 50
281 154
1068 32
1069 241
79 43
1070 100
905 73
1019 100
1071 75
564 327
1072 47
1073 27
885 61
450 117
584 37
363 83
1074 454
1075 125
163 63
806 154
1076 83
189 32
830 187
667 27
143 67
372 37
1077 15
332 37
2 5
379 88
1078 71
373 47
1030 13
718 236
1079 65
630 65
746 25
1080 107
900 293
923 86
1081 25
839 172
1082 52
1083 221
450 3
1084 35
373 52
1085 47
1086 17
1087 47
1088 80
701 55
757 35
765 156
1089 80
264 35
798 75
103 185
373 41
192 125
343 17
411 35
817 100
326 95
1090 39
770 19
1091 253
860 47
657 7
224 41
1092 67
724 327
667 43
1093 73
1094 37
54 241
1095 125
1096 63
24 21
404 100
409 156
689 100
1097 11
737 78
667 23
1096 13
184 86
731 117
702 37
1098 119
1099 55
488 25
218 236
1100 25
1101 27
927 131
29 107
48 172
1102 172
602 148
1103 241
690 454
765 152
412 15
1104 95
192 57
1105 221
1106 65
667 7
115 128
1107 52
1108 253
191 41
239 156
927 159
882 236
1031 92
632 50
1109 65
297 327
271 11
244 47
66 454
552 454
570 15
1110 246
851 3
270 25
690 32
1111 17
1112 246
281 107
915 117
573 117
1113 86
949 128
1114 17
1115 25
1016 61
1116 293
842 52
999 117
30 165
601 52
462 246
662 327
450 187
686 37
271 67
936 185
1117 221
956 9
509 23
947 65
1118 80
539 119
324 61
879 39
1119 154
1120 185
927 15
793 172
1121 41
1087 454
133 17
620 187
1110 83
349 246
322 32
479 327
191 128
12 119
1122 86
573 134
437 100
379 37
984 57
703 17
1084 236
438 23
59 88
504 128
583 159
1032 67
151 67
1123 47
1124 88
256 5
600 50
1125 32
575 47
1126 253
340 92
1088 9
1127 134
663 41
1128 11
422 47
729 63
851 86
566 107
1129 241
583 73
612 21
301 159
1130 73
742 23
210 1
526 172
1131 107
118 117
881 11
1132 9
1026 119
1098 73
409 73
195 159
966 27
49 32
1133 246
1134 61
522 15
658 19
220 55
412 454
664 9
620 131
210 119
77 172
1112 148
1135 37
1136 86
324 9
198 50
1137 9
1138 73
983 119
274 83
896 7
1086 67
905 241
550 221
1139 73
252 47
425 134
1140 65
1141 3
512 454
286 172
133 156
643 92
89 241
584 187
501 80
301 172
180 67
274 95
893 21
271 241
257 3
1142 11
989 75
1143 187
1144 17
1145 131
1146 187
1147 21
905 327
913 246
170 67
1148 50
1149 35
984 293
923 148
1071 293
492 125
451 15
42 100
584 159
991 152
1150 236
665 246
455 7
53 37
1151 172
122 95
455 63
120 23
1152 86
792 165
199 128
349 241
909 23
320 148
1153 107
447 17
320 159
76 128
665 125
110 119
54 39
1154 13
1155 32
1156 57
1120 125
627 37
79 131
642 5
498 78
1157 148
1158 172
1159 154
329 71
748 17
933 148
1139 13
905 35
1160 39
101 152
413 78
282 9
650 78
613 25
1161 61
393 57
1047 50
470 21
18 241
256 159
348 73
18 152
527 39
771 19
211 13
633 23
1159 5
1162 5
910 13
1163 185
18 13
275 100
910 221
1164 23
1165 75
155 236
885 3
1166 156
96 23
2 327
1167 221
708 131
581 41
393 172
426 293
900 61
1034 67
855 95
817 55
602 125
1168 75
14 88
825 75
1169 63
542 63
929 67
1096 134
1170 41
1171 5
1172 5
1173 23
46 156
392 11
133 208
740 125
668 73
1174 57
855 293
1175 208
675 67
796 9
770 11
271 95
604 73
503 172
885 165
582 39
737 67
688 221
376 117
698 187
1176 83
508 17
24 43
155 95
234 39
734 15
1177 208
400 128
1013 148
1178 88
934 19
196 95
114 13
949 208
145 119
1179 100
422 1
87 152
1180 65
814 3
223 86
168 454
368 55
1181 37
530 39
244 3
770 35
376 159
238 17
211 23
336 100
860 128
626 236
266 83
1182 159
1183 125
42 185
1184 95
344 3
1185 172
413 208
1186 1
111 13
1187 41
442 117
1188 25
1189 128
76 27
223 43
264 57
612 221
1190 61
1191 23
435 236
1028 52
1192 154
421 47
1193 172
865 246
1024 43
1194 88
121 86
410 19
894 119
1195 19
20 119
194 21
1136 293
1196 78
389 92
8 7
1197 208
950 185
53 15
1015 165
96 65
1198 88
923 55
639 134
225 86
1199 95
987 131
1200 208
977 185
644 80
359 23
1201 148
1202 71
1139 41
1203 1
36 119
272 65
269 80
1204 187
854 156
1205 152
834 221
174 152
340 128
462 327
1206 71
1207 80
1208 100
1194 454
581 52
282 92
118 41
336 154
917 61
673 88
101 7
307 17
358 119
770 165
797 39
405 11
360 52
1209 128
547 454
404 154
1210 57
1057 154
1211 27
1212 1
578 454
1070 185
1213 107
121 83
348 131
1214 78
1215 154
868 52
611 7
1216 1
917 128
1217 165
162 7
693 9
1218 19
118 3
1219 47
1220 78
846 246
476 50
1208 47
794 253
1221 83
567 32
733 7
1142 95
527 148
581 154
1222 19
1078 95
110 75
1054 187
1223 55
1224 5
1225 65
488 128
959 221
1138 55
906 208
598 134
852 39
1226 47
197 327
1227 241
475 15
1228 92
580 50
1183 27
1229 23
1182 78
1151 156
935 88
8 43
684 131
1230 172
1231 88
644 148
1232 172
174 221
1233 75
408 119
866 86
1006 80
514 23
1234 293
1235 152
748 73
1236 327
578 83
164 454
1237 165
1238 92
1239 172
491 11
1240 43
650 15
984 172
1241 78
427 11
1242 37
1243 37
1244 13
461 165
1245 86
170 52
968 117
1246 9
1247 57
338 165
306 41
1175 92
761 63
658 3
145 246
45 3
1248 1
409 17
465 208
793 52
465 27
10 293
639 19
1249 11
1250 67
1251 241
950 236
140 27
946 78
53 57
612 88
368 83
709 47
258 208
1252 241
1253 23
267 75
1254 117
302 3
886 148
650 152
1029 3
1255 185
1256 23
1257 13
38 125
1258 52
554 21
91 17
482 454
466 172
703 221
441 125
1073 152
1259 107
1138 117
505 327
872 454
558 83
910 11
1260 73
783 19
151 246
38 119
439 61
702 88
343 131
746 23
487 236
1261 1
778 100
1262 13
520 154
898 88
839 78
1019 52
1263 67
725 55
595 61
357 23
870 52
509 41
1144 154
1264 293
870 27
1265 187
1266 95
1043 241
135 131
349 71
1267 52
461 86
378 57
499 293
256 154
18 63
1268 95
251 50
1269 65
1270 27
553 92
93 107
609 159
463 47
251 187
598 131
1271 134
493 187
628 221
1272 19
179 131
763 187
472 1
1273 208
289 32
451 83
741 32
1032 32
1274 88
1275 7
404 75
855 208
526 1
1078 55
120 43
280 55
954 73
1276 52
292 67
103 57
1277 35
1278 107
786 13
859 221
678 208
950 159
419 50
598 17
215 52
1279 1
685 117
179 208
1209 148
336 21
302 73
174 165
313 17
243 154
690 83
260 159
393 50
1280 236
1142 246
607 47
195 17
1281 25
96 253
118 52
1282 241
338 41
1283 13
295 241
38 50
1284 9
76 100
1285 187
781 165
1078 39
350 17
110 128
1286 154
140 92
369 47
969 63
430 80
923 50
923 454
1229 119
427 185
355 221
188 83
619 172
1287 125
1081 125
1107 185
601 172
702 156
91 65
175 75
913 11
829 152
915 78
163 1
737 27
1288 148
999 119
1206 23
34 11
66 156
1289 107
1290 107
392 83
464 154
176 75
572 13
602 50
677 454
243 80
406 187
1116 95
392 32
1291 148
437 21
136 148
798 95
560 9
1292 23
120 52
658 9
1178 327
262 117
829 1
1293 148
982 148
885 327
903 134
1058 131
30 35
1160 21
882 23
1294 221
145 35
455 43
453 134
1295 43
1296 131
106 187
1297 253
595 5
825 185
404 25
1298 39
1299 165
1300 47
195 32
1301 19
522 185
1302 185
1303 208
981 293
937 52
1304 327
746 55
1305 454
1306 7
464 100
251 37
817 7
1307 65
1308 159
607 35
228 187
363 61
1309 327
676 13
1159 246
133 236
215 37
118 187
1135 117
249 41
432 148
1310 19
539 63
646 73
689 55
649 253
470 100
906 23
662 454
1281 185
933 35
1311 208
174 95
1312 39
366 156
359 73
136 67
1180 172
1313 86
866 185
93 86
59 172
1025 78
1314 131
1315 125
188 236
485 125
472 86
1316 65
970 128
1317 86
1246 208
472 236
578 39
1318 41
48 52
227 21
1319 159
224 3
537 88
446 208
1320 86
1321 19
1322 241
729 172
1195 83
272 27
68 241
227 5
0 5
686 246
649 100
617 15
1323 152
76 80
1125 17
509 52
632 3
1118 19
191 52
413 23
621 165
1324 156
798 78
1325 236
176 5
1306 1
79 71
1326 35
620 246
668 134
1327 92
532 125
1152 43
829 13
1328 454
108 221
901 185
294 13
239 92
1159 107
158 9
419 65
1329 21
817 5
925 41
595 100
1330 154
1331 131
1332 165
66 35
1333 125
1334 41
108 148
306 172
113 125
442 221
765 50
1335 454
815 107
1336 100
310 107
357 13
829 19
1337 241
1338 152
54 454
1321 15
501 65
66 39
91 185
717 73
349 80
271 246
621 13
1339 165
1050 119
765 125
189 5
914 100
123 5
170 208
1340 92
1341 37
90 236
110 39
392 25
578 52
1010 293
1342 236
1343 52
658 13
381 148
910 165
244 1
227 100
54 134
1248 95
865 55
358 327
658 25
1070 25
1344 185
855 187
42 25
1345 134
664 156
908 154
410 156
618 47
1346 61
326 71
1347 246
108 52
1069 88
984 50
320 19
180 41
770 131
1141 131
871 21
664 134
798 71
418 67
1348 293
1116 165
1238 78
1172 35
702 86
249 172
436 5
180 185
218 23
866 92
1349 156
891 293
1350 47
259 13
1351 165
614 128
605 208
630 55
145 67
38 83
1282 134
463 39
937 148
1050 75
101 63
1352 23
1110 19
358 47
1353 236
96 134
1354 253
160 159
38 454
791 134
358 187
168 117
93 15
1355 7
491 39
1356 11
437 5
364 88
998 454
1280 117
751 67
404 47
1357 32
306 152
1358 134
702 73
413 9
677 327
1359 454
588 39
1218 148
397 454
449 3
138 71
215 15
364 125
584 15
937 9
401 43
998 100
1036 293
180 172
269 172
464 156
748 3
915 3
437 9
1239 39
1149 73
89 246
215 159
1360 65
378 241
286 52
450 80
302 253
252 119
1339 32
541 50
146 454
477 7
350 165
550 80
93 21
973 3
501 172
1361 185
272 134
1077 80
1362 21
905 246
1363 43
176 246
174 57
249 17
1364 71
598 37
1365 65
419 241
558 19
1248 241
228 43
550 95
527 454
1366 246
1367 159
892 117
1252 125
183 52
465 80
0 21
1368 57
1369 83
1370 241
545 19
943 27
1369 92
106 61
412 117
276 172
1371 246
496 55
906 246
540 13
177 156
832 246
231 3
933 50
143 73
1204 78
1081 185
329 152
1372 61
1366 253
1373 27
625 80
1219 125
1309 25
197 61
1374 35
34 43
192 221
899 187
1182 187
1375 23
900 41
40 119
1376 55
808 19
139 23
267 15
522 23
410 236
673 19
48 246
584 3
1252 134
1377 152
966 3
130 3
108 57
1378 32
798 131
76 95
340 41
738 117
404 23
1379 236
1338 25
450 125
701 236
815 9
550 148
473 78
250 25
311 57
196 187
1303 107
664 65
1319 156
512 246
1380 50
1381 92
664 25
939 32
704 35
395 15
144 119
1382 83
520 13
1026 37
1383 13
923 39
984 208
409 134
432 152
1384 39
798 88
137 148
1368 7
1385 107
1386 159
503 80
114 236
1387 148
989 86
1388 1
281 63
801 221
1352 37
1169 172
1332 50
409 185
379 65
511 159
79 78
658 7
1389 75
1390 119
89 236
1391 75
421 19
493 327
1392 47
1393 241
400 88
1317 3
1394 80
580 154
703 7
664 73
1109 187
1043 27
114 119
1395 73
690 5
832 148
527 50
1396 185
1397 88
409 32
176 154
855 327
734 1
272 73
1005 61
1170 55
937 221
1361 454
18 41
1398 19
106 21
793 148
980 21
1399 55
1350 185
518 134
438 236
367 83
1400 55
311 11
564 39
1064 119
59 454
310 152
320 50
121 92
1253 35
1018 156
1401 37
295 100
389 253
1402 47
528 293
1403 119
288 185
1404 253
1307 156
1405 92
91 47
1406 83
587 65
363 39
1407 327
410 41
462 5
880 5
402 253
480 32
1408 107
634 32
432 63
504 125
878 9
1409 1
1410 43
1411 100
1412 236
1413 172
1414 78
1415 78
1416 19
1417 221
1323 25
1418 63
1419 253
120 73
1027 67
358 35
817 154
270 23
249 159
416 107
449 67
427 35
401 95
227 15
194 154
68 131
834 71
231 117
636 19
1035 148
1017 236
198 47
556 236
874 128
1420 125
1421 125
1208 134
571 39
192 148
734 37
1422 159
665 35
195 65
438 57
106 5
1423 131
116 41
1424 83
1376 73
923 185
1425 246
211 63
261 13
1426 55
1427 65
407 9
1428 154
197 3
270 19
1429 208
192 75
1090 7
849 236
971 131
1150 5
1149 117
1430 293
1431 156
0 128
1033 107
1031 148
613 7
1432 156
1433 78
895 165
227 154
264 246
426 19
728 32
1434 61
1435 21
1050 454
352 57
792 86
861 39
1099 23
798 47
257 327
413 52
478 57
288 50
168 3
1436 152
758 327
871 27
1286 293
488 47
566 208
142 23
809 172
915 9
613 27
370 13
1364 119
1248 27
1388 65
509 156
933 100
785 35
359 253
1437 125
1438 5
819 131
1412 23
661 253
1164 41
1137 86
1323 47
401 21
226 52
176 35
1322 27
1079 11
1439 63
81 23
1440 11
1441 221
775 172
1241 1
90 35
262 41
444 21
492 156
292 75
85 15
748 253
1014 55
884 67
409 86
1442 125
210 293
851 73
42 86
267 454
1443 107
252 27
103 92
1406 152
575 75
46 119
1444 37
450 327
320 165
883 187
607 11
1445 37
137 57
410 208
226 17
68 154
468 80
194 187
12 23
748 47
802 95
1385 61
427 75
1446 71
527 19
445 208
338 13
1135 35
1447 17
1330 43
6 57
690 100
445 37
397 19
1406 92
1448 57
273 152
1449 78
1450 75
636 61
401 154
583 17
359 1
310 65
288 159
103 154
386 73
222 27
198 107
118 327
180 156
114 92
865 83
965 41
289 148
1326 221
473 165
394 67
1285 65
613 35
1071 32
1451 241
1452 11
1453 454
971 88
890 236
2 117
228 1
623 9
679 17
1454 3
455 19
1123 75
1455 55
1456 3
235 119
1268 50
493 11
210 128
326 73
654 5
1123 21
632 47
329 95
1457 52
1458 107
220 71
505 88
301 208
1459 187
1221 9
359 65
1173 71
465 55
1460 80
445 241
1461 3
10 67
269 78
183 208
824 25
1462 41
578 32
307 50
1463 35
176 107
1123 32
962 9
1004 23
353 32
304 52
522 86
419 125
650 27
1198 25
133 185
244 61
365 9
643 52
673 15
398 65
612 100
268 19
18 165
396 246
28 107
1464 156
1465 1
1466 47
1467 454
199 125
639 1
400 52
1468 117
135 75
243 21
1263 50
648 156
812 3
1469 241
1278 19
1470 27
1143 57
913 117
1227 152
765 63
189 78
194 61
184 80
242 187
143 7
1471 78
726 154
97 185
1166 57
941 55
137 125
415 293
1472 246
1387 253
413 71
488 119
26 454
620 117
1473 172
915 95
126 7
1359 25
1474 107
1475 187
345 19
1366 19
1142 293
1238 80
196 27
175 39
391 165
1476 253
85 88
621 152
465 39
958 208
1477 37
646 71
604 32
691 148
971 241
1478 71
900 88
310 19
1479 47
624 83
1480 78
174 71
143 9
281 27
1481 208
1290 246
639 65
1482 55
220 148
72 65
683 107
765 86
1483 61
1373 25
473 19
1320 131
1324 11
1484 172
1127 100
447 293
264 43
1485 23
735 43
885 13
111 134
1486 65
356 27
378 159
194 71
583 37
702 17
42 5
1487 100
455 25
522 7
858 15
1488 73
324 3
1298 57
1489 293
382 78
468 95
808 61
1490 67
793 125
204 21
1491 32
849 27
1305 241
170 11
89 100
401 78
472 128
1492 11
2 21
1493 83
1163 454
720 32
1494 35
407 148
1495 221
919 32
509 7
437 63
1496 37
463 75
838 71
1497 221
266 71
137 50
602 73
1406 32
101 43
529 39
1288 92
673 37
851 17
1498 39
1309 152
1044 154
326 61
151 11
861 15
242 21
1238 27
1499 119
345 156
509 9
432 13
155 63
220 32
421 75
528 52
4 119
466 165
860 1
1482 117
1156 1
1500 128
1419 107
329 13
533 57
718 221
1501 154
1468 35
1502 75
405 21
1159 35
51 134
504 208
888 21
910 125
1503 65
1504 50
1395 37
670 21
76 71
1147 159
320 221
881 39
920 92
570 125
793 221
44 37
1096 241
256 253
1334 221
518 236
101 9
404 119
106 327
813 454
266 454
1096 17
1231 27
217 13
426 63
1248 71
1264 165
1505 47
1497 35
636 13
637 154
142 131
1346 80
1506 63
205 61
915 61
269 27
546 52
1507 71
1152 17
1508 21
512 148
924 107
649 17
503 71
1509 78
676 152
265 57
1369 208
195 83
1351 43
1160 65
1510 187
14 221
737 35
211 152
575 128
198 148
267 1
448 55
66 241
621 57
433 83
1328 152
464 172
518 67
376 19
1128 39
993 154
1270 454
1511 41
1512 61
612 5
1513 9
198 57
1217 86
124 52
774 57
1514 15
1171 119
118 208
610 23
1441 13
487 35
1022 100
937 43
470 61
1515 156
1214 57
108 293
275 7
849 50
578 41
397 32
2 100
68 35
536 172
1430 3
1169 11
1516 52
1517 241
249 131
527 125
664 23
234 454
1518 17
110 1
1104 43
1519 25
256 134
1518 3
1520 131
345 92
1521 88
1489 131
471 95
1522 75
865 241
363 35
184 23
1523 25
395 253
509 293
49 454
817 83
570 148
1375 117
1524 55
648 78
509 236
657 63
257 117
373 119
8 25
1380 293
1122 154
1287 100
419 148
120 253
472 185
632 327
1059 253
1384 172
261 37
520 100
1525 148
1526 5
1527 17
1513 15
1528 148
630 25
228 25
1340 83
1529 5
810 148
1530 71
384 119
849 78
851 327
512 83
344 154
966 187
1255 241
91 119
224 187
214 19
1011 11
1531 152
602 3
1159 65
1478 236
1052 154
20 37
1394 148
1532 15
701 3
644 5
504 148
89 92
30 67
1533 152
1534 21
1535 47
748 1
1145 3
345 152
409 236
1536 7
386 134
950 37
703 148
211 7
210 25
84 172
964 35
1537 43
363 187
1115 27
1482 221
644 71
521 88
445 159
1359 52
1538 246
109 131
1049 92
746 83
34 119
1539 67
324 23
653 454
767 23
1036 154
726 43
1185 7
229 65
564 454
528 117
49 148
784 148
683 11
144 65
528 253
1540 9
242 107
1541 61
829 75
468 57
267 88
1542 5
229 148
46 327
660 47
1103 327
1314 86
1142 241
708 21
923 32
503 63
1439 159
85 131
53 78
249 253
218 11
329 63
715 107
1377 241
604 55
53 159
588 88
336 5
112 128
933 11
595 3
501 78
379 63
1543 165
1544 3
686 35
284 25
966 95
581 65
189 95
274 25
664 236
431 134
501 71
473 35
1545 80
1165 293
34 246
266 165
1035 19
370 73
1068 154
872 67
51 55
1546 92
503 165
680 236
91 73
703 43
81 37
180 293
336 1
1187 221
850 23
350 65
30 13
91 156
604 107
496 71
325 75
1050 55
189 454
114 86
923 221
109 61
54 67
213 128
966 11
285 73
1547 35
455 39
468 119
97 73
376 88
445 172
1352 73
376 15
255 43
1477 221
426 172
216 241
354 165
1207 9
1314 293
1038 148
584 88
1130 35
345 236
573 25
1548 71
1517 88
499 83
1549 67
278 83
787 172
101 221
658 23
1514 246
724 25
463 1
1096 19
370 185
1550 172
1232 156
183 187
702 159
493 3
509 92
392 23
358 1
602 134
228 75
894 55
465 41
1551 134
906 11
598 9
1512 208
368 172
421 11
1408 80
1522 154
1159 67
564 25
1277 23
512 55
215 88
759 125
1552 454
1553 221
493 67
194 27
528 327
404 128
1554 165
911 117
583 50
211 9
1555 1
1556 165
289 221
106 154
401 100
1557 67
528 187
1558 71
123 23
1150 71
145 241
1559 65
906 67
1560 25
368 208
945 159
972 172
512 221
1455 37
419 134
1561 3
1307 172
1434 9
1562 131
110 47
269 41
817 39
1558 119
455 152
607 221
372 131
1563 134
1564 187
955 25
363 454
218 9
910 63
658 152
1336 134
1433 187
570 50
473 152
1562 50
259 71
369 454
227 25
121 236
113 148
1506 156
892 3
570 57
601 27
1096 35
1091 19
1470 134
1425 61
748 117
1470 52
765 92
1300 185
1456 293
872 107
258 80
1508 65
1176 61
1023 71
973 75
373 100
1565 50
1247 187
1050 47
1502 32
957 236
267 159
1167 71
1393 47
137 221
262 25
341 27
189 154
6 21
393 125
473 63
108 125
708 159
1566 57
877 7
709 134
199 156
736 454
24 23
788 159
689 32
1376 236
1074 185
1527 165
1105 73
1545 83
677 63
389 50
923 125
1540 19
262 52
301 88
381 107
905 253
885 63
860 134
1361 152
267 131
1257 23
289 57
656 208
229 75
849 71
109 187
1567 21
427 47
568 221
423 86
1349 1
497 39
197 88
714 39
855 61
874 246
1072 52
428 134
1568 83
1360 11
215 41
389 86
995 65
465 78
378 221
861 55
412 131
543 92
336 75
1054 172
1456 154
557 19
53 148
677 19
85 1
1161 128
1231 241
1559 57
114 1
1569 57
860 246
1279 7
338 253
632 119
1515 159
398 11
109 159
79 15
734 25
1401 221
380 3
89 107
1570 92
251 159
1571 92
345 154
167 185
1393 88
1450 50
1417 119
445 41
432 57
860 11
686 80
564 23
1194 134
1306 21
1082 88
602 117
1171 73
570 39
927 47
1172 117
247 148
1572 88
1573 52
767 21
358 128
492 92
1050 39
1574 9
1451 25
386 65
909 41
855 41
1433 39
231 37
520 50
737 241
196 117
1392 27
849 92
488 63
93 159
180 208
1173 13
400 293
1575 80
841 187
127 80
1576 327
1276 134
630 83
244 39
866 236
1545 253
1577 63
871 92
244 117
1113 50
209 152
887 246
263 246
191 293
1042 65
1421 88
984 52
49 125
640 35
1351 3
53 88
743 185
921 19
683 246
444 134
1578 13
826 73
1579 80
689 39
829 39
210 75
1580 172
1581 152
1068 50
60 92
1582 5
602 57
62 57
631 125
681 95
220 83
705 107
1398 246
1508 156
562 9
1583 454
1062 15
410 86
1199 17
1372 148
1584 15
354 185
1511 55
1585 61
508 3
184 25
359 9
1137 156
1210 63
186 7
1181 71
1586 3
179 15
1587 52
329 65
827 172
108 50
1284 208
1588 86
761 39
727 9
1576 454
1589 15
1590 75
349 35
1591 57
1592 327
189 83
838 37
1096 246
301 41
1593 50
218 156
140 172
1398 80
574 39
613 71
269 50
1106 21
1536 187
1069 52
1378 86
140 156
46 75
504 293
1401 55
658 63
872 5
643 236
445 293
168 73
1594 37
589 43
20 131
1123 83
1595 27
1454 43
422 25
649 78
860 119
141 236
1123 5
1123 119
338 172
618 185
1216 21
432 3
1350 241
1596 71
506 134
913 61
1597 454
698 172
113 50
905 65
488 1
179 71
1570 83
10 35
303 1
54 83
1598 37
1599 9
1600 41
966 71
144 15
1601 61
151 9
860 241
1405 128
503 41
349 67
269 208
1602 125
1603 293
518 241
689 454
950 246
1604 95
876 128
621 125
703 57
892 236
250 100
180 246
683 154
155 19
474 246
1605 67
1440 159
281 5
1039 13
904 37
865 454
425 327
1039 41
766 128
1385 208
378 15
48 67
1606 71
1607 125
1234 67
53 221
1531 241
151 13
1441 35
427 92
422 7
421 1
227 43
1588 154
473 11
595 92
1608 3
1532 107
853 253
373 154
465 293
444 221
1148 131
1609 3
614 83
828 71
275 5
502 246
153 75
1096 152
966 241
1610 43
340 1
800 25
789 78
937 23
369 83
864 67
1078 454
1229 236
437 154
135 159
597 50
18 246
950 15
1592 134
330 17
866 83
106 125
1196 57
427 246
1479 134
1611 134
359 43
636 327
610 454
1612 3
1500 83
33 221
683 63
114 156
575 187
520 165
515 83
1465 7
1502 165
271 78
1333 327
310 63
985 25
10 128
249 134
323 185
340 75
1334 117
1563 152
604 134
229 50
271 71
1613 43
1560 125
51 293
231 327
251 131
257 27
369 119
1137 25
389 125
226 73
1246 83
231 5
1614 80
488 19
64 187
182 107
732 221
1215 86
927 1
422 128
191 172
1615 73
1220 11
1042 39
263 80
645 165
1616 125
82 253
1132 128
865 67
372 52
1442 152
667 80
166 43
1617 172
581 208
137 17
1543 75
527 13
412 32
1178 134
393 52
1137 3
1618 17
1480 63
773 11
334 156
665 50
1611 185
256 21
426 52
598 43
1094 13
421 67
270 86
54 73
195 131
358 61
1601 148
252 80
1078 187
76 78
1438 41
348 15
913 3
612 131
1602 25
464 92
1390 236
1310 15
467 134
318 25
803 454
329 134
944 95
501 208
46 61
1399 73
610 172
354 117
1600 37
996 11
1619 11
1443 83
373 107
1620 13
257 95
866 454
1621 208
650 159
317 55
59 55
66 11
601 128
1077 83
1083 41
667 9
520 19
1538 61
1003 88
1370 327
866 39
1014 41
1622 125
263 71
46 236
468 78
1623 454
573 17
1624 185
476 43
1529 73
266 152
738 221
734 7
18 293
937 7
349 95
66 86
258 293
524 50
779 37
1625 100
158 88
1040 13
199 148
264 11
1626 125
1213 253
1627 50
144 47
966 35
616 327
466 13
798 128
767 100
373 1
413 7
803 134
1628 241
76 1
1629 15
1142 41
354 327
1473 156
607 241
1512 19
426 61
830 156
570 454
240 125
938 246
220 125
829 119
1313 95
937 293
143 23
1630 125
470 25
602 221
861 88
372 41
1059 128
257 71
1631 78
1632 95
515 148
604 5
79 159
1050 80
410 152
512 50
367 208
1114 75
626 221
300 63
504 221
85 75
1041 17
320 15
1633 27
262 327
512 39
269 221
682 57
1518 43
38 32
930 27
1469 88
1501 43
1248 35
66 32
275 154
607 148
234 221
689 86
1417 13
923 83
846 208
231 131
1634 13
1579 92
1282 27
751 3
971 159
900 3
583 15
1632 50
1133 83
264 23
1583 125
196 78
1418 21
219 100
363 11
24 154
1427 7
1616 241
842 185
778 134
1238 37
1541 80
22 37
1635 78
54 35
462 21
527 55
1628 152
108 327
1294 73
68 88
1472 61
335 293
249 65
1636 23
1207 253
953 57
736 241
585 148
1315 100
531 134
746 39
780 241
1637 9
604 454
1525 9
229 47
1638 221
545 92
96 43
1410 165
8 208
68 107
289 172
378 131
1278 128
419 35
363 327
144 75
1639 95
501 41
825 92
368 187
448 23
1337 125
523 39
574 159
366 119
950 88
366 47
546 47
562 80
872 39
734 128
114 128
1238 159
1536 11
927 37
866 95
1418 78
1005 9
1211 454
1640 78
885 19
708 88
746 221
658 61
1547 71
135 37
1050 27
828 73
1631 11
1146 159
1641 73
588 454
683 67
1642 32
97 156
1311 9
1395 119
825 1
981 32
175 185
1221 92
320 37
426 152
370 156
458 221
539 27
30 327
677 165
464 107
1426 5
1643 236
42 154
1437 152
53 27
1177 15
227 9
1468 236
588 37
340 52
233 134
1644 1
1249 78
1159 241
865 63
668 27
258 27
575 61
1389 293
444 17
374 80
625 92
807 88
350 253
147 61
231 107
143 43
413 172
174 148
635 27
74 3
1645 92
270 13
201 293
667 25
176 1
234 55
302 131
1646 134
1573 100
1647 57
1193 1
457 25
445 15
1101 88
816 100
683 241
188 39
802 165
821 43
837 57
1632 131
595 117
1142 78
120 293
1241 63
585 253
690 55
1410 17
1648 71
155 185
369 73
686 27
1476 148
1147 78
2 17
1649 119
386 17
905 134
10 172
1107 152
188 55
198 125
488 43
1022 52
906 9
1650 3
885 1
68 246
695 293
189 80
120 7
573 9
372 23
547 47
1097 21
1567 63
1459 65
522 236
930 52
413 27
574 37
466 63
38 75
175 156
620 35
971 11
1184 67
708 100
345 63
1336 327
1312 187
619 57
1435 7
1156 78
113 57
620 241
114 75
683 5
877 78
1651 13
721 75
1652 128
1297 19
676 131
220 95
818 156
211 80
639 63
1242 117
1505 152
383 119
141 55
1123 1
892 185
948 100
1653 52
1654 154
269 52
1610 95
1365 187
668 17
455 13
450 27
296 134
1655 154
1566 1
472 47
1384 187
500 7
412 37
389 221
581 21
106 100
1656 293
737 95
379 165
256 65
258 100
422 119
1321 92
1310 148
1657 187
135 15
1048 152
632 117
316 50
676 15
429 37
470 187
1590 95
743 236
1093 23
243 37
937 25
1654 17
1649 55
1658 156
886 83
1560 100
183 172
1493 92
1238 71
358 117
411 119
1619 159
1136 17
459 236
941 35
613 95
1605 75
951 75
1408 19
1266 131
1261 39
372 15
1646 100
770 159
888 78
598 73
933 125
386 253
686 67
242 154
345 100
1659 131
744 32
1547 41
857 41
727 253
53 131
1007 86
1624 100
386 57
825 21
103 107
1186 57
872 55
184 43
488 75
1367 172
1660 37
855 52
1292 5
1661 100
1535 88
1662 88
1096 73
967 5
1663 88
972 41
1519 100
252 65
610 7
177 236
96 5
668 78
1644 65
1421 185
1664 128
1580 21
861 9
1166 172
197 78
412 159
520 152
196 185
191 253
1424 107
1406 39
1403 37
851 61
1050 71
445 246
851 187
849 86
519 57
1665 131
110 23
682 21
320 125
754 55
1492 1
0 75
581 134
175 32
702 92
309 148
1248 47
266 63
348 88
358 11
1666 52
101 23
1379 73
326 17
45 86
1426 119
291 119
1516 241
113 3
499 41
759 454
358 3
1238 236
644 78
252 75
1667 165
242 327
1668 253
1669 21
300 152
438 86
1066 221
1000 43
613 43
121 25
1582 73
1391 95
34 7
345 86
70 35
1451 454
176 100
229 125
1584 107
735 50
145 32
105 50
1406 236
492 11
513 65
813 52
400 37
1649 13
180 86
228 61
98 65
168 55
102 293
935 27
1670 83
860 75
1405 83
905 117
689 83
220 454
1650 17
1671 27
263 55
1672 253
339 9
1546 128
175 83
1190 15
1673 39
2 107
1520 95
817 23
767 9
1037 21
110 55
746 454
693 19
1287 152
636 21
1123 55
972 13
1473 1
958 9
231 21
878 128
1674 67
829 128
630 134
190 95
215 131
746 9
1550 65
51 172
1464 159
701 454
1673 63
162 57
519 65
922 7
260 21
89 185
677 3
1659 86
784 208
1524 37
2 73
151 7
788 187
715 9
1675 32
905 3
913 241
392 55
219 185
230 128
573 187
1529 23
1577 57
406 172
518 185
409 92
507 21
708 454
1676 25
224 92
101 165
1415 63
780 47
689 236
937 208
1291 208
581 17
971 83
1613 75
455 83
1475 156
1205 185
1195 208
210 47
598 23
1240 50
985 454
831 67
991 100
306 165
76 47
686 95
634 67
1269 7
574 131
404 43
354 187
1619 21
437 7
338 134
294 35
1652 208
767 25
380 75
199 47
575 3
1677 131
87 25
173 23
1678 128
229 253
793 253
892 86
610 52
1635 63
1365 21
409 65
690 187
262 9
368 117
1679 55
814 95
1561 131
1680 35
820 88
34 241
978 88
72 327
1681 71
135 88
1517 152
1467 88
817 25
493 117
1155 95
239 185
896 11
359 128
644 154
499 172
1078 117
1159 100
862 131
1682 3
511 156
696 65
1457 47
225 67
1612 75
744 3
1191 73
1051 63
51 253
473 71
1237 131
465 83
937 41
872 11
1571 61
389 73
552 47
492 35
1179 327
1063 23
1129 25
397 21
485 27
621 52
1683 159
673 159
1371 148
66 236
590 61
14 128
59 39
1023 73
197 117
1643 55
197 187
1256 55
1399 37
375 128
997 57
301 152
1390 73
906 41
688 236
1528 107
1273 80
1684 52
184 71
843 327
1078 80
1569 65
701 185
464 236
915 71
359 7
1120 47
1065 86
108 61
1233 165
1467 100
481 246
140 208
455 454
900 52
1030 71
1539 17
677 32
470 154
1444 236
1664 15
667 17
793 17
1651 35
251 61
176 241
1295 67
329 253
1685 253
720 50
1224 35
701 61
375 92
1572 134
940 37
198 128
1686 67
776 13
855 117
132 172
460 17
1669 172
548 17
632 128
598 65
854 65
621 293
237 208
666 128
111 25
1687 35
400 1
1688 50
151 25
716 119
1251 134
255 1
596 65
393 159
215 100
665 241
289 208
359 134
649 107
192 50
1133 148
1248 67
183 100
1689 253
79 95
971 246
748 128
1491 17
267 39
226 246
111 17
272 32
578 107
1076 92
226 65
872 83
863 32
697 78
495 187
613 78
1690 327
110 25
72 63
602 17
379 73
422 75
1123 128
437 23
1159 17
403 75
1202 55
1375 71
865 11
323 454
1294 5
639 47
366 23
892 61
1053 154
249 15
845 253
275 50
372 208
249 52
1000 165
175 454
211 19
1691 95
1463 41
1479 88
683 152
743 92
1692 134
905 11
1693 41
869 17
1608 165
677 39
797 78
1256 5
445 88
288 125
158 37
340 185
46 3
396 107
1123 39
1694 148
386 19
1682 95
143 253
1665 32
234 32
1658 78
136 27
1185 39
1667 95
1595 327
1695 43
1636 5
1320 32
857 35
1696 61
1046 128
1676 52
1667 3
1158 7
994 100
91 134
273 100
1697 73
1084 5
310 5
501 52
386 125
822 25
522 156
906 25
490 185
462 3
1154 5
643 125
158 148
910 246
1358 47
64 156
1197 92
564 32
825 236
940 236
438 221
1357 50
46 187
1481 246
1021 152
872 21
142 246
1187 13
649 65
1486 39
952 63
1123 154
1698 100
872 35
231 154
1177 61
24 246
468 50
401 9
121 156
285 35
145 1
301 131
289 125
765 148
1568 15
926 187
1606 37
10 241
1551 52
1143 21
1424 15
1506 7
1699 3
239 15
1700 67
1181 35
563 83
520 57
1701 63
1048 52
336 13
601 41
18 208
1593 32
1647 159
308 80
255 23
244 32
96 154
1137 61
606 63
1340 61
1457 125
1264 131
226 67
1341 73
667 95
14 37
1062 80
945 11
387 152
8 63
1702 80
1001 172
644 221
49 134
379 17
1642 86
574 63
1134 80
746 148
106 57
728 95
460 3
309 61
538 172
905 187
1573 88
470 3
1703 154
429 117
750 7
348 134
933 21
1691 50
376 131
851 185
490 47
533 65
707 165
227 37
1123 107
324 43
1201 80
686 11
493 208
89 67
397 39
1704 63
581 293
969 187
464 41
1453 100
1471 21
463 172
261 152
174 63
1153 9
322 131
1289 19
1564 156
106 50
1705 80
103 5
103 21
1704 187
1706 208
522 37
979 125
913 35
873 7
202 125
691 9
1272 208
979 241
382 65
779 221
286 32
1462 117
1617 21
668 253
1248 11
379 13
1575 208
433 61
354 236
1707 35
590 128
910 50
984 107
326 80
889 11
817 454
772 88
464 293
158 125
145 83
1209 9
503 52
750 78
1006 92
366 185
48 100
1521 241
72 3
1708 37
1228 246
1709 131
262 172
194 327
1521 185
687 41
127 92
1397 327
1501 165
270 156
136 71
610 83
960 1
918 246
72 165
900 37
51 41
1710 43
601 75
76 5
1301 148
213 15
794 15
210 41
288 148
937 57
242 100
786 117
218 246
629 128
111 253
665 61
975 37
207 253
1483 9
1137 23
1537 75
866 80
639 73
153 32
1711 73
1712 23
1262 5
263 454
101 148
470 5
996 156
1566 187
400 15
255 71
971 37
133 52
1442 25
359 75
1249 57
642 92
266 27
239 88
1064 35
1653 27
1331 293
612 148
560 148
155 86
297 88
503 95
145 128
527 221
51 83
1713 156
1202 13
1714 11
1458 253
1604 75
980 7
275 107
1539 95
1701 11
48 41
1251 47
372 159
1665 293
1272 15
836 41
737 21
610 39
383 71
51 39
1253 119
534 148
676 159
1406 454
578 154
1640 187
658 327
183 107
892 67
1254 37
1157 253
578 172
249 293
1672 107
1080 246
1503 159
787 21
1165 3
1692 27
1142 71
1485 41
310 17
258 52
89 86
229 119
262 3
872 246
565 221
255 25
68 37
488 7
243 78
240 52
334 1
995 63
938 253
1715 165
1159 11
928 159
1716 9
581 107
195 253
275 23
349 1717
811 119
1220 7
1718 221
1719 128
630 454
1308 21
18 67
1045 39
767 5
541 165
257 152
479 134
678 19
1588 50
363 67
1720 55
376 3
845 61
354 86
587 7
1168 43
109 327
743 148
220 80
432 327
573 61
1666 125
522 25
136 246
825 119
1460 9
892 11
111 9
256 107
1678 19
1713 159
203 15
503 27
1078 61
612 37
1281 47
539 71
288 15
527 165
455 55
499 39
1232 39
1119 293
474 107
1159 134
468 27
389 134
114 47
861 131
1675 154
695 3
1273 15
168 327
265 11
301 52
876 246
1710 67
1721 21
1250 50
871 71
1722 27
708 39
230 15
1697 119
702 253
1620 117
1720 117
1723 241
595 86
1316 11
279 75
1461 131
504 57
1724 86
711 246
137 65
1690 185
732 236
1655 50
404 21
1085 327
571 11
632 148
196 71
181 185
1007 43
227 107
355 236
906 7
840 107
1725 454
849 148
1102 65
1722 100
1603 75
1726 154
1211 100
26 25
1727 246
824 47
1045 1
421 13
632 1
437 25
194 78
1706 246
427 1
668 95
1621 83
1702 128
136 95
427 241
584 61
933 241
370 63
769 88
493 241
188 86
450 148
1618 95
183 327
974 9
612 15
274 32
1511 73
1040 236
1728 67
462 107
578 5
906 35
28 83
609 11
676 7
109 88
229 73
613 246
871 95
199 92
97 27
1125 95
961 165
34 1
1324 65
570 83
244 187
251 88
314 5
93 92
330 3
1726 293
933 107
420 65
1578 35
239 293
228 327
765 185
1248 246
892 187
1132 80
1112 253
111 7
199 86
368 293
345 107
573 23
1615 221
1106 57
261 63
1655 131
197 71
301 165
1302 100
800 27
1055 88
245 128
42 92
158 131
1705 83
734 43
961 131
798 27
463 52
1283 23
493 172
120 41
89 154
1124 454
649 71
564 83
1729 293
1370 454
1730 55
437 19
1621 253
466 19
1696 246
1096 165
1605 95
584 25
1299 67
1642 154
518 65
290 3
379 253
1257 41
971 454
317 71
244 327
1230 11
1689 61
1731 95
166 75
1641 13
501 73
24 11
338 65
1164 119
866 71
1236 185
473 95
281 165
707 32
579 241
422 125
891 32
220 27
1236 25
1516 134
462 61
588 27
300 236
687 119
242 119
254 39
42 156
177 159
916 13
1534 187
932 95
158 15
1565 32
1678 246
231 15
1690 52
1392 100
1688 131
673 131
358 246
0 65
397 5
723 241
584 327
621 41
108 208
676 25
450 61
30 152
1729 32
1730 119
97 80
1657 39
16 32
1732 154
701 32
1610 165
1497 236
1666 100
1223 41
1126 92
489 107
1626 185
1114 165
509 43
568 119
463 41
897 67
1487 27
1699 154
1213 19
255 47
455 165
866 78
410 63
1111 293
444 57
907 7
91 75
243 5
610 293
853 19
1076 246
177 37
1189 19
793 57
349 78
966 61
358 67
1733 95
1714 187
1191 221
1381 15
472 27
908 67
951 17
252 71
1100 327
1507 221
825 128
809 21
630 253
142 15
121 43
361 83
430 92
1478 55
861 32
404 9
1345 125
615 52
892 246
1639 50
690 3
1335 327
708 83
793 65
274 78
790 23
1117 37
650 131
517 185
860 65
1683 172
512 57
255 128
667 253
363 3
621 172
1428 32
174 50
676 63
102 43
1650 165
1627 32
1464 7
1552 27
1734 293
639 17
617 61
1046 92
549 327
1504 75
1735 9
1126 80
551 43
1505 241
613 23
1736 154
329 19
445 131
972 63
481 80
522 43
1260 236
261 15
336 152
1491 43
504 47
1723 134
770 37
1284 128
676 9
717 23
195 454
1402 185
690 117
229 57
910 35
48 11
393 148
1406 55
49 57
264 9
1423 17
305 152
331 128
725 117
1648 41
370 253
1530 41
561 78
324 221
394 86
598 25
520 125
1582 35
1603 95
1400 71
324 125
324 57
118 172
513 1
514 236
133 293
872 100
363 32
255 9
1737 19
1381 9
233 88
595 107
239 37
887 107
539 128
419 73
900 327
342 156
91 86
871 236
561 39
915 7
89 11
462 100
1406 19
1243 13
867 27
1738 221
384 35
1218 253
1279 63
229 1
612 57
1140 159
140 52
468 125
1415 39
286 92
1739 241
354 156
1349 187
300 86
320 131
272 71
578 21
964 37
836 71
1412 13
901 52
1689 128
921 80
79 37
702 15
639 128
705 80
1643 37
1308 1
271 253
1096 11
270 185
644 27
1203 7
472 119
413 293
389 185
642 73
630 23
1244 119
1721 7
601 119
1293 128
509 25
923 57
1740 187
570 159
573 3
1184 86
391 95
710 100
188 37
1079 39
1325 119
823 86
844 21
68 21
574 88
621 63
437 152
376 63
685 41
226 172
419 246
392 43
517 47
361 253
368 52
577 327
1354 61
168 17
1109 7
1355 159
1711 117
957 41
1346 208
1677 75
1731 86
1538 15
1215 17
1723 152
499 35
310 100
255 75
1707 55
224 327
604 83
198 221
49 39
1697 35
892 241
499 241
527 152
1123 100
1616 88
400 208
472 92
392 246
1318 73
649 21
710 27
1741 134
1029 86
1315 241
733 63
1634 41
1158 63
1741 125
1212 57
8 19
978 454
468 128
66 92
1658 65
884 3
1341 13
266 19
288 88
1734 131
1742 37
1096 253
1708 41
1245 17
1743 253
976 152
1331 95
1413 7
927 19
111 63
550 50
668 65
1142 35
1744 119
1259 128
207 15
1358 52
1700 17
362 15
673 13
1163 134
173 73
1548 55
410 92
183 5
1606 117
1223 5
538 78
1050 32
644 21
748 75
157 27
1490 3
649 27
1267 327
252 73
599 293
319 55
743 3
1444 119
325 17
410 293
1556 131
348 65
0 253
1406 13
1326 71
1335 52
184 156
574 165
206 27
1082 327
466 208
140 236
426 3
950 156
140 185
503 293
438 185
668 37
386 165
1527 50
950 35
904 5
302 187
1363 17
520 107
1574 253
302 61
658 117
348 17
14 50
372 293
338 63
501 253
1558 23
4 221
1484 1
569 100
677 55
823 95
1660 236
850 221
1474 148
939 293
747 86
242 61
1486 78
306 454
1745 246
1703 95
446 9
120 65
746 125
42 21
1742 71
108 41
595 156
1200 15
527 63
674 119
256 17
1222 61
269 57
328 67
540 55
130 17
231 61
690 327
976 88
796 128
1704 1
179 159
1159 253
1193 39
161 125
1296 17
1746 100
432 61
177 15
913 67
261 165
1127 25
553 9
1550 39
197 15
390 185
366 75
1446 236
652 119
699 246
1170 236
1684 185
151 165
643 50
1684 134
950 131
875 253
840 246
1694 83
111 152
702 185
1747 7
902 41
85 156
264 148
468 47
849 57
915 27
1378 95
140 41
1748 221
960 11
992 187
170 172
1640 57
1636 35
300 67
1686 86
851 117
1498 172
913 43
669 17
370 134
1145 154
1685 15
503 208
852 65
1038 208
386 50
504 50
22 5
59 208
1339 67
256 73
910 57
1672 92
864 32
199 75
1452 63
1380 43
135 67
575 71
96 25
1460 246
244 83
963 32
551 165
1101 454
1749 19
89 21
860 35
347 221
907 65
1212 156
867 52
573 43
209 185
575 327
711 83
1750 241
1174 63
555 117
488 13
861 7
113 454
1725 27
379 152
664 43
1137 43
851 236
267 37
1718 37
228 47
492 57
465 95
559 27
1162 117
1622 47
1555 21
305 47
315 50
494 35
1509 1
1751 236
289 52
1140 7
767 172
310 253
229 17
659 50
769 25
121 32
639 165
1752 221
283 165
226 134
1635 7
97 17
1234 43
906 293
1718 73
595 327
70 117
1698 47
1225 11
14 57
1406 86
1317 165
393 15
1732 131
340 236
274 39
1596 37
575 95
1753 15
155 80
379 15
601 47
610 55
1406 185
1675 131
746 7
1548 119
762 236
196 236
20 15
747 75
607 128
1217 154
1104 293
510 152
1681 13
1348 17
1651 236
438 125
826 117
324 7
340 293
270 9
143 17
933 221
668 71
275 125
804 125
1123 454
1557 17
913 25
1356 172
1754 43
199 119
1585 92
235 71
1629 80
676 23
49 73
1329 187
967 55
623 19
655 208
1750 134
324 187
642 107
1348 43
269 293
251 15
749 5
1371 128
1755 172
1254 55
1297 83
927 63
275 21
31 3
581 253
1342 13
210 43
1693 73
360 47
258 5
177 88
535 39
183 21
1396 152
912 165
366 128
193 7
849 156
480 293
863 17
370 17
97 71
237 107
994 134
972 52
1484 159
982 9
1235 27
1630 327
947 187
97 253
155 71
118 1
1756 246
14 119
401 80
1131 61
262 43
136 241
1095 88
482 152
42 23
1703 165
1740 1
861 43
1572 241
1302 241
658 165
1645 107
228 128
1238 185
1477 41
737 100
504 52
656 9
583 253
1432 21
1425 19
583 125
1404 61
444 148
703 23
113 187
179 80
604 154
483 131
174 27
195 39
1574 92
630 32
683 19
110 83
143 25
271 17
1004 55
612 159
149 47
171 78
270 43
1243 119
990 80
1598 41
954 5
1176 246
499 67
1115 241
1159 21
1526 55
793 73
528 134
1092 131
168 32
329 27
1535 454
76 119
155 78
466 293
1409 187
231 88
198 100
251 57
690 107
419 17
133 73
1363 131
455 32
211 78
188 32
226 41
177 131
450 221
1757 83
372 88
696 21
404 107
689 107
224 172
1179 152
218 43
256 88
592 80
1758 67
1759 47
588 15
616 454
1411 52
350 19
1263 86
379 131
1300 327
421 246
121 39
1374 41
427 156
1075 152
643 57
1622 100
1347 9
103 221
368 39
46 128
770 246
1379 221
426 165
1614 208
412 187
136 125
1311 19
170 221
30 11
984 5
703 50
338 17
1623 27
1760 119
378 246
378 148
760 152
272 78
701 83
798 15
1553 71
1093 35
760 125
463 83
737 246
1756 148
419 57
756 454
1708 117
1013 80
470 9
835 119
1072 88
465 52
1523 327
234 50
194 117
110 43
1761 88
239 131
1020 3
1001 78
1720 236
228 117
1404 80
281 71
97 92
120 17
1276 454
1085 152
871 107
959 13
400 159
1423 86
226 293
593 185
1644 156
570 131
942 55
1050 128
1762 208
249 88
1515 1
49 65
1581 47
915 187
812 43
512 35
1599 92
1760 71
622 152
121 454
1058 75
1493 80
1388 159
1436 327
329 73
875 15
339 148
189 21
741 86
211 71
1372 92
272 253
470 107
412 61
588 55
1599 107
1528 246
303 63
444 5
1589 208
1485 117
603 21
1078 3
1624 454
569 134
1679 5
1277 117
336 47
1118 148
573 65
914 327
801 23
604 39
333 185
1686 293
499 32
651 7
97 95
243 159
1685 61
1668 246
301 37
740 25
158 57
992 1
151 35
817 9
1050 83
177 86
348 35
1700 131
38 57
1587 25
950 67
643 156
1105 35
1554 75
1763 172
370 65
314 37
349 86
85 92
1180 78
217 23
610 41
437 107
1355 63
1466 241
301 293
1589 9
1629 246
298 71
1597 25
564 9
354 61
143 65
195 37
933 5
320 88
627 23
676 19
1233 86
689 92
462 67
1091 80
1214 159
426 187
1733 17
1237 32
280 5
392 39
1445 73
588 78
1362 78
400 75
637 67
111 43
321 92
1044 43
636 152
521 25
462 241
572 55
902 35
97 134
825 47
933 57
348 67
1289 92
1137 187
1275 39
1614 128
38 47
188 159
1446 41
613 241
48 21
8 13
10 47
199 1
1742 13
604 100
1099 35
1447 32
520 63
262 61
1764 61
1056 1
30 241
1523 47
539 13
1765 50
1087 52
1533 241
174 80
258 107
1669 187
113 55
170 57
1760 5
1409 159
1580 156
1759 134
692 236
743 57
550 125
1422 57
642 236
1612 86
1060 13
722 293
757 5
550 23
630 43
734 119
993 165
925 236
1755 156
1261 78
242 117
752 95
607 125
528 41
210 172
984 21
426 208
1719 253
1009 9
690 154
1766 134
612 107
151 43
483 43
263 78
1570 253
370 19
256 131
186 39
1197 107
1008 17
1472 9
1010 50
1183 52
366 43
372 7
1749 208
789 187
1549 293
465 71
1620 119
463 119
892 327
570 88
110 454
453 241
1008 50
1259 208
1699 75
855 78
933 67
38 55
829 165
642 65
386 152
306 19
1534 156
906 241
767 154
869 43
782 246
833 47
607 57
1286 75
539 1
466 75
829 83
1625 241
358 75
966 67
1715 50
613 80
1290 128
272 17
274 71
1448 172
1260 117
793 208
79 9
494 13
1709 43
1322 185
764 25
1386 63
871 185
1382 80
262 23
168 65
681 131
641 78
336 128
1142 208
722 86
743 125
1520 86
53 71
1522 67
1767 88
777 67
1117 5
1396 327
226 253
1768 57
1137 327
1769 253
1510 78
51 454
525 5
1416 148
595 236
749 236
701 92
1113 293
1664 61
920 15
228 9
427 236
444 154
956 128
817 43
378 35
550 43
261 156
232 78
397 83
1770 78
1564 159
785 71
1083 35
664 92
860 73
1131 83
1504 95
1199 293
1590 43
404 7
528 172
984 41
865 152
765 221
1400 35
1089 107
856 454
504 41
379 134
1652 19
178 55
962 19
1761 185
1601 208
984 125
146 152
1248 80
1461 95
1283 221
753 117
1741 454
118 61
182 208
93 100
51 32
179 52
301 13
1711 41
1630 185
96 9
1134 15
390 27
972 107
942 221
283 50
359 25
1192 95
858 9
1562 293
486 39
1586 154
825 100
42 7
651 65
263 67
1255 327
574 32
438 50
1598 23
703 134
701 86
860 253
915 25
247 128
1758 50
770 241
14 47
300 19
673 21
354 63
503 78
471 131
1748 23
501 95
1519 152
608 236
892 35
1671 47
918 148
910 148
1075 88
677 117
642 134
1638 117
1712 236
1128 159
275 57
1094 23
470 43
472 78
192 47
258 21
677 13
1743 246
1386 1
1063 41
272 55
1681 119
1496 117
288 92
239 86
1594 5
680 13
1719 148
1738 71
1098 23
1510 65
822 134
594 156
1568 9
1224 221
570 32
1142 80
1762 246
392 9
1727 148
799 172
110 32
950 11
1688 43
189 100
312 208
1151 159
24 67
1524 71
649 134
1248 75
409 39
118 47
1771 55
462 117
1687 13
848 71
829 454
51 73
10 41
1499 55
464 5
664 17
1049 19
135 47
350 63
1137 236
690 61
748 187
450 57
1559 1
135 35
329 78
772 25
743 327
443 107
944 43
392 454
72 17
326 187
775 187
170 35
366 9
766 92
1142 27
432 165
196 80
1759 27
8 52
1190 9
1747 11
564 61
527 32
1747 156
93 88
986 63
371 172
111 19
68 100
1492 63
667 134
704 23
326 78
286 208
1571 246
410 52
1494 55
639 152
354 13
1728 3
825 156
1428 67
928 172
1671 52
1597 47
168 253
1271 52
1705 208
399 65
421 128
492 148
239 236
135 11
419 221
465 32
174 19
677 152
1763 1
847 95
1757 107
1416 107
144 37
132 21
1772 11
1680 119
452 7
1225 57
218 25
1498 78
459 41
620 3
636 107
868 47
465 172
1050 95
435 37
859 119
1646 241
462 35
923 236
1238 88
393 41
660 100
149 88
586 187
1773 61
94 131
374 19
655 92
1767 47
574 13
1129 125
817 107
702 134
161 25
594 63
1670 80
1050 78
851 65
689 185
59 83
1716 253
512 11
1397 100
79 7
263 39
1604 131
966 80
1313 293
575 1
1496 73
1078 32
192 119
414 61
493 61
1298 172
199 57
1383 73
1269 57
871 100
1613 32
1230 39
1494 119
1513 253
1462 55
1687 117
1594 119
245 92
1489 17
222 185
378 37
368 41
218 86
1430 50
59 159
184 236
865 39
620 327
30 63
272 83
197 27
1443 92
1728 131
275 9
582 65
1758 131
277 125
320 63
748 65
1295 17
1015 293
493 35
486 21
410 13
369 17
1137 7
931 15
1733 154
1633 25
1012 75
782 128
1737 15
169 125
1593 86
68 5
286 293
1774 63
673 107
604 17
952 39
1080 92
1533 52
578 100
0 73
1327 208
68 159
168 61
767 208
1362 1
69 50
1662 125
1344 25
133 92
404 1
879 159
752 293
1702 107
409 454
53 125
492 50
667 65
414 107
679 67
1740 39
847 293
771 15
892 156
1487 88
1347 148
1148 165
196 61
1466 454
601 78
30 187
1656 75
108 187
175 128
228 23
737 5
632 57
1584 128
1238 95
224 236
1727 92
927 88
331 208
866 156
180 35
1448 1
48 241
492 236
1345 25
211 95
574 19
432 50
849 95
204 11
444 65
1774 39
1695 32
68 15
421 35
984 154
1226 125
1731 75
1009 246
118 128
1383 55
499 454
1067 156
668 15
418 154
537 47
499 208
350 83
1659 154
1775 11
1124 241
1555 156
936 152
1285 63
564 3
306 63
1434 80
1097 156
799 21
1450 3
1078 327
431 185
1469 100
69 165
1095 327
392 7
1228 19
1453 241
243 100
972 19
1754 154
743 61
329 17
1471 7
1695 95
1258 100
851 92
79 88
142 35
267 55
113 39
653 327
34 47
708 5
288 86
767 41
770 88
966 327
758 47
885 75
1663 152
72 19
927 13
1602 327
686 241
1041 3
1411 134
1111 3
591 50
1266 17
1051 187
642 154
1776 128
683 13
498 1
300 35
583 88
432 187
1270 152
179 27
937 50
239 172
1662 134
765 19
1142 52
421 241
177 187
837 187
1338 185
1595 47
288 131
103 125
601 71
184 95
1028 327
518 17
1774 156
1544 86
1600 13
463 293
1503 78
1368 1
543 15
1238 86
438 92
851 134
484 1
1637 246
1304 134
649 5
108 172
10 1
636 3
1066 119
202 327
790 71
528 73
473 67
791 152
649 80
1459 39
570 37
910 67
215 154
1694 253
366 7
1206 35
144 253
755 71
326 3
937 172
1531 25
639 75
861 454
781 131
607 119
636 165
598 253
183 293
229 128
659 17
924 15
1403 117
1025 65
373 172
596 11
745 67
417 63
1481 107
393 208
1693 5
376 165
379 159
1576 185
422 50
898 454
135 246
326 134
197 80
170 246
184 78
137 253
676 88
674 221
1248 128
1240 3
708 154
1561 86
1353 37
1777 35
138 41
175 92
968 5
434 1
1155 131
129 39
388 75
739 5
1060 5
1514 92
621 208
987 75
1065 43
1732 165
636 154
948 47
706 83
1328 25
1142 172
1318 35
748 327
613 9
665 117
197 159
488 152
473 80
844 39
1751 71
1201 15
1769 9
1772 1
24 7
338 52
673 5
188 88
189 39
326 117
689 156
413 80
913 23
1745 253
1154 37
731 5
583 148
1725 125
581 100
509 185
389 148
1532 92
97 236
644 95
765 165
393 88
145 39
1344 134
950 241
1739 185
664 253
774 11
1303 253
866 55
673 165
708 55
926 65
464 86
422 57
1305 125
201 67
1373 125
1565 17
8 165
1591 172
1778 37
1389 50
306 32
793 293
183 3
1779 119
1753 61
1271 152
184 92
142 37
1061 61
765 13
261 19
701 187
160 57
1188 27
539 78
1047 95
281 21
1615 55
113 83
1637 83
1055 134
821 131
49 83
522 92
604 65
1780 154
1752 55
243 131
851 156
597 43
18 11
897 154
194 3
1073 25
91 128
672 11
773 21
376 37
1713 39
1325 117
1016 208
1541 19
1682 154
730 165
74 165
1495 23
1778 71
915 43
234 21
370 165
1431 1
1407 88
1219 327
275 43
1488 71
175 47
38 1
272 39
85 37
66 185
984 221
256 100
91 1
1088 83
1238 156
85 159
464 21
1752 41
988 5
195 15
1628 100
1769 107
42 9
1377 327
218 67
871 5
574 15
214 61
1712 73
30 61
1438 119
1661 27
642 21
368 327
1189 83
602 61
53 95
1757 253
1200 148
974 80
158 7
701 117
599 165
1141 50
1429 253
950 86
97 78
1090 11
652 117
145 55
743 117
762 35
385 208
189 27
356 454
59 41
641 11
1436 27
703 9
400 119
337 221
829 47
0 100
477 172
180 236
1683 11
251 117
743 187
1387 61
258 41
1248 78
1618 43
200 293
913 327
1465 172
1301 246
890 37
338 208
588 131
927 152
1402 88
1579 19
493 246
855 3
933 154
895 95
1074 52
1238 15
683 100
1730 41
1238 131
443 19
686 78
972 152
18 52
1766 454
719 221
176 119
1174 1
1526 236
671 208
971 55
85 128
1293 80
101 57
353 75
452 11
825 154
510 241
1319 57
1078 27
495 159
768 43
639 13
865 35
1250 75
905 67
142 9
621 50
136 11
242 128
174 78
544 107
1226 152
10 52
734 75
861 159
466 152
1327 246
1427 1
263 27
754 13
1096 67
535 78
328 165
1480 172
1162 37
176 67
113 327
493 293
677 187
114 165
810 208
1413 156
349 185
628 13
14 159
103 148
600 165
1554 95
1767 27
1756 208
663 221
701 156
1414 1
101 25
598 159
1447 86
14 1
422 221
470 327
248 43
270 63
913 7
861 83
191 47
272 80
1663 100
900 208
426 41
885 47
746 32
175 236
1698 88
856 125
1641 71
48 5
1033 15
972 5
312 253
216 454
72 134
393 131
409 55
228 3
1625 27
873 172
638 187
180 11
1242 13
410 165
1779 5
478 172
1445 35
194 5
468 71
683 165
712 253
58 208
348 246
492 246
756 327
373 21
1130 236
274 23
564 7
643 185
135 128
1530 119
1439 11
301 63
1609 32
829 55
466 47
191 73
1078 78
1748 117
271 134
96 100
865 165
668 80
1746 47
1734 67
1674 50
266 32
1738 41
986 159
1634 5
972 293
1092 32
1654 32
793 50
136 78
1488 55
44 73
1735 19
336 19
575 117
927 119
397 107
1587 88
1490 50
575 78
798 159
14 75
436 71
1744 37
263 83
1743 208
1750 185
1235 47
743 156
1567 159
581 5
258 172
302 88
1626 241
825 86
1578 41
254 57
1761 27
676 43
915 23
871 86
368 454
584 117
427 67
1342 55
501 293
300 185
1749 107
54 11
1657 159
885 187
595 154
36 55
699 80
755 119
1454 293
1736 165
1551 125
542 1
512 67
574 55
630 9
607 1
742 55
1057 50
378 50
1737 246
313 95
1770 159
1563 47
1304 241
424 86
516 80
1638 73
135 241
798 80
865 19
1354 208
350 13
183 41
692 13
675 32
1575 107
113 221
615 88
1360 1
1431 7
184 27
644 107
689 5
1736 17
1706 19
745 3
308 9
1394 83
825 5
883 57
310 154
916 73
601 208
584 7
1267 47
1475 57
1542 35
903 125
946 65
150 39
270 7
1500 15
1268 43
300 156
827 21
421 63
1653 454
1781 13
234 100
354 3
783 80
1543 154
104 41
811 37
1458 128
632 61
1188 327
1204 1
387 454
1674 154
484 11
971 35
175 86
1192 67
703 253
586 39
10 246
421 152
464 185
1611 88
101 13
347 13
1710 86
1275 156
889 7
1102 11
1692 152
1374 55
539 47
170 241
184 9
1661 125
972 21
215 293
1753 148
2 154
1715 75
151 23
632 187
583 221
438 9
1021 88
953 11
1056 11
370 92
46 1
1121 221
257 13
1581 88
643 172
48 293
703 25
1382 107
668 131
106 148
983 71
268 208
1765 131
243 88
20 5
255 119
251 125
289 55
145 47
444 107
805 41
676 165
1577 78
76 107
1668 92
1196 65
1549 95
595 185
1777 13
258 78
1157 80
770 152
910 19
144 17
135 1
1765 86
170 125
1391 32
588 32
671 15
700 125
912 75
115 148
1274 100
591 43
1607 52
1677 293
270 92
377 165
1364 37
527 57
179 172
281 95
923 92
266 80
422 148
963 43
1027 131
576 131
369 39
1018 63
915 327
20 154
1696 80
1333 454
746 43
1265 156
1161 80
198 21
1776 253
885 128
737 107
1569 187
1556 67
1356 1
1714 78
686 159
574 152
1011 78
412 39
252 134
1676 152
686 131
1552 241
1449 156
905 61
402 61
1061 83
1455 35
1406 63
719 23
1357 67
1053 32
302 159
798 119
290 32
849 80
1353 221
212 128
226 208
559 125
1721 65
85 47
573 253
412 88
1609 165
1316 159
348 253
1773 148
603 159
299 236
171 1
49 253
8 41
955 52
1153 80
672 156
413 95
528 65
227 7
984 148
1546 208
1216 57
403 131
900 172
576 43
643 208
140 293
1768 7
1483 92
563 15
1631 63
1781 119
601 80
195 88
348 159
239 159
1583 100
354 92
242 1
1312 156
66 246
145 454
205 19
111 165
642 156
1210 39
1186 39
1239 159
275 221
900 159
1592 185
1205 27
1474 80
743 221
1137 117
1121 73
1476 9
518 86
1537 67
642 17
422 43
1754 293
54 246
1407 241
518 35
252 78
1778 236
665 148
644 50
1726 67
373 293
1103 47
522 88
54 32
632 75
1771 41
595 187
120 172
502 253
432 125
1591 65
1724 3
264 125
683 35
1739 25
426 117
512 241
807 152
450 50
1585 19
1089 253
605 128
557 9
593 100
1086 50
488 165
109 119
1648 73
703 125
1540 15
16 75
1175 15
426 327
1773 9
805 23
1159 73
1435 156
650 19
1780 131
684 293
338 152
575 27
866 27
1775 21
1227 27
913 187
506 47
943 241
865 13
643 86
1647 7
410 185
668 88
409 253
1679 35
1034 95
470 7
46 92
261 236
966 117
1222 83
288 236
1052 17
1146 21
261 131
501 27
919 17
1525 83
1122 75
522 9
1449 172
463 454
885 117
1432 78
530 7
1499 73
1343 88
229 134
816 327
1100 52
1772 159
1265 7
1329 7
456 165
768 165
1623 47
1108 15
267 119
59 293
468 75
636 63
224 185
192 128
1751 23
965 119
767 52
252 95
286 185
30 19
611 39
137 134
1142 67
1542 41
415 165
1337 327
1781 5
737 154
664 7
539 75
1779 117
1557 86
1639 67
642 253
640 73
1596 23
1248 119
1299 17
1670 61
341 327
372 43
234 107
389 57
306 293
1707 221
1768 39
1777 5
56 156
167 241
934 83
665 11
1764 128
1656 17
499 52
42 107
373 5
841 7
575 80
1288 83
1168 86
1507 37
1763 65
450 78
269 95
1553 5
1745 9
1422 39
706 61
10 119
329 80
72 117
1002 172
1067 65
1452 7
848 117
753 37
885 152
1296 165
1017 117
136 35
234 154
180 241
977 27
1724 95
1509 156
694 156
507 156
1722 52
1020 131
1144 293
1291 128
556 71
573 327
438 148
262 7
1701 65
966 78
1167 13
1691 154
499 55
46 86
437 165
363 117
316 3
1419 148
770 63
1680 117
1775 39
1716 83
1280 41
76 154
234 125
861 25
493 52
1735 83
136 50
369 1
620 159
1429 19
1762 15
310 13
1617 11
413 41
270 165
1660 13
522 131
620 88
532 100
1203 39
1420 185
142 43
189 55
1119 86
518 73
274 55
694 63
1330 95
184 7
765 57
855 172
1096 65
178 13
1367 63
673 154
1078 83
906 52
1343 185
1633 100
829 63
1766 327
1012 50
1729 3
1586 32
274 7
1608 154
438 25
142 241
252 1
872 32
1544 50
1244 73
1406 156
1645 148
1607 327
1262 221
664 86
105 3
1440 57
1495 71
304 134
103 86
1137 185
400 172
1002 1
189 71
555 71
397 152
129 156
665 57
1332 293
378 67
196 3
20 100
1776 9
1770 156
99 327
1258 327
302 65
1771 13
734 131
607 67
258 71
96 107
1292 236
1137 92
1764 92
629 253
602 65
1406 165
971 15
1673 11
520 221
434 21
1746 327
1245 50
770 67
66 83
899 63
262 187
211 165
620 15
194 100
1024 154
748 61
261 159
289 293
570 55
1463 37
911 37
261 92
539 19
577 88
1744 23
988 117
266 78
350 55
24 35
76 75
1414 11
927 165
419 11
445 11
1108 128
0 107
270 152
346 454
469 37
470 117
249 37
1627 75
584 9
191 1
509 172
806 32
910 152
1003 52
133 172
188 454
1437 134
1198 241
1274 134
686 88
1755 187
970 253
1709 3
121 185
1420 454
121 9
42 236
269 71
401 7
72 152
1247 172
855 71
1780 293
1037 63
643 148
8 172
326 27
104 5
193 78
296 25
155 13
997 39
121 55
871 156
849 221
713 134
196 92
975 41
529 159
286 41
264 50
