170 794
0 1
2 3
4 5
6 7
8 9
10 11
12 13
14 15
16 17
4 18
19 20
21 22
23 24
25 19
21 26
27 28
8 29
12 2
30 17
31 32
8 32
2 33
34 35
0 36
37 33
38 39
40 41
42 43
4 44
4 45
46 47
48 17
8 35
40 47
49 50
51 33
50 28
39 52
53 54
0 3
55 56
53 7
57 4
2 58
59 60
16 61
33 54
2 6
8 4
62 63
48 39
64 61
4 65
48 66
9 33
0 13
13 3
36 7
45 15
37 67
27 68
69 70
36 71
4 72
13 54
73 74
51 2
66 75
48 58
4 76
77 71
4 78
2 19
49 79
29 80
8 81
77 19
4 82
83 41
84 4
85 86
87 67
88 20
46 42
84 22
89 75
25 68
0 90
41 91
8 92
49 59
13 68
93 4
91 77
93 0
9 94
15 95
96 11
97 63
9 53
8 39
98 88
27 19
99 100
8 54
98 101
32 102
4 100
53 103
104 22
4 105
4 106
8 107
8 3
108 89
8 109
110 56
12 15
111 33
112 3
53 113
53 81
4 104
114 49
25 75
8 77
16 60
4 115
13 62
10 96
53 46
50 116
71 7
117 99
16 71
13 19
4 118
49 80
3 19
119 9
9 120
41 86
8 121
21 100
71 26
49 28
122 4
16 78
104 3
41 104
27 3
110 111
98 20
53 2
74 19
53 85
8 95
108 4
39 123
124 125
34 53
95 52
8 45
35 39
49 126
8 90
50 46
99 4
35 2
127 128
129 113
4 97
48 75
128 130
108 131
104 54
96 79
8 113
132 88
27 63
83 91
8 11
77 33
4 25
2 125
28 133
112 76
120 19
19 86
98 60
114 39
49 45
30 131
85 81
49 134
0 71
16 115
10 43
135 11
0 110
97 71
16 75
8 84
132 44
65 19
30 10
64 4
9 49
8 120
8 136
113 19
96 135
85 3
40 137
44 130
8 60
23 138
139 53
8 28
2 63
22 19
48 7
107 73
37 115
140 110
37 4
26 54
39 137
60 28
8 12
8 94
99 46
31 20
141 4
36 5
67 142
15 39
76 88
143 4
144 16
56 127
145 4
93 146
67 89
22 138
85 33
144 4
79 19
147 33
50 19
147 4
21 77
46 60
34 81
62 28
128 54
10 67
48 46
36 67
41 22
84 32
48 62
31 147
29 20
24 8
4 21
96 65
49 32
139 127
148 22
4 61
8 1
8 27
49 89
8 93
8 64
77 26
8 149
8 143
146 75
91 104
3 26
8 25
131 150
29 44
8 14
8 41
50 79
91 69
117 44
72 33
88 67
117 36
8 132
8 0
9 2
132 47
56 19
8 50
84 91
69 75
147 81
49 151
152 53
80 146
117 145
140 73
141 32
10 110
8 110
77 22
84 69
120 75
128 19
4 109
4 88
129 13
4 74
110 88
128 22
94 86
24 138
13 22
47 33
53 13
53 15
26 22
85 125
85 63
112 47
28 100
119 4
37 49
42 11
8 125
64 19
21 128
19 150
4 133
48 49
145 153
98 78
94 80
83 0
120 68
132 4
98 59
147 53
85 127
12 81
145 68
49 101
112 68
8 119
49 27
26 19
53 5
71 103
48 103
112 4
36 61
8 116
4 67
19 75
0 25
54 19
88 78
50 86
2 7
111 28
71 63
94 109
34 51
3 22
61 28
34 2
2 81
36 6
49 146
9 42
48 113
31 29
3 54
96 154
4 69
13 70
4 13
41 77
36 127
30 0
155 99
23 156
0 118
73 130
53 100
30 61
8 48
84 75
36 13
40 116
79 68
30 49
56 33
8 134
49 94
46 76
51 85
2 86
4 150
131 137
35 4
0 89
4 39
41 71
84 19
47 19
141 36
127 130
84 104
119 60
121 43
80 134
49 136
4 103
83 4
147 56
0 143
42 157
55 27
56 28
8 80
158 28
98 29
105 153
50 53
88 156
69 71
31 47
40 115
34 36
84 77
64 78
19 81
28 68
112 19
104 100
127 63
12 102
128 26
64 63
8 131
118 71
126 67
108 33
8 42
159 71
147 110
160 20
158 105
12 7
8 85
2 113
21 54
3 128
41 69
63 19
10 121
96 42
8 104
141 71
8 150
27 4
49 4
85 65
91 19
88 44
0 19
49 15
53 127
50 16
8 69
85 2
41 84
119 50
8 2
40 110
76 33
67 33
132 59
53 66
4 79
98 4
90 15
4 19
33 146
8 157
84 128
9 85
161 4
36 4
162 150
14 4
49 85
8 46
33 75
73 62
8 75
68 81
141 53
88 130
160 19
30 102
9 71
34 33
0 66
50 89
46 4
34 85
79 80
147 85
4 60
72 19
48 36
53 67
157 43
97 81
110 60
108 50
4 29
19 130
39 68
112 104
13 71
39 115
124 8
10 0
4 28
147 2
64 49
103 68
141 48
53 80
56 150
8 5
131 53
12 49
23 4
55 8
5 65
16 123
132 76
30 70
10 42
69 104
112 77
100 19
71 3
53 4
0 73
37 111
49 102
44 101
0 35
26 100
53 75
163 44
34 32
34 3
48 50
8 33
14 1
53 32
60 17
145 49
8 72
41 94
85 113
104 128
111 127
31 44
32 19
116 62
8 49
97 19
29 101
112 128
21 3
8 57
13 61
10 157
0 151
16 4
25 78
4 20
13 128
8 86
142 44
9 4
104 86
24 60
23 75
8 118
77 75
85 62
132 53
109 104
15 19
4 164
90 80
8 61
8 151
143 151
4 62
53 6
73 39
8 165
47 123
148 21
36 53
21 104
53 58
0 7
107 4
131 49
62 78
36 103
33 19
71 86
62 33
23 93
0 33
34 86
112 26
16 137
8 68
8 16
140 49
0 100
53 97
9 19
77 128
24 48
10 108
121 118
104 26
46 135
88 59
90 4
53 112
35 33
129 4
4 138
8 19
4 32
132 80
15 102
34 39
49 17
88 19
132 49
131 4
60 130
139 50
53 62
88 60
148 110
62 81
48 53
120 63
159 53
15 62
53 17
134 125
31 78
109 19
40 108
8 111
109 70
16 80
8 123
47 166
49 36
4 89
4 77
0 32
147 127
104 71
102 101
47 72
72 78
83 104
69 19
167 8
139 63
44 102
10 154
128 100
159 1
4 127
8 40
8 129
8 89
0 54
8 79
113 75
110 29
168 4
75 150
8 112
141 80
10 95
4 154
76 47
37 35
63 68
107 138
60 19
53 71
55 16
47 80
114 4
163 28
80 123
71 54
4 87
24 75
23 8
2 62
55 33
124 28
141 79
120 78
31 101
30 40
21 86
61 80
83 8
127 59
111 4
148 54
53 78
32 68
55 4
34 127
36 109
93 151
110 135
49 53
17 137
62 19
8 146
50 17
4 33
4 75
71 22
8 91
8 18
8 102
46 169
139 8
53 22
40 95
96 43
14 19
158 39
78 19
37 19
140 71
14 75
105 121
88 28
8 36
30 16
112 22
94 19
129 72
2 127
96 113
24 4
8 65
36 66
104 77
35 85
22 54
93 49
31 126
50 1
87 19
155 39
30 146
113 165
69 77
67 44
110 53
