2746 3505
0 1
2 3
4 5
4 6
7 8
7 9
7 10
7 11
12 13
12 14
15 16
17 18
19 20
19 21
22 23
22 24
22 25
26 27
28 29
30 31
30 32
33 34
35 36
35 37
38 39
40 41
40 42
40 43
44 45
44 46
44 47
44 48
49 50
49 51
52 53
52 54
52 55
56 57
58 59
58 60
61 62
63 64
63 65
66 67
68 69
68 70
71 72
73 74
75 76
77 78
79 80
81 82
83 84
85 86
87 88
87 89
90 91
92 93
94 59
95 96
97 98
99 100
101 102
101 67
103 104
105 106
107 108
107 109
110 111
110 112
110 113
114 115
116 102
116 117
118 10
119 12
120 121
122 123
122 124
125 126
125 127
128 129
130 131
132 133
134 135
136 137
138 139
140 141
140 142
143 0
143 144
145 146
147 148
147 149
150 151
150 152
153 154
153 155
156 157
156 7
156 9
156 149
156 158
159 160
161 162
163 164
163 165
166 167
168 169
168 170
168 171
168 172
173 174
175 176
177 178
179 180
181 182
183 184
185 186
185 187
188 189
188 46
190 5
190 191
192 193
194 195
194 196
197 198
197 199
200 201
202 203
202 161
202 204
205 206
207 208
209 210
211 212
211 213
214 215
214 216
214 217
218 219
220 221
222 60
223 224
223 225
226 227
228 229
230 231
230 102
230 232
230 233
234 235
236 237
236 238
236 239
240 241
242 243
244 245
246 247
246 248
246 249
246 250
251 252
253 254
255 256
257 258
257 259
260 261
262 263
262 264
265 266
267 268
267 269
270 271
272 273
274 275
276 277
276 278
279 280
279 281
282 283
284 247
284 285
286 287
288 289
290 291
290 292
293 52
293 294
293 54
295 296
297 298
299 300
299 301
299 302
303 304
305 123
306 307
306 308
306 309
310 311
312 313
312 314
312 190
315 316
315 317
315 318
319 103
319 320
319 321
319 322
323 324
323 325
326 327
328 237
329 135
330 331
330 332
333 334
333 335
333 336
333 337
333 338
339 340
341 342
341 343
341 344
345 346
347 348
349 210
350 351
350 352
353 354
355 356
355 142
357 358
359 241
360 361
362 363
364 365
364 366
367 368
369 370
371 372
371 373
374 375
374 376
377 378
379 380
381 382
381 383
384 3
385 187
386 387
386 388
386 389
386 390
386 391
392 393
392 394
217 395
396 397
398 399
398 400
401 318
402 403
80 391
404 405
406 407
406 408
406 409
410 379
410 411
412 413
414 251
414 28
414 415
416 417
416 130
418 419
420 421
420 365
420 422
423 163
424 425
424 426
427 428
429 430
429 1
431 432
433 392
433 434
435 436
437 438
437 439
440 441
440 318
442 443
442 444
445 446
447 448
449 450
449 451
449 452
227 453
454 455
454 123
456 457
458 459
460 438
461 159
461 462
463 464
60 465
60 466
467 468
467 469
470 471
470 89
472 473
472 474
472 475
476 477
476 478
479 82
480 481
480 482
483 484
485 106
486 487
488 489
490 491
490 492
490 95
493 494
495 496
495 497
498 499
498 500
501 502
501 503
501 504
501 505
501 506
501 507
501 508
509 510
509 216
511 512
511 513
511 514
511 515
511 516
511 517
518 519
520 381
520 521
522 245
523 524
525 526
525 527
528 180
529 530
529 531
532 106
533 534
535 430
18 536
18 537
538 539
538 540
541 542
543 544
543 545
546 547
546 548
546 549
546 550
546 551
552 553
554 555
556 557
558 559
558 560
561 562
88 470
88 563
564 565
566 567
568 569
568 570
448 571
572 573
572 42
572 574
575 576
575 577
137 578
334 579
580 581
580 582
583 584
585 586
585 587
588 589
590 591
592 593
594 477
594 595
594 596
597 598
597 599
600 601
602 603
602 604
605 606
607 608
609 610
611 399
612 613
614 462
614 615
616 617
616 399
596 542
596 202
618 291
619 620
621 622
623 624
623 625
626 627
628 219
629 630
631 632
633 634
633 223
635 34
636 637
638 639
640 641
640 642
643 551
644 132
644 645
646 647
648 649
650 196
650 651
652 653
652 654
652 510
655 656
655 179
657 456
657 658
659 524
660 661
660 662
660 663
664 665
666 667
666 668
666 669
670 671
670 202
672 459
673 501
673 674
675 676
292 677
678 679
678 571
680 681
680 682
683 541
684 685
684 686
684 687
684 688
689 690
689 691
692 693
694 695
696 335
697 431
697 698
699 700
210 701
702 703
702 704
705 706
705 72
707 708
707 709
710 711
712 713
714 693
715 716
717 718
717 348
717 719
717 720
721 722
723 724
723 529
725 726
727 728
727 729
730 731
730 732
133 733
133 734
133 735
736 386
736 737
736 738
739 740
739 741
742 743
744 745
746 747
748 360
748 749
750 751
752 753
754 755
754 756
757 180
559 758
759 760
759 761
762 763
764 765
766 767
766 768
769 770
771 720
417 772
417 773
774 775
774 776
777 778
777 779
780 781
780 14
780 782
783 205
783 529
784 785
784 786
784 510
787 788
787 789
790 791
792 793
794 795
796 797
796 798
796 776
796 799
796 800
801 802
803 804
805 806
805 807
503 505
808 809
808 504
810 811
812 813
814 815
816 546
817 818
817 627
819 820
821 822
823 824
823 825
826 827
826 828
212 829
830 770
831 832
831 833
834 811
834 835
836 837
836 838
836 839
840 841
842 843
844 845
846 847
846 848
849 850
271 675
851 680
462 526
462 852
462 577
462 853
57 854
57 855
57 856
57 857
858 859
858 860
861 862
718 855
863 864
863 184
865 866
865 600
867 868
869 870
869 871
872 873
874 875
874 876
877 878
877 879
880 881
880 882
880 883
884 469
884 885
886 887
886 888
889 890
889 891
892 893
894 895
894 896
897 898
897 899
900 901
900 35
902 903
902 904
524 905
157 906
907 297
907 908
909 910
909 911
375 912
375 645
913 524
896 914
915 430
915 916
915 917
915 918
169 919
169 920
169 921
922 923
922 924
925 311
775 776
775 799
926 927
926 155
928 929
928 930
928 931
928 400
928 202
932 933
932 701
934 935
934 936
937 938
937 460
939 940
939 941
65 912
942 123
943 880
264 944
945 946
947 948
949 950
951 235
951 952
953 954
953 82
955 956
955 957
958 959
958 960
958 961
958 590
962 764
962 963
962 964
965 250
966 967
966 968
969 887
970 524
971 972
971 973
974 975
974 976
974 570
974 977
974 747
978 979
978 980
93 393
981 982
981 983
984 268
984 985
986 987
986 988
986 989
990 991
992 993
994 459
995 361
996 997
998 999
998 1000
1001 165
1002 848
1003 1004
1003 1005
1003 1006
1003 1007
1008 1009
1010 1011
1010 1012
1013 1014
1013 107
1015 189
1015 1016
1017 1018
1017 1019
1017 1020
1021 1022
1023 453
1023 99
191 1024
191 106
191 454
1025 1026
1025 183
1025 883
1025 428
1027 1028
860 372
1029 564
1029 1030
1029 1031
1029 135
1029 1032
1029 1033
1034 1035
1036 1037
1038 1039
1040 273
1041 1042
1043 1044
1045 1046
1045 1047
1045 801
1045 573
1048 1049
1050 1051
1050 1052
1050 914
1053 1054
1053 1055
1056 301
1057 1058
1057 1059
1060 1061
1060 378
1062 1063
1062 1064
1065 1066
1065 694
1067 1068
1069 1070
1071 1072
1073 239
1074 217
545 1075
1076 1077
1076 411
1078 1079
1078 1080
1081 1082
1083 1084
1085 1086
1085 1087
1088 794
948 1089
948 548
948 1090
1091 992
1091 1092
1093 1094
1095 1096
1095 274
8 494
1097 1098
1097 1099
1100 387
1101 1102
1101 1103
1101 1104
1101 1105
1106 1107
1106 305
1108 1109
1110 85
1111 1112
363 1113
1114 129
1114 96
1114 469
1115 1116
1117 1118
1117 1119
788 1120
649 1121
1122 1123
1066 1124
1066 1125
1066 1126
1127 881
1128 1129
1128 132
1128 1130
1131 459
1131 1132
1133 905
1134 1135
98 1136
1137 1138
1137 1139
1140 1141
1140 682
1142 1143
1144 1145
1144 1029
1144 1146
1147 1148
1147 725
324 1149
324 1150
1151 1152
1153 1154
1153 1155
1156 713
1156 87
731 1157
1158 1159
1160 306
1160 1161
1162 1163
1164 1165
1164 1166
1167 1168
1167 1169
1167 1068
1167 1170
213 432
1171 1172
1171 1173
1168 1067
1168 1169
1174 812
1174 1175
1176 1177
1176 1112
344 762
1178 1179
1178 1180
700 1181
700 1182
1183 78
722 1184
1185 1186
1185 1187
972 1188
972 1189
1190 1191
1192 1193
1192 1194
1192 721
1195 67
1195 1196
883 1197
883 1198
883 1199
883 1200
1201 1202
1201 1203
1204 1205
1204 795
789 1206
1207 1208
1209 610
1209 1210
1211 1212
1213 158
1214 1215
1214 23
1214 562
1216 1217
1218 1219
1220 1221
1220 921
1222 303
1223 724
1223 1224
1223 1225
1226 1227
1226 107
1228 1229
1230 818
1231 787
1232 1233
1232 1234
1232 621
259 1016
1235 1236
1235 1237
1235 1238
1239 1240
1239 1241
1242 1243
1242 1244
1245 1246
513 203
513 1247
513 1248
513 541
513 1249
1250 1251
1250 1252
1250 1253
1254 1255
1254 1256
1254 357
1138 1257
1258 1259
51 1260
51 1261
51 91
51 1262
51 1263
1264 844
1264 1265
1264 1266
1264 1267
1268 1269
473 1270
473 853
1271 1272
1273 1274
1273 111
1273 1275
1273 460
1276 1277
1278 1279
1278 1280
1278 1040
238 1056
238 209
1281 905
1282 1283
1284 1285
1286 1090
1200 539
1287 1288
1289 1290
1289 875
1289 893
1289 1291
1292 1293
1292 444
1294 405
917 1295
917 574
917 1296
917 1297
160 474
1298 1299
1298 1129
1300 1301
1300 383
1302 1303
1304 169
1305 1143
1306 911
1307 1023
1307 1308
1309 1310
1309 1311
1236 1312
1236 1313
1236 1314
1236 1315
1316 1317
531 1318
1319 647
1320 1321
1320 1322
1323 1324
1325 1326
1325 264
1327 1184
740 1152
740 1328
740 453
740 39
492 1329
1330 1331
1330 1332
332 905
332 615
1333 1334
441 1335
403 1336
151 1337
1338 312
1338 1339
1338 574
1340 1341
1340 499
1340 107
1340 1342
1343 1344
1343 1345
1346 243
1346 1347
1348 1349
1348 1350
1351 1352
1351 411
1353 820
1354 1355
1356 123
1356 352
570 1357
570 1358
1359 1360
1359 567
1361 1362
1361 873
1363 824
1363 1364
1365 98
1365 1366
1365 106
1367 471
1350 1368
1350 1369
1350 1370
1371 1372
1371 733
1373 1374
1375 986
1375 938
1376 1377
1378 704
1378 446
1342 1379
1342 1380
1262 1253
1262 90
919 489
919 1381
1382 1383
726 1384
1385 563
1386 208
1386 810
1387 1314
1388 1389
1388 220
1388 1390
1391 1392
1391 1393
1391 1267
1391 1394
1391 1395
1396 1397
1396 752
308 263
308 187
308 319
215 785
215 1398
1102 1399
1400 56
1401 1402
1401 1403
1404 1405
1404 1084
1404 1406
1407 206
1263 1408
1409 1410
1409 1411
1412 265
1412 311
1413 1414
1413 767
1415 1416
1275 715
1024 1359
1417 1418
1417 555
1419 1420
1419 521
1368 1421
1422 196
1423 1424
1423 1425
1426 1228
1427 1014
1427 1428
1429 290
1429 292
1430 278
1430 111
1431 1432
827 1118
793 1149
1433 1265
1433 845
443 1434
1435 1419
1436 1437
1438 524
1439 740
1440 1441
1440 1442
1440 1063
1443 1444
1443 1445
1443 945
1443 1081
1443 672
1446 1447
1448 1449
1450 776
1451 576
968 1452
1257 1453
1257 1454
1257 228
1257 529
1257 1455
1456 1457
1456 1458
1459 393
1460 419
550 1461
550 948
550 634
550 1462
1463 419
1464 1465
1464 1466
1467 1468
1467 1469
1467 914
170 93
1470 935
1470 1471
1470 903
1472 1473
1455 992
1455 1474
1475 1476
1475 1477
1478 509
1479 1458
1480 1481
1480 196
599 218
1482 1163
765 495
1483 1484
1483 1485
1052 1486
1052 1487
1052 1488
1052 113
1489 1490
1491 97
1492 536
1493 1494
1493 763
1495 1496
1495 677
1497 601
1497 1498
1499 543
1499 1500
1136 1501
1502 552
1502 1503
1502 1159
1502 1504
1130 545
1130 1075
1505 847
1505 1506
1507 1508
1509 1510
1509 1411
1035 1511
1512 1513
1514 1028
1515 813
475 1516
1177 479
1177 1012
1517 1518
1517 1519
1416 693
1520 1042
1520 1521
1522 1523
1522 437
1524 1525
1524 309
1524 1526
1527 1528
1332 1372
1529 266
1529 1530
677 1531
383 1532
1533 338
1533 71
1534 1535
1534 969
1403 1474
1536 1537
1536 51
1538 418
1538 1539
1540 376
1541 1152
1541 1542
1543 1544
1545 978
1546 1547
1548 321
1549 714
1550 1551
1550 241
1550 1552
1550 1553
1554 418
1555 859
1555 1556
405 940
1557 1558
1559 613
1560 2
1561 1360
1562 334
1563 1564
1563 1565
1566 25
1566 1567
1566 1075
1568 1569
1570 34
82 1542
1571 1572
1573 1574
1575 1576
1575 1176
1575 1577
1285 1578
1579 1568
1580 1485
1581 360
1582 1583
1584 1585
1584 1586
1587 1368
1587 1588
589 1589
589 776
589 1590
589 1450
256 76
1591 544
1547 1139
1547 1592
1593 1594
1593 1595
1596 1570
1596 1432
1596 207
1366 1359
514 1597
1598 1335
1599 1334
1600 1601
1602 1603
1602 31
1602 195
1602 191
1604 1605
1606 1607
1608 222
1608 181
582 1609
1610 1611
1610 300
1612 1613
1614 1615
1614 1159
688 1616
688 1617
688 1618
688 1340
111 1619
1237 951
1237 1620
1621 463
1621 1622
1458 270
1253 322
1253 1623
1510 1624
1510 469
682 581
1625 1626
1627 1628
1627 1144
1627 759
1627 1285
1629 1630
1629 1631
833 1155
1632 581
1633 163
1634 24
1634 1500
499 1377
499 107
499 1428
1635 1207
1636 714
1637 1384
1637 115
1637 43
1638 1639
452 1640
1641 123
1641 1642
1206 887
1643 1644
1643 499
1643 1645
1643 1646
1647 36
1648 1649
1650 826
1650 766
1650 1651
1650 35
1019 1652
1653 1625
1653 1256
1654 1655
1654 1656
941 1568
1657 73
665 1658
987 497
1659 1400
1659 299
1659 1660
1659 347
1659 720
1661 1662
1663 1664
1663 584
1663 1665
1666 372
1666 316
45 1667
1583 1668
1583 1669
1098 1670
1098 1671
885 1672
1673 1544
1673 979
1674 1675
1676 1677
574 1678
574 1130
1679 1680
1679 682
1681 1682
1681 1683
1684 666
1630 134
1457 638
491 1685
457 1686
457 551
457 1094
457 948
457 1687
457 1244
1688 1689
1688 194
1688 986
1688 1690
354 1691
354 1452
1692 1693
1692 460
1694 1695
674 968
674 194
674 1024
674 1696
674 30
950 606
1697 536
1697 1698
1170 1699
9 609
9 1139
9 210
1700 1701
1700 1311
1702 765
258 1703
258 226
1181 1704
1181 1705
1181 1706
1683 847
1683 341
1683 763
1707 1519
1707 1708
1537 1709
399 1710
399 408
399 1711
1712 1713
1714 1715
1716 1359
1414 35
1717 1177
1717 1718
1717 1719
1720 1721
1720 1722
1059 41
1059 1723
1059 339
1059 1724
1725 1726
1727 1139
1727 1728
1729 86
1729 1683
1730 1359
1731 626
1731 1419
1731 973
1732 1359
1732 1733
1734 1735
1734 958
741 1736
426 1737
1738 760
1738 1739
127 1740
39 15
428 1109
1741 1742
1741 166
1337 1743
1744 264
1745 1746
1745 284
1747 438
1748 1418
1748 327
1749 1750
1749 816
1751 1752
1751 1753
1329 1510
1605 682
1754 123
1755 1756
1755 1757
967 501
1758 1759
1760 549
1760 1761
1762 1763
1390 969
1649 637
1649 1764
1765 1201
1765 1766
1767 1768
1769 1355
1055 1770
1771 1772
656 1773
656 136
656 399
656 1280
656 1276
1774 974
1774 1616
1774 1775
1774 1342
1776 230
1776 315
1777 1778
1777 1779
1780 1781
1420 1230
1782 1783
1782 1784
1785 166
1786 20
1786 1502
1786 260
1786 1166
1787 1101
1787 1637
1787 1788
47 1789
1790 1134
1790 729
1791 493
1358 1792
1358 108
1793 1359
1794 1795
1796 1797
1796 54
1798 1074
1798 1799
1800 92
1800 561
1801 1802
1801 1017
1801 1803
1801 1804
957 1805
1096 813
1058 166
1210 1071
1589 1083
1806 1807
1806 526
1808 1613
1808 1809
1808 143
1075 1810
1075 1009
1075 1811
1064 1727
1812 202
1813 1714
1234 621
1814 1815
1814 645
1816 1817
1816 1575
1445 115
1818 1819
1818 745
1820 37
1821 892
1821 1822
1823 1190
1824 1825
1824 1826
1827 1828
1827 5
1829 932
1830 1831
1832 925
1832 478
1833 1094
1834 1817
1834 670
1834 204
1835 1398
1835 1074
1836 1837
1836 1838
1839 1737
1840 1841
1840 1842
1840 1843
1840 1844
1845 1846
1845 791
1845 1847
1848 1849
1848 645
1850 1197
1851 1087
1852 1807
1853 894
1854 1855
1856 253
1856 524
888 1857
1858 1859
1858 1860
1861 1678
1861 766
1432 34
1432 811
1432 1862
55 1863
55 1235
55 117
1864 848
1864 1865
577 1054
1724 1866
1179 1867
540 1771
1772 1109
1868 366
1869 1870
959 200
959 58
1871 408
1290 629
283 1872
961 58
961 60
1873 646
1874 1875
1874 1523
1874 1876
1874 753
1660 856
1877 1368
1877 1878
1877 1369
1877 1370
204 1879
204 1880
204 272
204 821
1781 1881
1882 1883
1884 413
1884 1885
1297 1678
1297 1264
1886 1887
1611 514
864 1615
1888 1889
1890 459
1890 1891
1890 1788
642 2
1892 1893
1892 1845
1894 704
1895 603
1895 1896
1897 312
1897 1024
1897 1410
1898 1899
1898 1843
1898 446
1900 1090
1870 1901
1487 809
852 1902
1903 1904
1903 1881
1903 853
1905 229
1905 1258
300 1906
1907 1908
1909 465
1909 16
1099 1910
1804 770
1804 1911
1804 1912
1804 1322
1804 1020
1913 1287
1913 1914
162 1889
1915 59
1916 120
1399 1752
1917 79
1917 233
1918 1803
1918 1499
1918 1919
1918 1861
1920 386
1920 101
1921 1922
1921 645
1380 1379
1574 1923
1924 334
1924 668
1434 241
1317 1508
1317 959
1925 1794
1925 1447
142 1926
142 1927
1811 1928
604 584
1929 1551
1929 1552
1929 232
1930 1931
1930 2
976 1932
976 1933
976 569
976 1380
1934 1935
1934 1936
1937 403
1937 81
1831 1874
1831 1938
1939 397
1939 887
980 1940
1941 1942
1941 1684
1310 1943
1310 1944
1310 1945
797 1946
1032 1947
1283 1077
1283 411
1283 269
1948 589
1948 1472
1948 1450
1949 1950
1949 1503
1951 798
1951 1952
1953 1712
1954 1955
1954 1029
1954 1297
1956 58
1956 1957
1958 795
1959 1960
1961 1528
1962 1759
1962 1963
1865 86
1964 1870
1964 1965
1966 1967
1966 1968
152 1923
152 1743
1315 1969
1315 861
1970 630
1970 249
1971 1972
1971 520
1973 299
1973 1974
845 36
1975 188
1157 500
1976 428
1977 701
1978 741
591 1715
1979 911
1979 1658
1980 483
1981 1818
1981 1982
1983 856
1984 1985
70 1986
1972 1441
1972 1388
1826 59
1826 1609
1987 1196
1988 854
1988 1989
1990 814
1990 228
1000 29
1991 33
1991 524
1394 1910
587 733
1992 1484
1992 1993
1994 1264
6 1995
738 1996
738 926
738 737
1997 1998
1997 1970
1997 1999
1997 436
415 949
415 2000
415 755
2001 1691
1449 1714
1449 62
1863 1202
1863 2002
2003 1799
1685 2004
2005 840
800 1184
2006 2007
2006 2008
2009 2010
2009 696
2011 2012
2011 867
2013 1207
838 5
838 2014
838 2015
2016 2017
807 739
985 1893
2018 984
1299 2019
1068 2020
2021 1422
2021 2022
2021 2023
2021 1036
2024 589
2024 799
2025 2026
2025 682
2027 1789
1212 2028
1936 2029
2030 2031
2030 1843
2032 986
2032 1970
2033 2034
515 595
537 1435
2035 1327
2035 378
2036 2037
2038 1326
2038 720
743 1516
2039 1986
2040 2041
2040 2042
2043 1916
2043 1421
2044 421
2044 2045
2044 2046
2047 288
2047 2048
2047 2049
69 311
2007 548
2050 1488
2050 194
2050 673
2050 1052
1465 1233
1465 176
2051 420
1441 2052
1441 1940
1441 1092
1441 1419
1441 220
2053 1875
2054 2055
2056 1360
2056 1822
2057 964
2058 1598
2058 2059
2060 1364
2060 375
2061 627
2062 1479
2062 1699
2062 2063
2064 2065
2064 371
1161 1140
2066 2067
2066 1559
988 1999
1049 1588
2068 2069
2068 2070
2068 2071
2068 710
380 732
2072 2073
2072 1285
13 167
2074 2075
2074 1617
2074 131
182 1162
182 2029
1011 1336
1011 979
2076 2077
2078 2079
2080 748
519 887
2081 2082
2081 1944
1740 1331
2083 2084
2083 1487
2083 508
139 2085
1496 2086
2087 307
2087 2088
2087 1526
2087 2089
2090 1625
2090 327
2091 459
2091 458
196 559
196 914
2092 1495
2093 1142
280 1695
280 2016
280 1491
280 1746
280 2094
280 1289
2095 2096
2097 797
2097 2098
2097 1084
2097 796
2097 1194
2099 1008
2099 393
916 751
916 843
916 1795
983 813
2100 1506
2101 1202
2101 1540
2101 83
1859 2102
1859 1272
2103 2104
2103 48
2105 1820
2105 2106
2107 2073
2107 1282
2108 705
2108 217
2109 1904
2110 1714
2110 1632
2111 2112
2113 1325
1046 2114
1046 1222
1046 1485
1046 168
2115 701
2115 2116
2117 1054
2117 1852
2118 1202
2118 2119
2120 77
2120 1766
2120 1984
2121 2122
2121 1358
2123 1500
1620 2124
952 666
952 2051
2125 193
313 5
313 2126
313 838
1585 1159
853 149
1946 1450
2127 106
1698 887
2128 2036
2129 2130
2131 203
2132 2133
2132 875
2134 549
1113 2135
1932 746
2114 2136
2137 1305
2137 1670
2138 5
2138 1002
2139 407
224 551
224 2140
857 2095
2141 1578
148 483
551 794
551 2142
482 2143
482 2144
482 1315
294 230
294 2145
294 1776
294 736
294 401
1126 936
2146 469
2146 1489
268 1077
2147 1787
2147 1525
2147 2148
2147 1890
2147 1443
2149 2150
2149 1428
2151 198
2151 2152
2153 509
2153 1788
2154 579
2154 1310
2116 1213
2155 1363
2155 833
1042 2156
2157 2158
2157 206
117 1526
2159 1054
2159 1451
2160 1828
2160 2161
2162 2005
1927 2163
1927 1560
1135 2164
2165 1840
2165 687
2165 454
2166 481
2166 2167
2168 2169
2168 822
2170 766
2170 1433
219 358
2042 1293
2171 1396
2152 334
2152 666
2152 234
2152 669
2152 423
455 123
1678 1266
2172 1202
2172 65
2173 2174
2175 635
2175 882
1249 1906
603 1872
1544 1939
1544 2078
2176 2177
2176 115
2178 926
2178 1550
2179 2180
2181 1911
2181 1144
1942 287
1942 88
2182 891
2182 1657
2182 286
2182 2183
2184 295
2184 1410
2185 772
2185 1726
2186 819
2186 920
2187 1428
2188 398
1279 2189
31 32
878 1864
2190 848
2190 838
993 1300
2191 740
2191 1439
2192 1583
645 1960
2193 2194
2193 600
2195 811
940 1569
2196 2197
2198 105
2199 2200
2199 1682
839 2201
2202 141
2202 1560
1324 682
11 244
2203 286
2204 53
2204 2205
2204 833
1462 1687
2206 761
2206 1284
2206 2141
1039 577
1039 2207
2208 2209
2208 773
2210 2211
2212 2187
2212 1763
1803 1650
2213 1946
2213 1473
2214 1163
2214 60
2214 2215
2216 1849
2216 2217
2218 2056
510 2219
1996 359
1996 1034
1996 1100
977 1792
2220 1900
2220 605
2221 2222
2221 2223
2221 1447
2224 612
2225 58
2225 2226
2194 600
1651 2069
2227 1582
2227 2192
2227 616
2228 396
2228 969
2229 2230
2229 1922
709 2231
709 529
1241 1108
314 1864
2232 1114
2232 2233
2234 1514
2235 667
2235 2236
2237 1476
2237 404
2238 1173
2239 2071
1344 2240
2241 1450
1225 2196
1225 1268
1225 243
1225 2242
1225 1072
1225 7
43 572
2243 788
2244 661
2244 2245
2246 2247
2246 1599
2248 2249
2248 2250
2248 2251
2248 1125
2248 1809
2252 2253
1945 335
2201 1494
2254 1442
2254 1816
2255 282
1410 2256
1410 2211
1410 2257
1410 2258
2259 252
2260 1469
2261 671
2261 1718
2261 44
2262 477
553 451
199 378
1768 682
2263 115
2263 2264
2265 837
2265 1135
2026 2266
2026 803
2267 1780
1500 544
1500 562
1500 1214
2268 764
2269 769
2270 2271
2270 2272
2273 510
2273 255
2048 1043
2274 920
2275 1912
2275 1030
2275 2276
389 2277
2278 1087
2279 486
2280 2281
2280 2282
62 201
2283 1660
2284 1784
625 1068
422 1159
422 2285
2286 2287
1891 1524
1891 40
1891 1465
2288 2289
653 509
653 1758
2290 2291
2290 1001
2290 275
2292 209
2292 1073
2293 1794
2251 144
2294 2000
1452 534
2295 2296
2295 1471
2297 1119
2297 873
2297 125
2297 1804
1148 1105
1518 128
2298 2096
910 664
2289 987
1911 2299
2300 1654
2300 1096
2156 2296
2156 695
2301 1315
186 2
186 1560
2302 2303
2302 2304
1288 618
2305 624
2306 2307
1779 489
1779 1870
1779 1513
661 2182
661 2308
2309 2310
2311 2312
2311 2306
547 1243
2313 1938
2313 2314
2315 468
2315 2316
2315 756
737 2317
737 1458
737 1700
737 1620
737 1309
2318 2032
2318 1999
1677 1576
2319 2279
2319 2108
2320 1384
2321 1996
2322 1553
411 380
1919 826
1919 901
1919 1022
1919 1650
1669 2323
2324 1628
2324 1947
2324 2173
2324 1739
1477 1956
724 1257
2325 2039
2326 1681
2326 2327
2328 1368
2328 1877
2328 190
2328 410
2329 530
504 2330
1969 1293
1296 169
1296 820
1296 1779
1296 802
1296 1965
899 1825
2331 905
2332 2333
2332 2334
1519 304
2335 1840
2336 2337
2336 593
686 2338
686 685
686 1121
686 2339
686 924
2340 2341
2340 1802
2340 984
2342 2343
2342 460
2344 1042
2344 373
21 261
2345 830
2345 2346
2345 1033
516 1247
2347 581
1004 723
1004 2348
2349 1761
2349 986
2349 765
2349 2350
2349 962
2351 1319
813 982
2352 2054
2352 1354
1733 893
2353 2285
2353 2051
2354 428
2355 2234
2355 1514
2355 152
2282 1586
174 2356
174 313
2357 470
2358 2359
2358 2360
2358 1135
963 250
2337 1449
84 1154
2361 2362
2361 309
2363 887
2363 971
2363 626
2363 521
521 1390
1476 961
2364 905
2364 263
2364 635
2365 751
2365 842
1564 1709
2366 1606
1199 1463
2367 718
1957 2368
2369 656
1172 2139
2370 1116
2371 1069
2371 2372
2373 1832
2373 409
2374 341
2374 1339
1107 106
2375 1061
2375 2376
2377 1868
2377 1191
2377 165
2377 1345
2377 1573
2148 915
2148 294
2378 1847
2378 1228
871 2379
2380 790
779 1539
2381 948
2381 2259
2382 1382
2382 2383
2382 2384
2382 1873
2382 425
2385 1456
2385 1753
2334 177
2334 2386
2334 2387
2334 1016
320 2388
1639 1011
1639 2067
2389 2200
2389 1381
2390 1165
2390 853
548 1090
2391 1893
2392 2332
2392 2393
27 2394
2395 214
2395 1525
2395 215
2231 2396
1597 1498
1860 1882
1860 1596
1860 2109
1860 1432
395 2397
2398 2223
2398 1887
2398 371
1086 2399
2400 1746
2400 2401
2402 1539
2402 449
687 1602
687 1843
1364 1960
361 979
1736 100
2403 2404
2403 1671
2405 196
2405 2406
1626 2407
1626 219
2408 346
2408 2409
1737 1605
2410 46
1112 1542
2411 2225
708 2412
419 1344
419 2413
1723 2136
2393 2410
2393 1975
372 1521
372 1186
1843 996
1843 351
59 1090
2414 667
1393 2415
1393 1267
1986 1173
1229 2018
1628 2416
1628 2174
768 434
331 2417
2418 1791
2418 1592
2094 894
2094 2419
2094 989
2420 2047
2420 968
2420 2077
2421 2422
1708 2423
778 2424
2425 719
2425 2323
2245 2426
2245 2377
2245 2424
2245 1175
1089 2427
2428 691
2429 1450
2430 1612
2430 481
487 2163
277 2431
811 1903
997 991
1238 2087
1238 1803
1238 2156
1601 178
1601 521
1695 247
2432 2433
2432 1376
2434 542
2435 1777
2435 1901
2436 34
2437 434
2437 2123
2046 2045
2046 1514
2438 2439
421 2440
421 1175
2441 263
2441 882
2441 1006
2441 2192
2441 1728
2442 1266
1006 2443
1006 2175
1006 2309
1006 262
2444 1098
2444 1297
1690 2445
1690 986
1690 2289
1690 1999
1690 764
2008 2446
2447 1257
2448 1465
2448 1785
2449 961
2449 1915
527 118
2341 2450
2451 575
2452 1507
343 2201
2453 1057
1312 1315
2454 1459
2454 1580
795 658
2455 379
2455 2456
2457 1026
2457 1218
671 1007
671 2334
1788 306
1788 2087
806 740
806 1123
2230 2458
2459 1500
1311 2460
2461 1993
241 2304
241 2322
2462 1040
2463 311
1721 204
749 2052
368 632
368 1428
2464 2465
2464 1458
2466 1997
2466 2288
2467 965
2468 2156
935 2469
1931 356
2314 1760
2314 1211
2314 551
2470 266
2470 2471
2472 1578
2472 2473
1442 969
2417 905
2417 1570
165 1193
2474 1306
2474 682
1488 715
1488 2405
1488 558
1488 2083
1488 2475
2476 1636
2476 1902
1642 703
2477 1373
46 2334
2478 1768
2010 336
1266 2479
1266 2093
1266 1395
2480 2397
2481 1899
2481 2335
2481 2482
2483 2484
2483 2485
555 1405
555 2305
2356 1845
1355 519
876 989
2412 229
1857 2486
2487 1876
2487 1676
2488 1278
2488 2298
2488 1277
2489 2074
2489 1645
232 2304
232 240
1208 2312
2490 1673
1313 2491
1252 1623
676 1943
2492 659
2492 264
2493 2446
2493 1080
2493 2494
2493 1205
2493 1575
2493 2427
1805 2135
690 2422
2495 2496
2495 790
394 2497
48 70
2498 1703
2498 2486
1594 1773
1810 93
1259 815
2499 1576
2499 1958
2209 2338
2500 2065
2285 2088
828 2239
307 2501
1742 583
2502 500
121 380
121 2503
2504 1077
2504 2505
2506 298
2506 1876
2506 2507
2308 2353
2308 663
2308 880
1652 1372
2508 2104
2508 2284
2508 1288
2508 44
2508 2484
2508 2509
2510 948
882 462
2281 2511
1425 2144
2512 1506
2512 296
53 644
53 1960
622 114
2513 1524
2513 510
2514 494
2515 778
2515 1027
1665 1966
1665 2516
1665 550
1665 546
1665 2233
1336 887
1336 969
2386 2158
2387 1189
275 2287
450 2517
2518 185
2518 1309
2518 309
2518 2519
2518 2520
2521 1710
2521 1871
1132 26
2362 2382
2362 1323
2362 2255
2362 2522
2362 2523
2362 804
2524 2433
1603 968
1603 1044
1603 1452
1704 2525
453 2333
2067 2526
2527 349
2527 2528
2529 2150
2530 246
2530 1490
2530 964
2530 2316
2460 334
2460 1310
2460 198
1967 2516
2531 202
2532 1878
2532 2164
106 1359
154 1187
2059 1293
2533 994
2533 1081
2534 665
2419 895
1764 2535
1764 399
1764 656
1291 2218
2536 992
2536 2537
881 1025
881 262
2537 1436
2538 123
2538 2198
172 2004
2041 66
2539 742
2539 2540
1624 248
856 2169
1141 581
1141 617
2541 925
2541 1888
2542 2543
2544 1786
2544 2511
2545 2057
1139 484
1139 8
2546 1261
1372 133
2440 2088
2440 324
2303 2547
2548 1289
2548 1884
2549 2333
2550 2159
124 455
124 2551
2552 2553
2552 1136
1855 612
2330 503
2554 1188
2554 1600
2555 2556
2555 1175
2557 2301
2557 2250
2558 1325
1862 1270
2456 2341
2456 2356
2559 2560
2559 2101
2559 146
2559 2119
1985 1169
1985 2376
1357 1644
2561 711
2561 2562
102 1987
960 1508
2563 1197
1020 2477
1020 1362
1020 2275
1020 2564
1020 565
2145 372
2145 572
2014 2565
2566 2567
2566 2264
2183 2357
2183 2556
2183 2203
2183 286
1221 2435
1955 379
1955 1144
1402 521
1799 2480
786 1478
786 2394
2568 2569
2570 647
1756 1980
2571 2572
2571 165
1159 1109
1159 1640
2161 2569
2085 1453
2573 1846
2573 2496
2573 411
2573 2502
2525 1744
1129 133
1129 825
1129 586
850 1336
2574 106
1722 1635
1408 2535
2339 2433
1203 145
2575 126
2575 2019
904 2497
904 1021
904 2070
2226 1579
2576 1514
679 246
679 1694
679 2350
679 2467
2577 1692
2577 278
2577 2578
1846 1426
1706 1622
1706 1744
593 466
2579 451
115 1384
2580 455
2222 2581
2222 2582
1303 1735
1303 1507
1879 1989
2583 2465
2583 1387
2583 1313
1952 2098
2519 142
2584 2461
2584 2222
2426 1174
2585 1570
2586 630
2586 988
2586 435
2587 455
2587 1894
2588 1405
2588 1256
2589 2590
2589 954
2591 2592
2593 2189
2593 1983
879 2015
879 2258
1963 2089
1963 2219
1672 1114
2501 1966
2594 2595
2594 691
1718 1442
1718 887
1718 1967
2596 2130
2596 1263
2055 2079
728 109
2597 449
2272 2598
898 581
898 1449
2599 923
2599 2359
2379 1314
1750 999
2600 2509
2310 740
2310 2410
2310 2039
2310 1530
2310 363
2310 453
2310 311
1349 1369
2601 1546
2601 522
2602 706
1379 975
2401 455
54 1236
54 1424
54 2603
54 870
2124 589
2124 1450
2604 926
41 340
41 2605
41 1483
2031 2606
2607 1082
2607 1444
620 2001
620 1452
2608 1701
2608 662
2608 796
2608 1653
2609 557
2609 121
2610 1715
598 219
1616 1618
1616 173
2494 1177
2494 182
2494 1575
2494 1216
2611 1986
2612 1397
2612 438
2049 1603
2049 2076
2049 1885
2613 2602
2613 2460
2614 425
2614 1839
1797 1550
2551 2211
2615 512
2615 2027
2616 734
2565 1494
2617 2100
2617 168
2618 2366
2618 2592
1339 1681
1339 839
2540 693
1251 2347
2619 1188
2619 1120
2620 648
2620 2621
2622 202
2507 2487
2073 2623
2624 204
2625 2094
2485 47
1180 1512
2528 2626
2528 1705
2528 2627
2528 239
2528 701
2528 264
1592 1318
1770 1757
2628 1571
2629 603
2629 782
2630 1619
2630 438
1526 1663
1526 2501
2631 771
2631 528
2632 650
2632 2260
91 1623
2633 1181
2219 654
311 1986
2634 855
2635 1837
1837 2562
2122 1933
2595 2033
327 1405
327 2636
327 555
756 781
1713 567
1713 2637
2638 457
2638 1719
2638 551
2638 2342
2639 662
2639 163
2458 829
2640 2445
2640 894
2641 1352
2641 2505
2642 1895
2642 2026
2642 2643
2644 397
2242 156
2242 1269
2242 328
2242 2197
2242 2086
2215 1577
2645 1725
2645 2481
1842 990
608 773
2233 2646
2233 246
2233 679
2647 548
2648 658
2648 1093
2649 462
2649 2195
2650 457
2651 2278
2598 1109
2652 2579
2652 1109
2653 2605
2653 1708
2654 1359
2655 1603
2655 412
2656 1570
1883 34
2657 1577
2658 1098
2658 488
2658 1867
1469 438
2659 2660
2659 367
2112 1735
2112 2368
2200 1588
1454 1070
2623 2473
2661 706
2662 771
1227 2125
1328 82
1960 1124
2663 2278
2663 712
2663 641
2664 447
2664 2256
1079 2142
2665 1995
2665 85
1437 2329
2666 813
2666 151
2667 453
2667 2668
2667 2669
2667 2670
2671 1134
2671 2672
2671 2673
2674 1374
2674 1031
2543 1370
2675 2224
2675 1217
2676 1246
2677 114
2677 2567
1646 2660
1383 1116
1567 1778
2678 637
2678 2679
1974 866
2680 213
2680 861
1658 1333
1224 2441
2553 106
1680 2642
2207 1950
1664 2351
1664 780
1466 175
1466 1104
1908 1542
1908 850
2681 2491
2681 2120
1558 462
1558 1271
2682 2440
2682 961
2682 60
2682 1967
2423 129
1705 264
1705 2267
2217 2249
1644 2683
2684 1240
2684 260
1686 1760
1686 2628
1686 2685
1838 1818
2686 2467
2686 1998
2686 249
2687 523
2687 34
663 470
663 186
2443 385
390 1929
1802 1578
1802 1285
1802 1018
2688 1886
2688 2177
2689 1178
2277 927
342 1110
1308 1736
1149 2546
1149 2690
1667 2600
1667 1429
1875 658
2691 254
2691 1860
2180 2692
2180 1647
2180 556
2247 1565
2247 1548
2247 319
2693 1384
2679 2005
2439 1706
2144 444
2694 734
2694 745
502 506
502 2695
2520 2051
309 617
309 2501
465 1735
465 1122
365 2696
365 1662
365 1175
2697 1869
2697 2415
2698 1661
2698 2291
2699 481
2699 1195
2167 388
2700 1896
2700 2294
2581 1866
2581 2320
1668 1595
2670 1535
2670 2701
2670 2702
2692 1143
2703 169
370 1219
370 1367
2404 1266
1607 1182
1528 1325
1528 464
1528 1705
1528 325
337 1926
2704 1328
2704 99
302 906
2705 2270
2705 1158
1783 138
2317 1701
2317 1311
1590 625
2706 479
2707 2025
42 917
42 168
42 190
42 171
2708 2129
2708 51
2709 157
2710 2423
2710 119
1531 2307
1347 1914
2711 455
2711 1501
2712 2274
2712 2389
2713 2714
2713 1020
1655 219
2715 1734
2716 115
2416 1145
2714 2717
2714 1321
2714 1631
2714 2275
2714 1029
1763 2380
2718 740
2718 2261
2718 2309
835 1903
2133 894
2719 2720
2719 30
2719 280
2034 960
1844 2568
905 2591
905 2399
1256 2572
1256 219
2721 2063
2721 2241
578 1150
74 164
2722 2059
2722 231
2562 1372
2562 1129
2562 2469
1197 1159
1197 428
2012 345
2012 832
2012 2723
2724 1541
2376 1511
2376 1458
685 608
685 2621
685 2673
2725 953
2017 1822
2726 1773
1711 930
2727 2429
2727 2636
2727 1406
2503 193
2728 2729
2728 1710
2728 406
2728 2128
2728 1889
946 2730
2606 2338
2471 1113
2731 2271
2731 1416
2732 1280
2327 1048
2733 2534
2733 384
2734 1909
2735 2696
2735 1175
2735 1823
2626 933
2637 2198
451 2517
2236 890
2236 165
1260 104
1260 1764
1260 793
1556 317
2736 613
2736 2526
1817 1764
1817 616
2253 959
2253 841
2102 1431
1675 2421
1675 1764
409 1889
2737 565
2737 2106
2738 2094
2738 1480
2739 1460
2739 1385
908 1854
2740 34
2741 2370
2741 682
400 2742
400 202
400 2743
584 1664
2088 1149
2547 318
2037 956
2590 1935
914 1036
2484 1914
2029 1569
2744 1384
5 2358
5 2565
2205 1982
2205 2409
2205 833
2745 2286
2745 1255
2745 1633
64 829
64 1959
64 1183
2720 2646
2720 1289
149 526
149 577
1246 581
2082 639
2082 2460
1461 1572
195 2342
195 914
2372 2396
50 2388
