272 408
0 1
2 3
4 5
6 7
8 9
10 11
12 13
14 15
16 17
18 19
20 21
22 23
24 25
26 27
28 29
30 31
32 26
33 34
35 36
37 38
39 40
41 42
43 4
44 45
46 47
48 39
10 49
50 51
52 53
54 27
55 56
57 58
59 60
61 62
63 64
65 19
66 67
68 69
70 71
72 73
74 75
76 77
78 79
28 80
81 14
82 83
84 50
56 85
86 87
88 89
55 90
91 92
93 10
94 55
95 96
97 98
99 83
100 101
102 17
68 103
104 105
106 67
107 94
108 77
109 66
40 106
62 102
110 111
112 113
114 74
115 116
117 118
106 119
120 97
121 122
72 113
123 124
125 20
126 63
57 127
128 129
130 112
131 2
76 132
133 134
135 136
132 32
137 138
139 16
140 141
136 118
118 142
143 144
128 145
146 147
145 148
103 63
42 147
149 150
151 152
153 154
155 12
156 23
157 14
84 158
159 160
161 162
12 36
119 163
78 164
165 101
166 167
137 86
168 153
169 170
171 69
172 173
174 132
175 176
177 178
112 179
180 181
176 126
182 183
43 8
96 184
185 186
15 187
188 189
6 124
190 104
191 192
170 193
194 157
195 72
7 1
196 159
31 197
198 199
200 201
164 202
203 100
138 121
204 197
205 206
207 59
208 142
209 171
23 74
102 160
151 210
211 99
212 87
213 5
214 215
196 167
25 216
36 217
218 219
9 108
173 186
172 220
198 221
190 208
222 223
171 224
120 13
49 225
26 189
17 226
184 205
117 115
227 181
51 156
228 77
29 185
200 229
34 38
170 78
47 208
35 56
181 111
163 230
116 141
34 62
125 231
90 232
233 197
234 133
228 220
98 235
48 169
128 45
226 71
235 11
114 174
236 95
59 0
46 121
237 238
94 57
33 239
240 93
180 207
0 165
173 192
241 200
165 198
152 65
67 19
202 220
242 243
54 48
147 205
244 97
236 85
245 144
156 229
242 246
105 247
111 134
127 214
68 47
122 235
233 146
248 3
249 250
251 228
18 252
207 81
21 37
29 139
175 213
61 218
130 178
58 129
40 64
131 83
82 109
234 204
89 180
53 253
153 123
86 140
254 31
255 256
73 155
114 85
3 107
257 253
141 157
149 213
100 131
50 195
148 96
143 161
150 258
237 25
215 182
245 190
104 259
150 154
203 92
154 230
88 260
177 166
33 261
52 240
250 262
191 84
134 66
263 264
263 246
107 126
92 265
221 236
227 245
162 255
70 146
266 267
152 244
238 193
20 238
24 206
260 265
110 268
82 41
159 267
254 199
225 268
51 117
91 162
263 90
79 22
45 240
39 187
176 262
8 133
206 210
219 259
248 191
253 41
229 53
99 32
161 35
169 144
221 119
125 149
193 129
109 212
9 122
116 91
247 52
123 42
209 269
71 60
255 18
215 189
243 65
70 103
256 93
199 105
265 61
95 138
260 251
223 269
155 270
163 160
81 232
216 201
251 241
227 167
261 268
28 211
80 145
13 30
224 75
124 143
194 210
164 87
256 188
249 80
137 182
60 188
226 79
7 250
108 6
179 11
224 271
254 172
115 204
184 158
139 217
244 22
237 101
178 233
195 1
239 30
270 44
16 43
231 174
267 44
2 98
194 266
183 166
232 257
271 186
136 230
88 148
219 127
21 252
196 248
89 258
140 175
242 177
37 46
135 49
151 259
24 225
187 179
202 264
262 261
27 239
64 241
69 270
75 110
192 252
211 142
271 168
113 218
76 266
185 15
38 257
135 264
258 120
247 5
246 269
183 201
58 234
73 212
217 216
243 249
130 231
4 223
209 203
158 222
54 222
168 214
