90 231
0 1
0 2
3 4
3 2
5 6
5 2
5 7
5 8
5 9
5 10
5 11
5 12
5 13
5 14
5 15
5 16
5 17
5 18
5 19
20 2
20 7
20 5
20 21
20 11
20 22
20 23
20 24
20 25
20 26
20 27
20 28
20 29
20 4
20 30
20 9
20 14
31 32
33 2
33 7
33 10
33 4
33 26
33 18
33 34
35 36
37 38
17 27
39 40
41 2
13 29
42 20
43 2
43 10
43 39
44 43
44 0
44 2
44 7
44 3
44 21
44 12
44 11
44 33
44 45
44 46
44 22
44 47
44 38
44 35
44 48
44 49
44 24
44 50
44 51
44 52
44 28
44 53
44 54
44 27
44 55
44 15
44 56
44 41
44 57
44 58
44 20
44 10
44 29
44 32
44 13
44 59
44 60
44 61
44 19
44 62
44 23
44 8
44 63
44 64
44 65
44 18
66 20
67 38
68 2
46 2
46 7
46 5
46 69
46 10
46 20
46 24
46 26
46 18
24 29
24 28
24 25
24 13
24 15
24 26
24 18
10 24
10 13
10 70
10 4
10 18
60 38
60 2
60 61
19 2
19 24
19 29
19 26
71 43
71 56
71 21
71 2
71 7
71 23
71 44
71 20
71 72
71 11
71 52
71 32
71 51
71 22
71 50
71 27
71 55
71 46
71 65
71 19
2 6
2 73
2 52
2 12
2 70
2 74
2 35
2 22
2 38
2 75
2 11
2 25
2 17
2 39
2 26
2 54
2 76
2 15
2 36
2 58
2 77
2 21
2 10
2 72
2 32
2 4
2 61
2 78
2 8
2 69
2 1
2 79
7 2
7 10
7 24
7 26
7 18
45 5
45 2
80 72
80 18
22 81
49 72
49 20
82 38
53 32
36 38
1 37
1 27
1 82
1 17
1 59
1 83
1 84
1 22
16 2
85 77
85 36
85 2
47 61
77 15
11 69
11 39
34 47
28 25
27 37
86 2
87 2
88 20
88 11
23 38
23 69
23 39
89 43
89 36
89 58
89 34
9 25
9 2
