161 608
0 1
2 3
4 5
4 6
7 8
9 10
11 12
13 14
15 16
17 18
19 20
21 11
22 23
24 25
26 27
28 29
30 1
31 32
33 34
35 36
37 29
28 15
38 39
40 41
42 43
33 44
45 46
38 16
47 48
49 44
22 50
51 52
53 54
55 13
45 56
57 6
58 10
59 60
61 57
62 53
50 63
64 46
65 66
67 68
69 54
7 70
71 72
3 73
74 75
19 1
47 66
76 77
14 78
9 79
80 55
81 82
83 78
15 84
60 5
85 86
81 80
87 55
88 34
71 89
60 90
91 63
92 93
1 18
27 94
2 25
95 96
97 98
27 90
99 3
100 96
62 67
101 24
102 103
104 105
68 106
29 107
88 108
109 19
110 103
50 11
37 10
91 12
1 111
112 113
91 114
115 116
117 92
80 118
11 106
119 120
89 75
121 86
5 122
87 112
4 123
95 97
108 93
31 124
37 58
41 38
125 126
127 3
74 13
128 85
129 32
82 13
41 129
130 97
32 29
131 132
94 122
24 125
117 116
20 133
31 48
134 135
136 66
30 83
137 138
139 128
10 128
57 62
35 105
140 137
6 141
131 91
122 101
102 110
142 75
58 128
131 35
9 58
6 67
126 106
143 33
35 46
84 139
113 97
56 102
144 38
13 78
91 145
100 4
119 146
84 16
90 73
88 56
48 66
32 92
147 111
144 129
46 148
41 31
149 99
31 129
69 138
10 85
27 99
0 47
150 65
74 78
64 105
143 70
47 143
144 28
150 7
41 124
55 82
103 25
123 101
34 108
64 132
141 24
151 79
106 25
63 145
40 48
52 121
116 79
21 141
152 109
77 11
90 101
124 39
22 138
87 151
65 7
119 153
50 77
58 85
83 20
89 86
150 138
143 44
20 17
118 98
13 133
69 22
63 106
28 37
57 21
131 154
95 60
31 38
26 59
42 124
92 115
100 95
95 4
26 108
37 84
26 153
45 102
154 8
114 25
73 25
119 79
19 147
49 8
134 109
38 15
52 151
104 44
118 54
155 156
77 23
88 44
5 101
141 125
124 43
152 150
55 72
88 45
124 157
107 44
7 154
151 72
80 134
51 87
69 21
65 70
151 89
70 105
26 93
57 97
56 110
117 120
31 15
76 23
40 47
123 141
129 33
158 30
109 150
110 127
10 86
134 158
87 71
116 93
83 133
72 74
120 79
81 130
148 25
21 50
76 36
91 36
6 123
36 155
56 159
104 88
52 120
82 83
129 143
43 39
118 135
36 132
158 83
146 112
95 6
115 93
80 135
135 138
151 71
95 113
86 142
61 113
94 90
39 157
158 13
146 79
149 127
77 63
127 99
95 61
152 19
87 130
140 138
126 25
64 8
115 153
87 81
116 96
138 23
35 64
26 149
100 153
160 56
160 93
63 12
145 114
103 2
130 118
107 92
116 119
49 105
66 143
41 47
70 49
32 107
57 53
37 120
30 20
94 3
67 141
160 149
48 143
62 69
59 149
9 120
137 23
28 32
76 91
89 72
59 96
104 45
61 6
146 113
136 150
4 90
160 34
26 159
132 155
32 33
19 0
130 53
59 100
36 114
152 136
131 36
59 27
10 121
159 127
135 53
75 14
152 140
62 21
119 113
66 70
156 148
110 2
81 71
33 107
80 82
156 25
35 8
45 105
7 23
41 48
44 34
99 73
84 128
135 140
65 137
121 85
23 154
35 132
51 79
116 120
40 42
70 154
144 29
46 102
104 64
27 60
141 68
44 105
40 147
47 65
76 154
143 49
0 42
71 55
13 83
71 74
84 58
9 117
28 58
50 68
61 98
59 153
9 52
29 92
3 25
60 4
67 21
73 122
45 110
76 63
109 135
77 91
147 43
94 73
134 82
102 148
132 156
131 23
149 27
112 98
130 98
74 14
144 84
118 53
127 2
136 19
57 98
22 77
90 5
99 2
19 30
123 24
135 54
127 103
0 40
82 158
141 126
68 11
109 140
150 137
20 18
121 89
104 49
93 153
107 34
64 102
37 9
129 107
137 154
147 42
107 108
52 79
159 99
38 157
56 127
51 112
64 45
134 118
62 98
114 155
61 67
57 67
62 54
117 115
66 7
69 77
104 56
5 24
61 4
68 126
89 142
149 94
72 14
133 18
123 125
106 12
134 30
8 105
51 146
15 157
62 50
112 130
55 74
131 8
48 33
102 156
80 130
112 97
46 155
158 20
155 25
132 114
22 54
96 113
132 46
151 121
153 96
36 145
11 126
52 89
109 158
81 118
88 159
16 139
160 159
6 5
42 111
29 117
72 75
144 32
22 76
9 121
99 94
136 65
92 34
122 25
80 158
104 34
145 12
21 68
152 65
150 140
119 96
1 17
81 112
152 0
69 53
115 108
83 18
144 15
51 119
0 147
82 74
72 142
160 108
136 47
124 38
60 94
11 63
51 71
152 30
1 20
92 108
15 139
29 115
37 117
101 25
58 139
100 27
67 123
48 129
66 49
109 30
28 84
98 53
159 110
125 25
51 151
111 43
17 111
87 146
42 39
137 7
100 113
35 154
81 55
121 142
1 147
160 26
76 131
116 153
12 25
70 8
40 124
54 138
157 16
61 97
100 60
115 120
148 103
88 160
5 123
136 0
90 122
69 50
134 140
46 156
146 96
41 42
78 133
159 149
140 54
52 10
136 40
59 93
28 117
146 97
22 137
147 17
145 25
110 148
31 144
68 125
33 49
