146 361
0 1
0 2
0 3
0 4
0 5
0 6
0 7
0 8
9 10
9 11
9 12
9 13
9 14
9 15
9 16
9 17
18 19
18 20
18 21
18 22
18 23
18 24
18 25
18 26
27 10
27 28
27 3
27 29
27 23
27 30
27 7
27 21
31 32
31 1
31 33
31 12
31 24
31 25
31 16
31 8
34 11
34 20
34 4
34 35
34 5
34 36
34 17
34 37
38 33
38 39
38 35
38 29
38 40
38 30
38 41
38 42
43 44
43 22
43 13
43 14
43 40
43 6
43 41
43 45
46 42
46 23
47 45
47 23
48 19
48 2
48 39
48 49
48 50
48 15
48 26
48 42
51 23
51 8
52 42
52 8
53 45
53 8
54 8
54 17
55 45
55 42
56 23
56 17
57 42
57 17
58 45
58 17
59 19
59 1
59 28
59 35
59 14
59 13
59 60
59 26
59 8
61 11
61 33
61 3
61 22
61 49
61 50
61 7
61 17
62 2
62 20
62 12
62 29
62 30
62 16
62 44
62 45
63 10
63 39
63 37
63 6
63 24
63 25
63 36
63 42
64 32
64 21
64 4
64 40
64 5
64 15
64 41
64 23
65 32
65 28
65 44
65 49
65 50
65 37
65 36
65 45
66 20
66 33
67 28
67 20
68 33
68 15
69 28
69 15
70 28
70 33
71 20
71 15
72 28
72 6
73 6
73 15
74 20
74 6
75 33
75 6
76 5
76 30
77 5
77 24
78 14
78 5
79 50
79 5
80 14
80 24
81 50
81 30
82 14
82 50
83 14
83 30
84 50
84 24
85 30
85 24
86 40
86 37
87 19
87 12
88 40
88 12
89 37
89 12
90 19
90 3
91 40
91 3
92 37
92 3
93 12
93 3
94 19
94 40
95 19
95 37
96 41
96 26
97 36
97 26
98 7
98 26
99 7
99 41
100 7
100 36
101 7
101 16
102 36
102 41
103 16
103 26
104 16
104 41
105 16
105 36
106 32
106 10
107 10
107 35
108 10
108 22
109 32
109 35
110 10
110 2
111 32
111 2
112 2
112 35
113 2
113 22
114 32
114 22
115 22
115 35
116 29
116 25
117 49
117 25
118 49
118 4
119 4
119 13
120 25
120 4
121 29
121 4
122 29
122 13
123 49
123 13
124 49
124 29
125 25
125 13
126 28
126 40
126 2
126 24
126 25
126 41
126 17
126 11
127 1
127 22
127 29
127 37
127 15
127 30
127 36
127 8
128 12
128 21
128 35
128 49
128 50
128 23
128 6
128 16
129 32
129 20
129 39
129 3
129 13
129 14
129 7
129 42
130 2
130 33
130 21
130 13
130 14
130 23
130 37
130 36
131 28
131 12
131 4
131 22
131 5
131 16
131 42
131 39
132 44
132 3
132 35
132 15
132 24
132 7
132 45
132 25
133 19
133 10
133 33
133 4
133 5
133 44
133 26
133 45
134 32
134 19
134 11
134 29
134 6
134 30
134 26
134 17
135 10
135 20
135 1
135 49
135 50
135 40
135 41
135 8
136 44
136 21
137 39
137 21
138 11
138 21
139 44
139 39
140 11
140 44
141 11
141 39
142 1
142 39
143 1
143 21
144 1
144 11
145 1
145 44
