39 170
0 1
0 2
0 3
0 4
0 5
0 6
0 7
0 8
0 9
0 10
0 11
12 1
12 2
12 13
12 3
12 4
12 5
12 6
12 7
12 9
12 14
12 11
15 16
15 17
15 18
15 19
15 20
15 14
15 11
21 19
21 14
21 10
21 11
22 23
22 8
22 9
22 11
23 1
23 9
23 11
1 2
1 13
1 3
1 4
1 5
1 9
1 11
2 13
2 24
2 25
2 26
2 6
2 7
2 27
2 9
2 28
2 11
13 24
13 9
13 14
13 11
24 9
24 14
24 11
3 29
3 9
3 14
3 11
4 29
4 30
4 9
4 14
4 28
4 11
5 9
5 14
5 28
5 11
16 31
16 30
16 32
16 33
16 34
16 14
16 11
17 29
17 31
17 30
17 32
17 33
17 34
17 14
17 11
18 29
18 32
18 14
18 11
19 14
19 11
20 29
20 31
20 30
20 32
20 34
20 35
20 14
20 11
29 36
29 14
29 28
29 11
25 14
25 28
25 11
26 36
26 14
26 28
26 11
6 32
6 33
6 37
6 38
6 35
6 36
6 9
6 14
6 28
6 11
7 37
7 35
7 36
7 9
7 14
7 28
7 11
27 14
27 28
27 11
31 14
31 28
31 11
30 14
30 28
30 11
32 37
32 14
32 28
32 11
33 14
33 28
33 11
34 14
34 28
34 11
37 14
37 28
37 11
38 35
38 14
38 28
38 11
35 14
35 28
35 11
36 14
36 28
36 11
8 10
9 14
9 10
