966 953
0 1
2 3
4 5
6 7
8 9
10 11
12 13
14 15
16 17
18 19
20 21
22 23
24 25
26 27
0 28
29 30
0 31
32 33
34 0
35 36
37 38
39 40
41 42
43 44
45 46
47 48
49 50
51 52
53 54
55 56
57 58
59 60
61 62
63 64
65 66
67 39
68 69
70 71
72 73
74 75
76 77
78 79
80 81
82 81
83 54
84 85
55 86
87 88
61 89
90 13
91 92
93 5
94 95
20 96
97 98
99 100
101 102
103 104
105 106
32 107
108 109
110 111
112 113
114 115
116 36
117 118
61 119
120 121
41 122
24 123
124 125
126 127
128 129
39 130
131 132
12 133
134 135
136 137
138 139
140 141
142 143
144 145
99 146
147 148
149 150
151 152
146 153
154 155
136 156
55 157
158 159
160 161
41 19
162 163
164 165
166 167
168 169
17 170
171 172
173 174
147 175
176 177
158 178
179 180
181 182
183 184
185 186
187 188
189 190
99 191
192 146
193 95
194 163
195 196
54 66
197 198
199 200
201 202
203 15
97 204
205 206
59 207
208 209
210 211
212 213
214 119
189 215
216 217
218 9
219 220
221 222
223 224
225 226
227 8
228 212
229 230
231 232
185 88
233 234
235 236
192 237
214 62
51 238
239 240
55 241
242 243
244 207
245 246
247 248
249 73
250 251
252 253
0 254
255 256
257 70
8 258
259 89
19 260
261 54
262 263
264 265
240 163
117 17
266 267
268 269
270 271
272 273
274 275
276 277
278 81
279 280
281 88
282 283
19 284
231 285
286 15
287 288
289 290
145 291
292 23
293 294
47 295
296 294
297 298
299 300
81 301
302 75
303 146
263 304
91 305
306 186
278 307
288 308
309 109
310 146
311 312
313 146
314 128
281 186
315 316
20 216
317 318
319 320
321 93
151 201
322 323
324 325
326 327
246 328
329 135
330 331
332 333
183 334
57 335
336 283
337 59
338 339
340 267
341 270
342 343
344 345
346 347
223 266
348 349
80 350
351 352
353 46
207 354
355 356
102 357
358 359
360 276
361 362
363 364
365 366
367 307
272 368
1 369
370 371
372 373
8 374
276 375
376 75
360 163
47 377
276 378
379 115
380 271
202 381
16 118
382 81
383 85
67 163
384 385
386 387
49 388
389 390
391 392
393 394
8 395
51 27
396 397
232 398
399 400
401 402
403 157
404 81
405 406
407 408
409 410
257 99
411 81
412 329
51 413
88 414
63 415
416 417
418 419
420 421
169 345
367 81
422 88
423 328
80 424
49 425
122 260
426 323
312 408
427 428
293 429
430 431
432 146
433 434
340 15
435 436
437 290
438 439
440 155
230 102
110 441
442 15
443 444
445 446
447 448
55 288
2 139
319 449
450 272
451 303
452 288
453 276
237 10
419 454
455 163
456 75
457 458
459 460
250 461
462 463
464 174
465 134
8 466
145 467
468 469
470 444
471 392
472 473
474 39
475 476
477 63
478 267
445 479
8 480
481 36
29 335
482 46
483 163
57 177
160 484
485 486
187 487
488 489
227 218
490 491
325 492
493 494
365 101
495 444
496 497
11 498
499 211
220 500
223 59
501 48
320 502
250 265
384 503
504 505
105 146
506 294
399 237
507 211
405 508
509 510
438 511
146 308
438 74
128 265
38 186
512 513
20 474
514 515
223 340
516 137
517 518
158 519
70 146
520 359
521 522
80 82
523 524
525 123
526 88
527 146
438 528
244 60
529 530
531 167
532 488
533 81
534 535
536 537
29 62
80 533
538 539
540 134
362 109
225 491
29 119
516 541
542 543
192 544
216 545
227 360
546 54
547 54
137 541
548 290
391 371
549 538
187 550
496 551
192 288
552 553
554 555
447 556
557 359
59 267
558 559
396 260
399 11
511 75
12 560
561 288
562 563
268 43
445 564
565 224
1 566
30 139
567 537
296 568
569 180
570 571
572 573
87 186
15 574
276 575
576 169
294 577
578 494
314 294
154 579
580 269
581 582
54 583
580 129
3 62
584 460
585 586
587 89
314 220
588 510
589 202
590 591
47 592
268 129
593 594
463 134
595 95
507 122
423 419
175 596
597 122
598 163
250 599
311 600
442 207
601 602
316 599
603 52
15 604
0 536
605 186
250 606
34 20
607 460
608 488
609 15
610 611
612 146
613 352
8 614
154 615
70 616
55 617
618 619
620 485
63 621
622 623
39 624
276 625
626 627
628 629
630 631
632 494
192 633
634 211
339 635
636 32
637 373
421 466
638 639
640 146
2 285
641 642
643 54
644 134
484 645
646 647
648 419
251 260
649 650
651 652
39 653
654 23
18 42
18 122
655 115
656 163
541 657
658 163
282 659
183 660
661 163
646 662
663 463
192 664
91 665
55 666
667 298
668 669
670 27
317 671
672 673
674 134
227 675
676 677
439 75
83 678
679 75
55 680
151 681
104 623
137 682
549 683
270 202
684 685
80 686
687 88
360 54
128 461
688 645
689 345
629 690
476 507
622 141
279 302
115 691
651 692
644 693
694 174
695 650
696 146
697 698
699 700
701 288
567 167
702 460
703 146
360 675
483 704
80 705
706 253
223 478
438 456
707 708
709 710
600 711
319 502
651 712
158 491
713 307
338 647
714 585
384 288
491 715
47 716
216 717
169 718
638 601
239 163
553 719
720 721
661 598
420 218
276 722
192 151
723 93
724 320
483 725
726 727
474 566
233 644
728 463
729 146
35 429
183 730
154 440
731 106
732 733
438 734
0 735
424 81
478 494
160 645
312 711
736 47
147 737
47 738
100 106
739 218
740 741
742 743
212 744
229 396
312 639
47 102
38 88
745 331
746 146
234 134
192 70
605 88
258 747
2 271
51 102
306 88
507 42
748 698
644 253
514 172
638 408
186 627
749 750
183 751
707 463
567 752
753 522
54 754
755 756
757 530
234 693
758 428
10 400
227 759
760 761
726 762
763 243
764 54
198 288
2 765
616 766
145 767
768 769
770 139
771 251
772 58
129 773
270 151
774 198
775 776
777 778
779 780
45 255
103 781
41 211
470 782
317 783
131 508
482 784
141 591
785 331
786 787
788 23
789 553
790 54
490 226
616 313
791 62
759 258
779 381
750 792
264 461
100 146
212 481
793 75
47 794
795 796
551 797
672 798
799 136
799 137
507 19
496 88
646 339
338 662
800 522
589 779
8 801
348 802
259 756
748 803
804 146
419 246
805 163
102 806
151 589
807 808
770 522
809 553
810 146
264 250
257 664
290 811
812 531
146 813
263 245
231 271
35 294
105 100
814 815
675 276
772 30
816 146
192 99
118 553
88 627
709 744
817 818
68 819
759 374
370 392
105 99
381 820
821 192
759 747
822 538
151 780
99 308
823 23
343 313
279 75
824 294
546 825
110 826
202 780
805 39
827 513
828 54
200 146
829 830
831 331
832 23
833 447
325 282
520 458
387 834
835 102
276 163
337 244
836 80
837 54
838 148
70 308
738 839
714 840
97 728
841 79
504 842
843 23
151 381
81 844
845 846
189 847
0 848
849 850
91 851
852 127
853 483
854 54
855 856
857 741
765 858
490 178
859 460
860 861
566 862
229 863
864 623
120 865
149 866
21 867
868 75
496 186
869 627
870 871
872 23
873 52
493 560
874 875
274 59
46 876
0 877
438 279
878 541
879 880
881 882
734 75
438 376
883 884
885 23
629 813
270 779
8 886
122 887
118 170
269 773
888 159
889 201
387 890
102 891
892 23
799 893
894 23
80 411
895 818
896 591
897 898
68 397
899 900
192 901
142 559
902 172
903 48
904 582
443 782
20 31
47 905
115 629
906 336
907 748
396 819
908 537
397 642
909 667
910 911
102 716
912 180
146 681
219 913
272 773
187 914
580 321
915 460
263 916
341 115
664 308
691 153
917 51
918 842
848 488
919 691
920 921
840 260
809 518
1 39
421 395
922 567
918 505
244 267
403 288
923 741
54 924
542 925
619 85
493 133
926 218
927 928
917 52
232 139
164 929
667 930
20 848
49 931
54 678
412 728
128 250
932 933
934 460
868 438
24 153
935 627
0 936
937 54
54 163
938 939
295 101
274 244
320 553
910 940
331 921
183 941
942 943
936 944
314 268
128 269
676 945
600 601
946 947
948 218
26 917
223 244
312 949
827 307
8 950
951 154
320 449
952 23
953 566
18 211
398 139
526 25
954 169
270 16
955 146
438 793
8 956
97 957
958 54
959 700
960 796
482 255
174 331
20 877
961 23
251 962
777 963
365 396
964 266
280 75
771 145
965 145
