1308 3126
0 1
2 3
4 5
6 7
8 9
10 11
12 13
14 15
16 17
18 19
20 21
22 23
24 25
26 27
28 29
30 31
32 33
34 35
36 13
37 38
39 21
40 41
42 43
44 45
46 47
48 49
50 51
52 53
54 55
56 57
58 59
60 61
62 63
64 65
66 67
68 69
70 71
72 73
74 15
75 76
77 78
79 65
80 81
82 83
84 85
86 87
88 89
90 91
92 93
82 94
95 96
97 98
99 100
101 102
103 25
104 105
106 7
107 108
109 110
111 112
113 114
115 116
117 118
119 120
121 122
123 124
125 126
127 128
129 130
131 132
133 134
135 136
137 138
139 140
141 142
143 144
141 145
146 108
147 148
149 96
150 151
152 153
154 155
156 157
58 158
159 160
161 162
163 164
165 166
167 76
168 53
169 170
141 171
172 173
174 162
175 176
177 153
178 179
180 181
182 183
184 63
185 89
186 164
187 157
188 189
190 191
192 193
194 195
196 197
107 198
199 200
201 202
203 153
204 205
172 151
206 207
208 181
209 210
211 212
194 155
213 214
215 216
217 218
219 220
221 222
223 224
225 226
227 210
228 229
230 231
232 100
233 234
235 38
236 237
238 173
239 240
241 158
242 102
243 244
245 246
161 247
248 249
250 251
252 253
143 29
254 85
255 256
257 61
258 259
260 53
261 94
262 263
264 89
265 212
266 231
267 61
268 269
270 271
272 93
273 274
275 274
276 277
278 279
280 145
281 282
283 25
284 285
242 122
286 71
287 288
289 290
291 292
293 294
24 128
295 128
296 297
298 299
300 224
301 89
152 302
303 63
304 305
306 307
308 309
310 59
311 246
312 294
313 96
314 315
316 317
318 210
319 279
320 321
322 323
324 126
325 151
326 110
327 328
127 329
330 116
331 11
332 63
333 334
335 336
337 212
338 292
339 142
340 341
342 25
338 321
343 269
344 253
345 346
213 347
348 114
349 317
320 350
39 351
352 305
353 210
354 355
278 356
266 157
357 358
359 360
361 253
362 140
363 65
364 38
365 122
366 367
368 269
369 176
370 371
372 373
374 375
376 377
378 193
379 122
380 98
381 247
382 226
383 162
384 385
386 387
388 89
389 390
391 33
392 373
393 394
395 371
396 309
352 126
397 398
399 400
401 402
403 404
405 183
406 224
407 408
409 410
411 412
413 377
414 153
415 416
417 418
419 155
420 371
421 207
422 423
424 145
425 124
426 385
427 428
64 132
429 130
430 214
217 398
431 432
182 81
433 43
434 435
436 437
438 317
439 13
440 151
441 309
36 442
443 288
444 346
445 446
447 448
449 110
80 51
450 122
451 73
258 45
452 373
453 181
454 455
456 457
458 222
459 57
460 461
462 183
463 93
464 5
465 423
466 375
467 191
468 469
322 205
470 11
471 157
472 9
473 474
475 176
476 59
477 251
478 479
480 481
482 116
303 483
484 100
485 428
486 367
487 488
489 490
491 492
26 493
494 173
495 347
496 497
498 290
499 234
500 501
502 164
503 504
505 387
506 142
507 355
508 509
510 511
129 512
513 158
514 94
515 155
426 176
409 346
510 224
516 481
517 412
518 404
519 251
520 521
522 23
523 400
524 481
525 302
526 329
527 509
90 207
528 222
529 69
530 15
531 532
533 25
534 51
535 244
99 521
536 537
538 244
539 212
146 246
540 541
542 474
543 45
190 479
544 25
473 224
304 166
342 321
545 546
34 547
548 251
549 336
550 128
551 521
552 553
498 5
554 541
348 377
354 195
555 556
557 558
559 400
560 561
562 19
563 49
564 373
565 469
566 408
567 568
569 570
571 572
573 574
575 222
576 216
471 423
314 279
524 577
578 579
580 581
582 375
583 404
388 584
585 290
586 587
544 577
588 375
589 279
525 387
590 122
591 493
592 328
168 570
436 189
593 594
555 155
595 596
267 166
597 122
598 124
599 285
600 244
601 602
500 556
115 218
603 360
604 329
111 35
174 246
605 323
349 606
607 608
609 299
610 130
611 608
612 613
614 114
182 615
616 617
618 216
115 568
619 76
620 164
554 574
621 622
623 624
625 341
219 234
444 626
627 577
628 274
629 29
630 263
631 497
632 200
633 67
417 608
233 171
634 635
636 96
637 474
180 493
137 114
303 371
638 532
639 285
228 94
640 442
641 292
362 642
643 21
644 553
595 457
538 346
645 246
476 19
646 91
337 647
648 647
525 78
649 290
650 214
651 642
652 299
627 653
460 608
654 655
656 315
152 55
657 144
407 118
658 317
659 218
319 73
660 661
567 662
663 664
665 96
666 667
545 347
668 521
669 400
670 547
440 288
671 511
672 202
673 418
405 110
674 282
675 676
677 171
453 61
678 469
679 38
680 38
109 305
681 553
682 596
683 336
276 553
135 124
684 490
685 358
686 249
255 504
643 687
610 263
688 302
689 307
690 49
691 423
692 693
694 81
340 197
695 212
696 323
697 91
698 321
699 138
235 65
700 17
701 198
702 200
703 561
644 282
704 596
705 15
706 142
544 455
470 707
283 708
709 57
710 166
451 410
711 91
712 355
551 292
215 197
713 329
714 617
591 617
44 355
383 142
715 205
716 350
717 615
265 35
349 336
718 387
719 78
139 171
515 647
720 608
721 398
429 102
722 501
723 608
724 328
725 218
252 584
295 336
726 292
727 271
728 76
296 164
729 195
730 162
175 541
80 731
732 43
733 43
147 346
424 734
735 347
736 83
485 737
738 87
632 128
209 435
739 321
740 490
611 741
699 742
603 734
743 65
16 461
744 745
746 102
747 731
748 210
619 367
671 323
444 148
749 474
750 144
710 116
436 751
752 302
753 38
754 615
755 756
757 158
758 176
759 556
760 745
761 226
762 358
763 661
764 584
505 594
765 229
766 581
767 76
677 356
296 432
768 218
769 132
679 247
684 418
548 41
770 234
771 772
773 35
467 412
774 5
775 387
484 416
776 351
62 124
777 410
778 57
779 394
186 89
554 742
780 91
781 741
765 546
462 170
782 412
783 734
784 297
785 277
438 346
786 787
788 613
789 356
665 110
790 596
791 9
454 222
542 41
792 292
431 574
625 35
793 412
578 497
326 237
718 490
786 336
794 795
796 474
797 65
518 91
605 294
798 91
799 153
486 800
714 622
801 27
802 803
559 114
804 509
805 29
806 309
807 118
808 809
409 532
86 373
810 15
811 247
812 307
813 102
814 309
814 158
815 328
816 256
28 579
636 142
817 385
612 7
818 410
819 148
820 45
821 509
822 179
823 49
824 358
426 394
825 38
826 570
827 171
828 200
829 67
830 100
799 481
831 126
832 556
833 772
834 317
146 809
835 360
697 803
836 69
384 305
837 838
839 25
840 216
391 841
842 11
843 155
106 501
844 240
429 277
774 29
365 772
845 360
261 412
846 847
848 55
14 334
849 166
798 800
843 442
724 98
101 231
281 446
729 371
850 474
821 851
852 432
464 742
853 336
203 38
730 210
854 155
855 856
840 112
857 328
123 693
739 512
858 488
629 448
859 329
860 158
861 212
862 606
673 687
456 841
863 488
864 558
865 350
866 277
22 455
473 390
867 231
344 35
610 234
459 371
828 655
868 71
869 226
870 693
871 377
175 234
860 33
311 751
75 142
732 346
872 73
873 521
874 93
875 160
727 249
876 687
877 479
878 408
233 751
90 879
880 647
881 158
882 321
735 622
883 455
806 418
227 302
657 504
884 55
717 297
885 442
133 693
886 71
887 360
444 55
167 509
888 423
889 511
814 202
890 7
891 387
40 33
892 96
650 734
781 323
893 404
894 207
895 110
896 116
549 367
897 302
898 323
503 166
753 412
899 290
900 509
901 240
902 455
903 904
722 511
40 229
190 851
359 745
254 45
630 596
905 574
692 385
906 118
907 493
42 299
908 909
550 561
910 561
911 69
912 94
913 553
914 915
125 492
916 745
674 112
917 574
646 412
918 909
123 497
919 667
920 387
680 157
921 904
819 116
921 17
922 317
923 197
924 328
925 400
131 183
926 157
887 546
927 334
908 229
704 134
928 282
77 336
929 509
930 25
931 932
933 423
934 741
849 35
208 157
935 134
936 937
911 329
701 83
938 263
939 148
520 408
940 687
670 93
941 457
942 521
807 457
943 87
944 7
945 412
946 145
947 493
948 157
548 3
949 126
2 195
917 772
821 173
950 41
951 803
444 511
779 218
68 423
644 158
431 218
952 13
364 148
252 285
953 492
502 11
659 271
912 292
614 231
459 574
873 546
954 741
955 356
956 94
549 446
213 412
878 737
957 541
958 105
959 960
866 122
961 448
962 197
963 61
381 432
0 191
36 179
964 602
239 179
965 148
694 537
6 160
966 15
331 547
967 277
599 256
364 346
496 553
968 69
969 256
970 971
962 568
972 909
903 423
552 116
441 162
973 132
974 17
975 212
257 960
808 546
976 481
977 377
978 229
623 87
310 492
979 157
651 980
981 274
982 195
434 635
983 277
883 662
815 218
748 423
984 33
985 309
986 132
987 772
8 423
206 148
988 511
956 989
312 661
990 991
143 158
414 51
992 448
993 237
994 142
995 148
996 622
997 277
784 317
792 207
791 176
998 577
999 772
1000 173
1001 661
789 481
392 613
320 501
733 193
1002 299
677 112
1003 577
261 809
621 541
1004 282
927 67
1005 166
675 360
1006 112
187 915
761 787
1007 879
669 108
1008 622
37 55
1009 41
1010 160
612 87
1011 162
1012 23
1013 537
10 787
1014 244
378 5
149 442
84 200
1015 661
1016 745
456 390
458 371
534 33
766 173
1017 350
28 1018
454 346
829 608
1019 145
1020 153
1021 587
1022 847
970 134
588 198
508 136
1001 130
1023 207
1024 350
896 490
1025 446
628 532
1026 259
505 140
1027 423
354 218
369 51
1028 120
837 446
313 1029
1030 904
660 218
433 234
1031 110
1032 81
1033 210
1034 164
1035 91
709 207
829 504
888 9
1036 602
669 642
427 317
721 446
1037 653
517 164
833 114
1038 160
413 387
774 9
941 27
890 19
805 171
1039 390
858 756
522 96
1040 128
365 160
564 96
1041 271
376 244
945 356
637 38
1042 800
696 9
1043 373
48 394
1044 329
1045 693
720 9
1046 360
1047 98
1048 240
895 851
919 43
943 521
726 57
1049 193
1050 367
18 488
1051 662
1052 1053
993 179
447 212
765 195
1054 841
1055 435
931 398
1056 856
1057 145
368 617
1058 247
1059 558
597 231
104 61
1060 299
177 144
1061 553
713 191
704 553
880 282
463 572
861 622
1062 492
1063 173
873 561
1064 193
1065 81
889 108
508 1066
313 904
1067 991
1068 33
178 33
833 596
1069 114
785 856
564 937
862 488
1037 606
817 122
788 347
177 687
844 581
1070 23
1071 329
1072 67
903 297
766 191
1044 547
621 57
529 9
50 57
520 89
1073 153
1074 741
905 226
1075 1018
1076 222
471 13
338 795
566 577
514 53
898 390
1065 288
1077 360
1078 647
382 1079
1080 553
1081 375
381 197
349 446
487 11
330 371
926 249
280 490
1082 329
117 568
348 309
1083 181
1084 142
725 394
527 800
1085 356
1086 707
1087 290
180 488
1088 317
1089 838
1086 385
1068 455
399 198
727 558
864 375
308 214
1086 173
1090 336
1091 570
340 635
598 144
928 9
768 290
968 173
1092 218
1093 1094
30 158
1095 751
1096 67
335 624
1097 838
494 347
769 120
939 360
79 51
1098 356
889 57
374 226
1099 247
411 305
1100 279
1101 483
1102 856
264 49
812 341
825 216
1103 153
928 55
1033 130
462 118
524 402
1104 43
716 279
491 594
1059 442
776 183
1002 5
506 246
690 51
638 455
386 1105
987 251
1106 9
1107 193
196 751
1108 132
968 226
951 93
1042 277
1038 89
1109 809
391 189
865 579
1052 387
1026 1029
1110 120
1111 290
1046 41
1112 157
48 687
1113 282
137 367
327 400
403 687
668 218
718 442
1114 408
1115 49
625 708
749 553
646 437
308 231
1116 45
1117 387
736 69
949 960
903 707
780 114
1118 504
1119 416
1120 742
1008 23
892 110
1121 73
1049 334
498 78
1122 162
1123 667
1124 43
109 479
983 879
1125 140
1048 259
974 504
443 7
1126 23
998 856
1127 481
192 151
241 73
523 653
696 493
767 373
929 309
1128 3
1129 474
318 989
631 307
225 307
941 214
60 909
1130 21
1131 613
264 479
1132 323
1133 803
1067 390
1134 346
1135 157
1136 346
1056 148
1137 247
967 581
1109 112
97 279
1138 71
452 11
898 259
1070 140
1139 15
1030 1
1107 795
1140 98
1141 253
1142 247
286 341
930 707
376 851
1128 579
468 126
992 78
842 1094
970 31
966 128
1124 218
1143 708
486 653
56 136
1030 126
119 76
539 51
1144 635
333 307
771 400
1145 687
1146 991
1147 116
111 256
1047 294
812 1018
1148 148
1149 222
1150 93
397 65
1151 622
1152 126
586 360
601 457
1153 294
1081 114
1103 134
18 138
1154 574
1155 277
1156 124
886 687
703 253
790 114
689 423
507 43
1157 841
1158 191
1159 240
955 166
1026 635
1160 741
1161 442
953 38
805 216
1162 347
72 13
1163 292
1164 297
1157 299
1165 224
20 387
1166 59
1167 45
1168 1169
982 251
1170 350
882 328
726 492
767 45
517 33
1171 661
206 437
1006 708
1172 200
26 38
993 412
1166 412
744 145
1120 198
986 162
1173 181
1174 271
1069 404
1175 1066
1176 481
997 51
131 469
934 49
314 210
159 367
933 488
1177 27
380 19
1129 27
322 1053
870 841
1178 78
1113 375
1179 212
582 493
651 437
804 31
1120 847
447 136
912 240
533 256
278 492
698 292
287 731
1180 408
939 59
1049 448
1181 61
1182 377
1012 218
325 96
688 27
634 200
957 251
1183 594
710 155
1067 479
942 347
905 128
1062 457
959 5
230 29
878 285
1152 87
650 93
810 288
42 847
972 292
1126 5
802 385
326 624
1025 323
780 105
1164 315
990 1079
822 707
1137 234
103 253
531 57
863 556
1095 155
797 302
1184 116
936 76
1011 772
894 980
1185 224
695 512
186 664
516 435
477 15
1157 574
995 205
1186 488
926 553
1071 256
1187 51
1172 346
705 1188
1032 512
645 932
433 787
1189 635
407 742
913 292
907 76
961 347
185 521
936 212
1190 83
1191 247
199 772
275 1192
1009 547
235 212
543 15
1040 581
219 488
852 87
1165 800
1193 742
1194 269
1009 33
658 800
1177 541
864 1066
929 27
1195 102
1196 134
1170 504
1016 558
752 355
1197 73
603 7
648 584
536 479
760 577
424 83
291 879
1198 108
946 841
1184 27
1000 437
776 416
947 47
199 989
679 655
1076 398
830 838
1199 198
154 851
966 400
1187 118
1200 251
1201 1169
897 398
1202 160
64 59
680 423
628 377
1203 490
1015 173
1204 114
1205 572
366 93
557 737
316 31
491 731
924 155
1206 375
1207 181
1208 745
1209 251
1065 787
444 224
165 183
1125 41
1210 33
899 556
1211 1169
379 375
583 274
1017 504
1096 89
1212 256
796 307
204 841
1195 41
1213 1214
887 655
892 960
1090 285
806 402
1215 734
159 249
1073 574
1204 57
1020 581
427 114
998 474
590 251
1216 581
1082 511
1103 297
952 3
1020 351
816 932
839 909
1106 100
1155 693
1144 350
364 55
1217 237
831 856
1218 108
672 737
868 91
973 305
470 358
818 492
641 210
604 114
417 27
845 481
1215 731
623 148
810 398
149 661
1138 134
1219 448
790 418
955 707
859 428
979 144
419 195
978 617
999 448
952 1214
872 305
945 96
1220 355
591 49
1101 140
629 490
1171 838
994 31
1167 412
948 742
1221 341
430 191
300 653
1140 336
1222 355
150 408
552 76
557 800
694 687
472 256
582 488
571 608
1223 38
121 105
1224 197
573 45
877 231
1225 838
831 140
863 617
1226 214
790 991
744 170
1227 1192
401 358
1186 55
1228 130
1229 375
1230 110
695 1018
739 667
415 504
967 214
969 317
1231 745
332 126
654 282
994 1053
1101 220
891 144
1232 151
848 731
1233 561
859 404
672 249
439 94
944 553
675 851
1234 568
753 511
374 328
1235 1192
1236 83
1108 742
395 483
868 509
881 102
513 85
4 148
733 624
281 558
933 144
1117 130
1089 879
1015 404
1061 78
911 294
1237 960
1012 795
996 667
1220 410
589 166
540 307
1225 41
984 687
1228 155
699 148
343 234
1238 226
659 606
833 613
1239 787
275 200
1184 78
678 317
1168 608
1240 800
1241 315
779 989
1242 587
1243 532
167 202
825 437
1107 247
977 448
928 256
901 130
1244 1
1245 390
1246 59
1216 317
258 412
605 205
528 546
762 126
703 490
487 158
300 17
585 96
1176 15
1031 1066
147 904
995 346
135 647
1132 490
832 587
1247 98
1146 655
1248 246
1217 181
990 541
824 197
1236 635
773 151
366 446
1156 624
6 164
563 558
940 307
925 35
706 61
1058 83
1248 371
420 493
1218 1094
1098 676
1249 375
403 803
976 351
616 323
1035 224
163 315
728 664
885 655
119 210
1250 394
938 47
1207 220
1062 553
519 488
668 224
999 932
250 292
686 108
1204 596
1251 179
818 55
1034 220
1252 351
886 197
588 176
32 367
1060 31
254 94
728 734
1253 158
1243 741
1254 437
906 47
406 23
463 624
1193 321
363 457
918 546
637 400
1235 210
1085 91
930 841
902 809
306 98
270 553
681 31
591 904
876 594
449 94
883 398
184 653
535 546
935 457
738 501
1061 102
287 635
1127 216
79 909
652 285
1255 347
891 741
1134 317
1139 937
399 547
969 93
700 27
1077 81
927 1105
673 615
1201 78
121 594
1244 9
1024 288
1139 263
769 297
632 27
975 481
944 574
1256 455
203 105
1252 148
924 151
1084 613
248 222
1090 179
1257 78
717 282
562 76
639 1214
949 341
788 461
1092 469
1160 183
902 207
1095 635
1233 126
101 615
987 350
1223 277
208 321
601 207
797 9
1258 537
1159 78
750 481
1258 191
1021 148
32 59
1259 33
1168 256
1113 195
289 299
1260 214
585 145
507 271
1088 751
1180 341
1261 105
154 448
380 193
1196 191
946 83
560 11
348 596
746 490
1231 355
125 226
156 181
1262 226
503 1
1122 297
1263 89
8 687
801 253
1200 7
464 596
1073 410
1264 795
1189 240
1196 27
1265 11
1251 246
1266 11
232 642
1267 851
262 155
1268 189
757 214
1269 263
1116 351
1091 25
1202 787
1270 170
988 328
1260 234
1150 130
882 31
1271 91
324 642
874 751
663 971
272 140
1092 38
1212 561
859 98
1121 377
1181 218
992 481
1250 737
906 493
938 214
389 351
211 179
1111 164
215 676
52 299
1272 132
147 469
1005 45
1175 249
201 742
245 676
379 655
893 179
450 29
1013 687
1267 67
923 734
1273 408
1171 27
477 511
361 756
573 1066
755 483
1274 428
920 290
1226 63
359 553
331 207
861 662
1230 731
978 553
545 237
1253 170
392 120
1275 43
1027 148
740 277
1248 7
560 38
103 336
830 309
1114 43
489 375
1276 116
1077 33
1277 5
919 290
619 102
918 53
1153 166
538 148
1074 53
1080 428
964 51
54 234
910 63
1234 132
618 404
1278 572
1084 355
555 879
1279 437
1280 290
763 596
1159 989
70 274
1182 100
70 915
1034 124
1038 404
450 315
832 69
206 346
1144 158
811 321
352 664
549 341
919 78
1158 142
997 244
523 558
1110 358
1081 904
757 224
169 932
1142 162
1151 244
683 617
820 385
471 297
1148 346
543 1
681 841
719 23
1211 1029
1037 13
1243 130
268 851
188 546
1281 435
1282 226
1130 541
1283 247
1173 402
1152 249
127 504
1190 102
692 212
419 980
870 67
1269 412
586 336
1241 493
799 915
1237 108
1074 181
1277 432
706 587
1063 596
1197 511
1057 274
897 294
4 105
452 387
168 511
965 937
1170 5
1115 15
1167 73
871 214
1251 474
343 915
777 428
1284 437
194 108
316 608
747 226
296 655
1025 594
2 693
1072 809
1160 932
211 446
1205 741
917 847
1010 170
1004 153
24 909
395 577
1123 244
451 1079
534 134
75 148
1063 288
641 745
422 247
1146 87
1221 410
44 307
828 176
754 937
690 124
378 803
1069 841
616 67
907 1094
1285 579
1017 1094
1261 231
1255 581
1119 568
773 572
771 27
260 126
1286 795
99 594
383 613
623 346
1183 124
1287 568
1228 126
1022 879
712 240
1209 57
954 428
1128 191
827 416
837 336
478 587
600 3
1286 385
518 442
1163 596
702 387
1098 492
1058 915
438 661
823 89
1032 231
900 78
325 483
1288 851
670 155
1006 100
209 568
1226 59
1178 240
1271 574
542 65
1007 218
835 1066
845 7
1234 138
66 170
1272 546
1289 17
1122 1
1246 231
835 661
468 93
1232 35
1136 474
977 183
1127 373
217 350
1042 490
1221 218
1262 43
576 249
540 47
794 323
1112 653
1224 25
908 568
685 408
535 231
1288 587
1014 105
1100 35
1217 375
50 373
875 302
1008 512
1165 512
384 511
133 579
1014 647
1162 171
834 350
1201 385
614 81
815 31
1284 737
1264 271
1227 120
1219 731
1241 309
798 457
1229 269
640 404
228 400
405 59
1138 742
964 207
92 102
1290 490
74 65
1116 572
1233 307
1150 509
1179 323
1121 216
1135 3
104 1214
482 210
934 237
74 980
682 809
688 116
580 246
1273 412
293 224
1265 81
1256 358
630 49
867 547
1274 189
1213 587
958 402
811 493
860 302
1033 234
627 742
1291 442
370 9
526 321
475 73
575 45
1275 1
593 71
871 971
775 622
396 263
500 294
1093 120
1163 581
1083 390
1290 120
422 222
593 367
1292 474
339 602
1216 594
820 469
682 377
1283 356
688 292
1293 787
749 989
1102 145
592 1105
674 140
1238 602
910 328
842 693
893 1053
985 229
1281 991
298 93
411 742
743 493
834 437
716 493
1140 89
1294 579
743 49
1023 561
196 96
1145 65
1220 350
633 297
1274 65
1295 479
1142 347
598 1094
793 317
295 479
1161 253
480 229
1294 581
961 581
1230 772
825 731
685 71
1039 1066
609 205
576 579
1242 193
1296 153
440 73
370 3
764 1094
1055 96
242 606
232 800
192 226
201 240
178 904
1036 490
519 171
583 31
388 35
957 124
1297 23
723 416
1237 512
640 29
748 909
499 231
227 448
284 803
947 181
1151 856
1278 751
732 93
953 100
241 15
974 751
1178 183
372 1029
37 570
465 256
187 742
1272 158
1282 1029
760 347
714 915
925 247
1268 367
223 35
1080 140
1265 617
337 772
172 1079
836 162
595 511
826 676
1293 274
1194 772
649 220
951 398
1117 112
1269 521
1181 350
1291 138
738 176
1043 224
890 687
510 216
817 210
1239 288
1263 1066
1298 602
88 546
498 25
1134 247
1060 909
1245 96
480 237
460 134
1027 96
678 269
963 351
1270 989
478 390
645 642
855 244
1124 144
530 504
563 162
1276 937
826 96
1263 587
458 581
711 1188
1282 153
1083 158
516 114
827 55
639 98
752 642
590 7
335 29
1143 1066
551 647
656 256
1057 81
20 469
824 309
1016 43
638 708
372 195
1148 756
66 282
1106 234
792 490
510 437
709 731
92 197
855 240
1132 469
913 183
671 971
236 288
1112 787
1002 309
618 25
1246 247
1184 205
243 493
597 9
1190 229
1287 511
1104 132
950 400
1046 412
1097 274
439 47
1149 285
816 240
1131 512
1136 3
1115 279
853 240
1198 437
1088 693
393 501
1299 271
865 741
567 136
781 263
724 323
1297 909
496 294
815 341
1285 49
942 69
526 490
88 237
1050 1066
784 256
1300 404
1056 509
1286 100
1102 116
1045 1
1186 851
778 608
768 1188
881 400
782 606
267 134
1250 57
747 251
1187 212
963 664
743 980
1119 193
786 347
1271 214
344 234
449 991
467 635
434 118
976 81
1154 455
735 483
1301 568
565 428
415 15
762 153
221 509
922 647
310 511
260 140
899 259
1071 183
759 390
633 246
273 189
857 989
221 158
1041 676
876 244
1133 118
713 78
311 488
852 851
797 55
1087 371
896 932
1182 1169
1254 734
1302 65
1253 572
276 546
1108 1192
1013 120
72 148
1099 661
1141 191
631 246
972 61
1281 1079
1302 96
578 461
1222 27
666 65
268 787
843 124
472 532
571 183
409 259
1296 455
1231 132
485 570
880 851
1303 189
888 47
649 11
1258 741
56 47
1023 153
1273 288
922 932
1257 662
1161 98
357 624
1078 110
712 568
1242 214
393 341
783 504
1238 442
857 7
840 904
1298 1018
441 214
656 661
1210 809
823 292
700 207
1201 290
1295 19
1093 237
943 253
239 55
550 1
1252 71
719 350
1296 387
958 328
569 132
1283 596
353 128
1240 15
867 687
981 57
1203 329
1123 664
686 455
273 222
401 587
445 622
312 1188
1180 85
729 442
1215 63
683 224
900 237
1279 57
1176 501
1047 31
1275 428
1158 290
1207 51
522 960
1249 655
777 259
1177 231
1223 94
1185 321
1028 387
513 282
129 572
1089 991
225 202
705 809
1211 67
1203 377
113 795
12 731
1048 334
163 237
1262 120
1304 772
1257 207
529 446
965 315
248 7
1028 664
1300 114
174 385
1114 596
1289 89
357 81
1099 108
620 247
319 398
425 490
1096 521
1277 461
793 404
657 1
1110 584
406 38
538 556
1174 285
34 17
854 205
293 207
0 17
721 642
1305 442
1306 299
1064 57
1208 251
1039 305
60 315
1193 1
1297 772
869 1066
1035 653
1289 27
382 594
1259 13
1043 179
698 1188
1304 1188
1259 904
1305 94
750 138
369 315
139 222
785 9
1031 584
658 162
854 85
1166 179
660 509
813 687
740 667
188 210
361 164
954 416
894 17
634 375
238 989
345 553
914 19
1276 100
1118 290
1147 838
562 17
1291 93
1199 11
1185 288
86 737
725 220
46 655
396 915
1264 210
858 377
363 38
1183 309
1075 110
536 1094
923 642
1179 315
575 795
794 212
1143 387
1097 282
853 428
1279 469
862 138
1307 55
901 375
324 432
333 432
720 93
874 398
940 423
1082 122
272 932
184 435
789 532
1301 305
1280 915
985 493
984 581
318 642
395 83
607 448
701 157
1045 497
801 288
1200 347
1292 71
846 387
465 9
257 841
1109 841
872 390
185 512
499 173
956 1105
113 145
1087 602
1051 423
754 33
559 617
1148 220
165 879
807 1105
837 114
844 198
986 418
761 932
533 290
476 624
1266 98
342 43
849 737
1111 915
775 428
169 329
884 51
1204 387
1141 81
1064 224
421 198
869 483
230 122
1172 437
783 1
482 787
1293 91
77 160
684 347
1044 136
430 271
770 635
1224 290
1191 93
648 1094
362 479
697 568
758 497
973 110
266 1094
1239 234
82 299
502 102
850 1192
689 594
1024 35
988 189
1287 93
959 509
453 617
935 277
466 274
1240 446
528 71
782 162
1051 297
920 173
1070 404
796 19
185 246
1055 584
1100 360
665 292
1247 532
600 432
46 971
1244 55
62 960
914 118
916 256
636 904
1202 416
1075 98
1197 29
1267 157
386 356
1175 164
1235 247
1254 394
875 574
236 157
1149 110
609 570
1301 11
156 707
715 602
823 521
397 259
1307 490
52 570
58 71
421 176
1249 653
620 21
484 49
770 568
304 51
1051 218
10 594
1213 532
804 879
1306 613
296 423
921 105
291 358
589 574
652 501
1081 596
764 132
836 251
611 173
1206 193
778 635
1135 346
948 488
1221 132
107 1169
1003 642
995 96
962 128
466 130
569 932
592 676
1284 512
1021 158
262 269
1303 1
846 160
539 570
280 661
425 624
1076 160
722 532
12 504
819 742
1164 350
223 851
1302 1029
1304 416
364 731
666 145
1288 271
654 166
755 290
1261 197
1102 27
1225 158
996 244
822 512
1298 787
301 25
1040 398
1208 200
877 615
527 164
1290 13
514 455
1091 971
1052 162
763 124
445 553
600 164
565 504
250 274
1154 249
1126 737
68 321
1302 980
982 501
1059 909
950 145
389 687
1278 1105
1285 594
758 100
1232 547
255 183
895 980
1222 197
270 13
866 31
1300 574
1247 346
1218 915
979 205
1255 624
243 841
715 85
84 457
1195 398
723 145
1137 202
353 309
1295 210
1174 160
580 856
1000 655
265 67
1268 49
1307 553
965 346
1130 153
1227 246
702 1
413 43
1147 398
1003 45
1209 136
204 43
1054 87
1019 3
1004 532
1205 904
1305 455
813 547
1085 93
1236 1169
515 38
1299 222
1260 98
414 216
1050 838
443 435
1036 216
691 437
1173 375
1299 247
1229 214
506 247
1266 191
283 390
1153 202
22 546
1001 69
802 279
839 556
489 299
1145 358
1162 541
1206 47
1212 568
975 290
1005 76
604 418
1256 183
1219 404
495 207
759 1214
1011 299
1306 442
931 234
663 745
884 285
368 164
1155 667
14 132
245 126
981 116
150 108
1245 404
494 532
1247 404
531 231
1294 360
1198 387
1019 511
95 347
736 237
345 108
420 17
238 126
1191 1053
97 191
643 229
1129 102
983 1053
730 247
599 126
777 329
117 132
289 390
1292 980
284 787
1068 734
1104 423
1303 160
95 224
520 347
39 138
495 134
566 553
1189 138
885 53
1194 1066
1210 132
916 455
1125 664
1063 114
530 53
1131 153
74 904
1156 140
848 197
1022 334
475 98
332 162
339 294
1041 105
1118 1105
1054 63
1133 305
691 838
161 385
1184 290
850 512
1096 55
1007 89
330 756
16 488
306 33
30 448
808 282
746 89
301 416
711 851
298 661
1072 537
791 469
54 371
327 511
1199 76
1280 347
1078 87
313 617
106 166
1270 305
607 81
1010 35
286 448
