130 911
0 1
2 3
4 2
5 6
7 8
9 10
11 12
13 14
15 16
17 18
2 19
20 21
16 22
23 24
25 26
27 28
25 29
15 24
11 8
15 30
3 31
20 32
33 34
35 36
37 38
39 19
11 40
4 41
8 42
43 44
15 42
45 46
17 11
29 6
47 14
17 26
48 19
49 3
0 50
25 42
11 32
51 19
11 52
11 36
8 3
25 12
9 41
13 53
54 55
4 37
56 18
57 4
36 31
11 47
21 24
44 42
20 10
23 58
55 59
60 36
61 19
4 52
62 63
10 64
65 46
18 66
27 39
67 68
69 70
10 19
71 19
4 59
5 19
41 19
9 23
72 7
36 47
60 65
67 8
43 24
72 32
73 32
11 24
74 53
11 75
0 36
74 39
4 55
76 5
62 25
77 24
72 23
16 32
30 19
65 19
71 4
13 37
4 66
54 45
8 18
67 33
17 60
15 78
79 41
9 12
61 41
8 5
11 28
15 8
9 67
64 19
80 81
13 10
57 16
40 34
15 18
9 31
11 38
67 34
7 36
82 70
9 53
4 83
11 84
64 12
5 85
86 45
13 87
57 63
9 44
68 19
40 19
4 62
11 60
88 19
13 67
21 51
89 19
67 19
11 81
60 67
72 4
60 14
73 86
67 12
88 21
39 90
13 65
68 8
57 36
10 32
85 49
72 65
3 38
75 8
15 20
86 19
91 3
45 1
4 51
45 70
76 19
9 52
7 21
63 77
14 31
4 92
8 19
19 93
10 47
30 18
9 66
62 47
35 51
75 14
21 68
16 6
13 64
13 0
79 4
71 89
11 94
63 24
12 22
1 70
16 44
20 62
10 5
16 25
80 52
95 6
9 63
11 74
8 92
10 16
6 49
23 14
5 51
92 19
16 77
34 96
97 46
95 12
25 19
4 63
11 72
11 0
57 77
62 24
10 22
15 63
36 24
30 14
89 3
98 91
14 3
6 99
100 19
74 18
29 44
9 18
21 78
4 33
15 53
16 19
26 31
36 42
76 69
25 44
19 24
68 18
101 12
91 35
1 59
64 31
35 19
17 42
35 8
68 31
100 51
81 19
43 16
68 58
11 13
4 25
33 44
60 66
75 43
13 19
73 40
11 16
73 60
12 58
13 2
68 69
67 96
8 63
99 58
101 11
11 67
21 36
15 49
2 26
25 6
35 3
86 38
98 102
57 62
19 58
36 78
79 65
20 93
11 61
15 23
11 78
3 51
7 62
13 38
47 92
67 21
8 32
4 103
73 68
77 42
15 29
20 14
11 70
20 75
13 6
97 33
20 47
62 92
76 49
64 69
14 42
95 67
102 21
27 19
92 24
4 104
3 59
68 25
17 14
13 12
35 25
4 105
102 1
4 0
17 25
15 67
20 44
60 43
11 92
0 18
101 67
101 4
5 42
15 64
63 42
17 9
80 41
79 71
9 62
4 84
67 31
57 78
49 42
8 51
67 89
4 100
75 92
72 47
91 49
98 18
11 39
4 106
79 11
7 63
73 6
74 14
9 95
91 12
5 26
20 5
14 77
17 12
60 77
40 62
56 77
73 58
107 70
43 25
95 64
65 16
13 45
36 14
32 42
60 61
89 32
25 32
43 77
31 22
62 78
19 108
5 1
86 65
21 18
10 12
20 24
89 44
6 19
36 58
20 8
73 42
105 39
35 72
89 8
43 63
65 33
12 41
63 14
21 16
4 23
15 57
42 26
10 69
9 5
44 26
29 45
35 42
109 41
8 24
11 110
43 62
15 33
67 4
20 58
75 4
39 111
20 36
69 6
25 8
112 70
9 19
43 8
11 35
43 31
13 88
65 70
4 43
95 8
30 109
75 62
25 24
20 92
34 51
11 85
32 63
68 66
7 77
11 7
49 22
43 64
20 49
62 29
86 8
11 25
8 78
10 23
41 46
113 19
76 31
15 43
9 6
73 23
47 42
19 59
33 19
11 19
101 21
11 68
11 114
73 2
9 4
15 36
11 107
12 3
43 39
15 32
62 44
4 107
80 18
11 6
0 32
68 4
67 85
25 58
73 109
17 95
109 26
9 76
21 4
86 109
113 4
43 36
74 19
75 21
80 12
60 27
64 49
101 68
14 96
8 77
21 42
80 61
11 27
11 108
94 4
45 19
95 10
4 78
8 49
67 69
21 32
11 58
11 115
73 24
104 46
4 108
17 62
52 58
30 89
12 44
79 37
60 80
4 45
8 31
68 64
10 6
75 44
4 116
20 25
68 14
41 70
15 11
47 24
4 46
85 2
91 67
57 43
15 7
20 26
12 26
28 19
43 42
86 13
91 68
13 42
86 58
11 66
101 80
62 14
53 117
4 115
71 51
43 78
42 24
43 92
6 26
118 119
4 49
13 69
11 4
71 74
29 19
98 14
5 14
115 46
64 6
21 47
20 48
76 6
35 24
95 5
86 26
11 86
11 10
91 10
86 6
11 42
25 2
72 16
16 24
120 38
15 102
9 20
10 26
11 26
21 43
13 103
65 74
25 48
73 67
32 6
82 46
6 70
30 56
3 46
6 31
60 62
16 42
1 19
94 121
21 49
72 19
91 8
106 3
29 58
11 50
62 19
3 1
36 8
20 91
41 1
11 44
17 10
9 8
4 16
21 77
73 26
11 71
122 2
71 116
67 82
71 53
73 11
57 42
20 57
17 43
123 13
73 65
16 62
11 118
7 57
62 8
21 23
73 62
75 58
42 19
47 63
25 14
86 88
30 4
15 19
14 78
76 22
10 43
20 31
73 13
15 12
75 29
75 63
12 2
32 14
9 16
4 19
17 122
101 35
67 38
60 64
29 26
11 59
12 6
8 14
11 46
65 113
11 48
9 91
12 19
104 28
6 2
62 36
10 89
11 93
8 12
73 31
19 31
53 83
42 22
9 22
4 34
77 44
12 31
91 16
75 57
8 6
44 31
122 12
11 91
43 48
14 44
20 4
9 42
9 124
13 16
86 14
11 80
86 71
8 22
73 43
17 6
9 89
43 14
16 36
4 28
91 42
10 31
15 94
68 56
85 31
10 49
20 63
68 51
66 19
9 24
19 78
9 3
11 1
80 59
8 44
2 70
97 38
43 26
10 7
15 34
4 125
13 85
1 58
95 25
16 31
4 29
25 47
9 25
86 1
62 111
79 8
37 19
21 57
40 29
8 47
57 8
4 81
68 33
9 49
16 8
60 32
4 18
62 77
14 92
101 60
63 44
97 1
20 43
13 26
15 44
15 5
20 22
6 46
95 26
95 41
6 44
43 47
60 63
86 67
15 25
21 108
13 89
63 92
21 59
15 121
60 78
60 19
13 71
62 39
11 126
125 84
11 18
11 113
56 14
20 77
4 24
49 31
91 14
64 78
17 8
73 52
7 24
85 93
101 44
125 70
57 24
17 68
94 21
0 19
25 63
13 39
47 19
95 31
13 93
15 47
11 43
11 63
69 8
106 50
1 108
11 64
41 103
35 4
21 63
10 68
85 26
25 92
10 2
79 19
60 52
60 8
67 6
60 44
74 44
6 51
1 110
11 54
91 22
26 19
15 52
95 69
122 8
73 33
36 93
4 77
11 102
4 6
67 39
95 2
64 45
127 19
65 53
15 48
20 13
5 12
10 44
73 25
40 25
43 58
13 112
15 68
63 19
62 48
3 19
75 56
15 75
11 53
11 20
34 41
67 14
128 46
79 14
32 53
18 2
36 26
20 16
75 24
11 37
36 44
64 85
7 47
4 129
4 118
60 57
73 63
11 57
40 58
44 19
101 28
53 111
68 2
75 16
68 92
20 2
14 22
40 83
91 31
75 77
11 34
10 53
16 63
10 8
17 19
60 24
11 77
11 23
73 19
9 32
11 62
13 21
11 97
0 46
61 4
95 21
67 5
15 13
11 121
4 112
20 42
21 25
101 52
12 14
60 93
11 45
102 19
16 5
35 60
36 77
91 76
21 105
16 47
20 19
102 70
60 92
88 4
17 2
68 80
5 31
10 18
67 2
60 2
19 22
42 92
44 93
75 36
91 5
11 100
36 63
34 19
11 116
11 88
15 105
102 4
4 36
36 29
14 18
