511 1495
0 1
0 2
0 3
1 4
1 2
1 3
1 5
4 6
4 3
4 5
4 7
6 8
6 5
6 7
6 9
8 10
8 7
8 9
8 11
10 12
10 9
10 11
10 13
12 14
12 11
12 13
12 15
14 16
14 13
14 15
14 17
16 15
16 17
2 18
2 3
2 19
2 20
2 21
2 22
18 23
18 3
18 19
18 24
18 20
18 21
18 25
23 19
23 24
3 19
3 5
3 26
3 20
3 22
3 27
19 24
19 5
19 26
19 28
19 21
19 25
19 29
24 26
24 28
5 26
5 7
5 30
5 22
5 27
5 31
26 28
26 7
26 30
26 32
26 25
26 29
26 33
28 30
28 32
7 30
7 9
7 34
7 27
7 31
7 35
30 32
30 9
30 34
30 36
30 29
30 33
30 37
32 34
32 36
9 34
9 11
9 38
9 31
9 35
9 39
34 36
34 11
34 38
34 40
34 33
34 37
34 41
36 38
36 40
11 38
11 13
11 42
11 35
11 39
11 43
38 40
38 13
38 42
38 44
38 37
38 41
38 45
40 42
40 44
13 42
13 15
13 46
13 39
13 43
13 47
42 44
42 15
42 46
42 48
42 41
42 45
42 49
44 46
44 48
15 46
15 17
15 50
15 43
15 47
15 51
46 48
46 17
46 50
46 52
46 45
46 49
46 53
48 50
48 52
17 50
17 47
17 51
17 53
50 52
50 49
50 51
50 53
20 21
20 22
20 25
20 54
20 55
20 56
21 57
21 22
21 25
21 54
21 55
21 58
57 25
22 25
22 27
22 29
22 54
22 56
22 59
25 27
25 29
25 55
25 58
25 60
27 29
27 31
27 33
27 56
27 59
27 61
29 31
29 33
29 58
29 60
29 62
31 33
31 35
31 37
31 59
31 61
31 63
33 35
33 37
33 60
33 62
33 64
35 37
35 39
35 41
35 61
35 63
35 65
37 39
37 41
37 62
37 64
37 66
39 41
39 43
39 45
39 63
39 65
39 67
41 43
41 45
41 64
41 66
41 68
43 45
43 47
43 49
43 65
43 67
43 69
45 47
45 49
45 66
45 68
45 70
47 49
47 51
47 53
47 67
47 69
47 71
49 51
49 53
49 68
49 70
49 72
51 53
51 69
51 71
51 72
53 70
53 71
53 72
54 55
54 56
54 58
54 73
54 74
54 75
55 76
55 56
55 58
55 73
55 74
55 77
76 58
56 58
56 59
56 60
56 73
56 75
56 78
58 59
58 60
58 74
58 77
58 79
59 60
59 61
59 62
59 75
59 78
59 80
60 61
60 62
60 77
60 79
60 81
61 62
61 63
61 64
61 78
61 80
61 82
62 63
62 64
62 79
62 81
62 83
63 64
63 65
63 66
63 80
63 82
63 84
64 65
64 66
64 81
64 83
64 85
65 66
65 67
65 68
65 82
65 84
65 86
66 67
66 68
66 83
66 85
66 87
67 68
67 69
67 70
67 84
67 86
67 88
68 69
68 70
68 85
68 87
68 89
69 70
69 71
69 72
69 86
69 88
69 90
70 71
70 72
70 87
70 89
70 91
71 72
71 88
71 90
71 91
72 89
72 90
72 91
92 93
92 94
92 95
73 74
73 75
73 77
73 96
73 97
74 93
74 75
74 77
74 94
74 96
74 97
93 77
93 94
93 95
75 77
75 78
75 79
75 96
75 97
75 98
77 78
77 79
77 94
77 99
77 96
77 97
77 98
78 79
78 80
78 81
78 97
78 98
78 100
79 94
79 80
79 81
79 99
79 97
79 98
79 100
94 99
94 101
94 95
80 81
80 82
80 83
80 98
80 100
80 102
81 99
81 82
81 83
81 101
81 98
81 100
81 102
99 83
99 101
99 95
82 83
82 84
82 85
82 100
82 102
82 103
83 101
83 84
83 85
83 104
83 100
83 102
83 103
101 95
101 85
101 104
101 105
95 104
95 105
84 85
84 86
84 87
84 102
84 103
84 106
85 104
85 86
85 87
85 102
85 103
85 106
104 87
104 105
104 89
86 87
86 88
86 89
86 103
86 106
86 107
87 105
87 88
87 89
87 103
87 106
87 107
105 89
88 89
88 90
88 91
88 106
88 107
88 108
89 90
89 91
89 106
89 107
89 108
90 91
90 109
90 107
90 108
90 110
91 107
91 108
109 111
109 108
109 110
109 112
111 113
111 110
111 112
111 114
113 112
113 114
115 116
115 110
115 117
116 118
116 110
116 117
118 119
118 117
118 120
118 121
118 122
119 121
119 122
96 97
96 123
96 124
96 125
97 123
97 98
97 124
97 125
97 126
123 98
98 100
98 125
98 126
98 127
100 102
100 126
100 127
100 128
102 103
102 127
102 128
102 129
103 106
103 128
103 129
103 130
106 107
106 129
106 130
106 131
107 108
107 130
107 131
107 132
108 110
108 131
108 132
108 133
110 112
110 117
110 134
110 120
110 132
110 133
110 135
112 114
112 133
112 135
112 136
114 135
114 136
117 134
117 120
117 121
134 120
134 137
134 138
120 121
120 137
120 138
120 139
121 122
121 138
121 139
121 140
122 139
122 140
137 138
138 139
139 140
124 125
124 141
124 142
124 143
125 141
125 126
125 142
125 143
125 144
141 126
126 127
126 143
126 144
126 145
127 128
127 145
127 146
127 147
128 129
128 146
128 147
128 148
129 130
129 147
129 148
129 149
130 131
130 148
130 149
130 150
131 132
131 149
131 150
131 151
132 133
132 150
132 151
133 135
135 136
142 152
142 143
142 153
142 154
142 155
152 143
152 153
152 156
152 157
143 153
143 144
143 158
143 154
143 155
143 159
153 144
153 158
153 156
153 157
153 160
144 158
144 145
144 155
144 159
144 161
158 145
158 157
158 160
158 161
145 146
145 159
145 160
145 161
145 162
146 147
146 161
146 162
146 163
147 148
147 162
147 163
147 164
148 149
148 163
148 164
148 165
149 150
149 164
149 165
149 166
150 151
150 165
150 166
150 167
151 166
151 167
154 156
154 155
154 157
154 168
154 169
156 155
156 157
155 157
155 159
155 160
155 168
155 169
157 159
157 160
159 160
159 161
160 161
161 162
162 163
163 164
164 165
165 166
166 167
168 170
168 169
169 171
172 173
172 174
173 174
174 175
175 176
176 177
177 178
178 179
179 180
181 182
181 183
181 184
185 186
186 182
186 187
182 188
189 187
187 188
187 190
188 191
188 183
192 190
192 193
192 194
190 191
190 193
191 195
191 196
193 195
193 194
193 197
195 197
198 196
196 183
196 199
183 200
201 202
201 199
202 199
199 200
203 200
200 184
204 205
204 206
204 207
205 194
194 197
197 208
208 209
209 210
210 211
211 212
212 213
212 214
215 216
215 217
215 218
206 207
207 216
216 219
220 221
221 219
222 223
223 224
223 225
219 225
219 217
226 224
224 225
225 227
228 229
229 227
229 230
227 217
227 231
227 230
217 232
233 234
234 231
234 235
231 235
231 232
236 235
232 237
232 218
238 237
213 214
239 240
240 230
241 242
243 244
245 246
246 244
246 247
244 247
248 247
249 250
251 230
252 253
254 255
256 257
258 259
260 261
262 263
264 265
265 263
265 266
263 266
267 266
268 269
270 271
272 273
274 275
276 277
278 279
280 281
282 283
284 285
285 283
285 286
283 286
287 286
288 289
290 291
292 293
294 295
296 297
298 299
300 301
300 302
300 303
300 304
300 305
306 307
306 308
306 309
306 310
307 301
307 311
307 309
307 310
301 312
308 311
308 313
308 309
308 310
308 314
311 315
311 312
311 309
311 310
311 314
313 315
313 316
313 310
313 314
313 317
315 318
315 319
315 310
315 314
315 317
312 319
312 302
316 318
316 320
316 314
316 317
316 321
318 319
318 322
318 314
318 317
318 321
319 323
320 322
320 324
320 317
320 321
320 325
322 323
322 326
322 327
322 328
322 329
322 317
322 321
322 325
323 302
323 326
323 327
323 330
323 305
323 328
323 329
302 327
302 330
302 304
302 305
302 328
324 326
324 331
324 321
324 325
324 332
326 327
326 333
326 321
326 325
326 332
327 333
327 330
327 334
331 333
331 335
331 325
331 332
331 336
333 330
333 334
333 325
333 332
333 336
330 334
330 337
330 303
335 334
335 338
335 332
335 336
335 339
334 337
334 303
334 332
334 336
334 339
338 337
338 336
338 339
337 303
337 336
337 339
304 305
305 328
328 329
329 321
309 310
309 340
309 341
309 342
310 340
310 314
310 341
310 342
310 343
340 314
314 317
314 342
314 343
314 344
317 321
317 343
317 344
317 345
321 325
321 344
321 345
321 346
325 332
325 345
325 346
325 347
332 336
332 346
332 347
332 348
336 339
336 347
336 348
336 349
339 348
339 349
341 350
341 342
341 351
341 352
341 353
350 342
350 351
342 343
342 351
342 354
342 352
342 353
342 355
343 351
343 344
343 354
343 353
343 355
343 356
351 354
344 354
344 345
344 355
344 356
344 357
345 346
345 356
345 357
345 358
346 347
346 357
346 358
346 359
347 348
347 358
347 359
347 360
348 349
348 359
348 360
348 361
349 360
349 361
352 362
352 353
352 363
352 364
352 365
362 353
362 363
353 355
353 363
353 366
353 364
353 365
353 367
355 363
355 356
355 366
355 365
355 367
355 368
363 366
356 366
356 357
356 367
356 368
356 369
357 358
357 368
357 369
357 370
358 359
358 369
358 370
358 371
359 360
359 370
359 371
359 372
360 361
360 371
360 372
360 373
361 372
361 373
364 374
364 365
364 375
364 376
364 377
374 365
374 375
365 367
365 375
365 378
365 376
365 377
365 379
367 375
367 368
367 378
367 377
367 379
367 380
375 378
368 378
368 369
368 379
368 380
368 381
369 370
369 380
369 381
369 382
370 371
370 381
370 382
370 383
371 372
371 382
371 383
371 384
372 373
372 383
372 384
372 385
373 384
373 385
376 386
376 377
376 387
376 388
376 389
376 390
386 391
386 377
386 387
386 392
386 388
386 389
386 393
391 387
391 392
391 389
391 393
391 394
377 387
377 379
377 388
377 390
377 395
387 379
387 392
387 396
379 392
379 380
379 396
379 390
379 395
379 397
392 396
392 393
392 394
392 398
380 396
380 381
380 395
380 397
380 398
380 399
396 394
396 397
396 398
381 382
381 397
381 399
381 400
382 383
382 399
382 400
382 401
383 384
383 400
383 401
383 402
384 385
384 401
384 402
384 403
385 402
385 403
404 405
388 406
388 389
388 390
388 407
388 408
388 409
388 410
406 411
406 390
406 407
406 412
411 407
411 412
389 393
389 390
389 408
389 394
393 408
393 394
390 407
390 408
390 395
390 413
390 409
390 410
390 414
407 412
407 395
407 413
407 415
412 413
412 415
408 395
408 394
408 398
395 413
395 394
395 397
395 416
395 398
395 410
395 414
395 417
413 415
413 397
413 416
413 418
415 416
415 418
394 398
397 416
397 398
397 399
397 419
397 414
397 417
397 420
416 418
416 399
416 419
416 421
418 419
418 421
399 419
399 400
399 422
399 417
399 420
399 423
419 421
419 400
419 422
419 424
421 422
421 424
400 422
400 401
400 425
400 420
400 423
400 426
422 424
422 401
422 425
422 427
424 425
424 427
401 425
401 402
401 428
401 423
401 426
401 429
425 427
425 402
425 428
425 430
427 428
427 430
402 428
402 403
402 431
402 426
402 429
402 432
428 430
428 403
428 431
428 433
430 431
430 433
403 431
403 429
403 432
431 433
434 435
434 436
434 437
435 438
435 436
435 437
435 439
438 437
438 439
438 440
436 437
436 441
436 442
437 439
437 441
437 442
437 443
439 440
439 442
439 443
439 444
440 443
440 444
445 446
445 447
445 448
446 449
446 447
446 448
446 450
449 451
449 448
449 450
449 452
451 450
451 452
453 454
453 455
453 456
454 457
454 455
454 456
454 458
457 459
457 456
457 458
457 460
459 458
459 460
441 442
441 461
441 462
442 443
442 461
442 462
442 463
443 444
443 462
443 463
443 464
444 465
444 466
444 463
444 464
444 467
444 468
469 465
469 470
469 467
465 464
465 470
465 467
466 471
466 464
466 468
466 472
471 468
471 472
447 448
447 473
447 474
448 450
448 456
448 473
448 474
448 475
450 452
450 474
450 475
450 476
452 475
452 476
455 456
455 477
455 478
456 458
456 477
456 478
456 479
458 460
458 478
458 479
458 480
460 479
460 480
461 462
462 463
463 464
464 467
464 468
464 481
464 482
464 483
470 467
470 484
470 481
467 484
467 481
467 482
468 472
468 482
468 483
468 485
472 483
472 485
409 410
410 414
414 417
417 420
420 423
423 426
426 429
429 432
486 487
487 488
488 489
489 490
490 491
491 492
484 481
484 493
484 494
481 482
481 493
481 494
481 495
482 483
482 494
482 495
482 496
483 485
483 495
483 496
483 497
485 496
485 497
473 474
473 498
473 499
474 475
474 498
474 499
474 500
475 476
475 499
475 500
475 501
476 500
476 501
477 478
477 502
477 503
478 479
478 502
478 503
478 504
479 480
479 503
479 504
479 505
480 504
480 505
493 494
493 506
493 507
494 495
494 506
494 507
494 508
495 496
495 507
495 508
495 509
496 497
496 508
496 509
496 510
497 509
497 510
506 507
507 508
508 509
509 510
498 499
499 500
500 501
502 503
503 504
504 505
