125 146
0 1
0 2
3 4
3 5
6 7
6 8
7 9
7 10
7 11
7 12
10 13
14 15
14 16
2 17
18 19
18 20
20 21
22 23
24 21
24 23
25 26
25 27
28 4
28 27
29 30
29 26
21 31
23 32
33 17
33 34
35 36
35 37
35 38
39 36
39 37
39 38
40 41
40 42
43 44
43 34
1 45
41 46
41 47
42 45
45 48
49 50
49 51
49 52
49 53
49 54
49 55
55 56
56 50
51 57
57 58
57 13
44 59
60 61
60 62
62 63
31 61
64 59
64 65
63 65
65 66
67 68
67 37
69 68
69 70
70 71
71 72
71 73
71 74
72 75
76 77
78 79
78 77
79 75
80 73
81 82
81 83
82 84
84 85
19 85
19 15
32 86
32 87
88 86
88 75
87 89
83 89
90 91
90 92
17 66
17 93
93 27
92 47
94 95
94 96
94 97
96 98
99 100
99 5
101 95
102 95
102 100
103 86
103 104
95 30
95 104
105 77
105 98
77 104
106 36
106 74
38 107
108 107
108 109
110 109
110 97
111 109
112 98
48 113
114 115
114 116
114 117
115 91
113 118
68 73
91 119
8 53
16 53
16 46
52 54
120 13
54 121
46 121
27 122
30 122
122 4
116 100
100 123
123 124
124 118
118 119
119 117
