1961 2578
0 1
0 2
3 4
3 5
6 7
6 8
9 1
9 10
1 11
11 4
4 12
12 7
13 14
13 15
16 17
16 18
19 14
19 20
14 21
14 22
21 17
17 23
22 5
23 8
2 24
2 25
2 26
24 5
5 27
27 8
28 29
28 30
28 31
28 32
29 33
33 34
33 35
30 15
34 18
15 36
15 37
36 18
38 39
38 40
39 35
39 41
31 40
42 43
42 44
43 41
43 45
46 47
46 48
47 45
47 49
50 51
50 52
51 49
51 53
53 54
54 55
54 56
55 57
57 58
57 59
58 60
60 61
60 62
61 63
63 64
63 65
66 67
66 68
69 70
69 71
70 72
70 73
72 67
67 74
74 75
76 77
76 78
79 80
79 81
82 77
82 68
77 83
77 84
83 80
80 25
80 85
84 75
85 10
75 86
86 10
87 88
87 89
87 90
87 91
88 92
92 93
92 94
92 37
89 81
93 20
95 81
95 78
81 96
96 20
20 26
97 98
97 99
100 98
100 101
98 32
98 94
99 102
99 103
99 104
102 40
40 105
106 44
106 107
44 105
44 108
48 108
48 109
48 110
52 109
52 111
52 112
111 113
56 113
59 114
62 115
64 116
117 118
117 119
118 120
120 121
120 122
123 124
123 125
123 122
124 126
126 127
126 128
129 130
129 131
129 128
130 132
132 133
132 134
133 135
135 136
135 137
136 138
138 139
138 140
139 141
141 142
141 143
142 144
144 145
144 146
145 147
147 148
147 149
147 150
148 151
149 152
153 154
153 155
156 151
156 155
151 157
157 158
159 160
159 161
160 162
160 163
160 164
162 165
163 166
166 167
166 168
167 169
154 164
154 170
170 158
158 168
171 172
171 173
172 174
172 175
172 176
174 177
175 178
178 179
178 180
179 71
181 165
181 182
165 176
165 183
183 169
169 180
184 185
184 186
185 187
185 188
185 189
190 177
190 186
187 191
177 192
177 193
192 191
191 194
191 73
194 68
193 71
195 196
195 197
195 198
195 199
196 200
197 201
202 78
202 200
188 201
201 203
201 204
203 78
204 68
205 206
205 207
205 208
205 209
206 101
207 200
90 101
200 91
210 211
210 104
210 212
210 213
211 101
103 107
214 107
214 215
216 107
216 217
218 215
218 219
215 110
215 220
112 219
221 113
221 222
113 223
223 114
114 224
114 225
224 115
115 226
115 227
143 228
146 229
150 230
152 231
152 232
231 233
234 155
234 235
155 232
155 236
161 237
161 238
161 236
237 182
238 239
240 241
240 239
242 243
242 244
243 245
243 246
243 247
245 248
246 173
173 249
173 250
249 186
182 250
182 251
241 247
241 251
252 253
252 254
255 248
255 254
248 256
248 257
256 258
257 186
189 258
253 259
253 260
253 261
259 262
262 198
262 263
262 209
260 258
258 199
264 265
264 266
263 266
208 265
267 265
267 268
265 212
269 217
269 268
217 213
217 270
271 220
271 270
271 272
271 273
274 219
274 275
219 276
276 222
222 277
222 278
225 279
226 116
116 280
116 281
228 282
228 283
282 229
229 284
229 285
229 286
284 230
230 287
230 288
289 233
289 290
233 287
233 291
292 235
292 293
235 291
235 294
295 239
295 296
294 239
239 297
298 244
298 299
244 297
244 300
301 254
301 302
300 254
303 304
303 302
304 261
304 305
304 306
307 266
307 308
305 266
309 268
309 308
268 310
310 311
272 311
275 273
275 312
275 313
277 314
278 279
279 315
279 316
227 317
280 318
134 319
137 320
140 321
285 322
288 323
290 324
290 325
324 323
326 293
326 327
293 325
293 328
329 296
329 330
328 296
296 331
332 299
332 333
299 331
299 334
335 302
335 336
334 302
337 338
337 336
338 306
338 339
338 340
339 308
341 342
341 343
341 344
341 345
342 308
343 311
311 346
347 312
347 346
347 348
347 349
313 314
314 350
314 351
315 352
316 317
317 353
317 354
353 318
283 321
286 355
322 356
322 357
356 323
323 358
323 359
358 327
327 360
327 361
360 330
330 362
330 363
362 364
365 333
365 366
333 363
333 367
368 336
368 369
367 336
370 371
370 369
371 340
371 345
371 372
344 373
373 348
373 374
373 375
349 376
350 376
352 351
352 377
352 378
354 379
318 380
318 381
357 382
359 383
361 384
364 385
364 386
385 384
387 366
387 388
366 386
366 389
389 369
390 369
390 391
392 393
392 391
393 372
393 374
393 394
375 395
396 376
396 395
376 397
397 398
377 398
378 379
379 399
379 400
380 401
319 402
319 403
319 404
402 320
320 405
320 406
405 321
321 407
321 408
321 409
407 355
355 410
355 411
410 382
382 412
382 413
412 383
383 414
383 415
414 384
384 416
384 417
416 388
388 418
388 419
418 391
391 420
394 421
395 422
395 423
398 424
398 425
399 401
413 426
415 427
417 428
419 429
420 430
431 421
431 430
421 422
421 432
423 433
424 433
425 434
400 434
401 435
401 436
131 437
408 438
411 439
426 440
426 441
440 427
427 442
427 443
442 428
428 444
428 445
444 429
429 446
429 447
446 430
430 448
432 449
450 433
450 449
433 451
434 452
434 453
452 454
435 454
441 439
443 455
445 456
447 457
448 458
459 449
459 458
449 460
461 451
461 453
461 462
461 463
454 464
454 465
119 466
121 467
125 468
127 469
403 437
404 470
406 471
409 472
438 473
438 474
473 439
439 475
439 476
475 455
455 477
455 478
477 456
456 479
456 480
479 457
457 481
457 482
481 458
458 483
460 484
462 484
463 485
464 485
480 486
482 487
483 488
489 484
489 488
484 490
485 491
485 492
474 493
476 494
478 495
486 496
486 497
496 487
487 498
487 499
498 488
488 500
490 501
491 501
497 495
499 502
500 503
504 501
504 503
501 505
437 506
437 507
470 508
470 509
508 471
471 510
471 511
471 512
510 472
472 513
472 514
513 493
493 515
493 516
515 494
494 517
494 518
517 495
495 519
495 520
519 502
502 521
502 522
521 503
503 523
516 524
518 525
520 526
522 527
511 528
514 529
524 530
524 531
530 525
525 532
525 533
532 526
526 534
526 535
534 527
527 536
527 537
531 529
533 538
535 539
536 540
506 541
509 541
512 542
528 543
528 544
543 529
529 545
529 546
545 538
538 547
538 548
547 539
539 549
539 550
549 540
540 551
540 552
466 553
466 554
553 467
467 555
467 556
468 557
468 558
468 556
557 469
469 559
469 507
550 560
551 561
544 562
546 563
548 564
560 565
560 566
565 561
561 567
561 568
566 564
567 569
541 570
541 571
541 572
541 573
570 542
542 574
542 575
574 562
562 576
562 577
576 563
563 578
563 579
578 564
564 580
564 581
580 569
569 582
569 583
577 584
579 585
581 586
582 587
554 588
555 589
558 590
559 591
571 592
575 593
584 594
584 595
594 585
585 596
585 597
596 586
586 598
586 599
598 587
587 600
587 601
595 593
597 602
599 603
600 604
572 605
592 606
592 607
606 593
593 608
593 609
608 602
602 610
602 611
610 603
603 612
603 613
612 604
604 614
604 615
613 616
614 617
588 618
588 619
618 589
589 620
589 621
590 622
590 623
590 621
622 591
591 624
591 573
607 625
609 626
611 627
616 628
616 629
628 617
617 630
617 631
629 627
630 632
605 633
605 634
605 635
633 625
625 636
625 637
636 626
626 638
626 639
638 627
627 640
627 641
640 632
632 642
632 643
619 644
620 645
623 646
624 647
637 648
639 649
641 650
642 651
644 652
644 653
652 645
645 654
645 655
646 656
646 657
646 655
656 647
647 658
647 635
634 659
648 660
648 661
660 649
649 662
649 663
662 650
650 664
650 665
664 651
651 666
651 667
651 668
661 659
663 669
665 670
666 671
653 672
654 673
657 674
658 675
659 676
659 677
659 678
676 669
669 679
669 680
679 670
670 681
670 682
681 671
671 683
671 684
682 685
683 686
672 687
672 688
687 673
673 689
673 690
674 691
674 692
674 690
691 675
675 693
675 678
677 694
680 695
685 696
685 697
696 686
686 698
686 699
688 700
689 701
692 702
693 703
697 695
698 704
694 705
694 706
694 707
705 695
695 708
695 709
708 704
704 710
704 711
700 712
700 713
712 701
701 714
701 715
702 716
702 717
702 715
716 703
703 718
703 706
713 719
714 720
717 721
718 722
719 723
719 724
723 720
720 725
720 726
721 727
721 726
721 728
727 722
722 729
722 730
729 731
731 732
731 733
731 707
732 734
734 735
734 736
734 709
735 737
737 738
737 739
737 711
738 740
740 741
740 742
740 743
741 744
744 745
744 746
744 747
724 748
725 749
748 750
748 751
750 749
749 752
749 753
752 754
754 755
754 728
754 756
751 757
753 758
755 759
757 760
757 761
760 758
758 762
758 763
758 764
762 759
759 765
759 766
765 767
767 768
767 769
767 770
767 771
767 733
767 772
767 773
768 774
774 775
774 776
774 777
775 778
778 779
778 780
778 781
778 782
778 745
778 783
778 784
779 785
785 786
785 787
785 788
785 789
786 790
790 791
790 792
790 793
790 794
791 795
795 796
795 797
766 798
776 799
787 800
763 801
769 802
770 803
780 804
781 805
792 806
798 807
798 808
798 809
799 810
799 811
799 812
800 813
800 814
800 815
807 801
808 802
810 803
811 804
813 805
814 806
801 816
801 817
802 818
802 819
803 820
803 821
804 822
804 823
805 824
805 825
806 826
806 827
809 828
812 829
815 830
828 831
828 832
829 833
829 834
830 835
830 836
816 837
818 838
820 839
822 840
824 841
826 842
831 837
832 838
833 839
834 840
835 841
836 842
761 843
764 844
771 845
782 846
793 847
796 848
837 849
838 850
839 851
840 852
841 853
842 854
817 855
819 856
821 857
823 858
825 859
827 860
849 861
850 862
851 863
852 864
853 865
854 866
843 867
843 868
867 844
844 869
844 870
869 855
855 871
855 872
871 861
861 873
862 874
862 875
874 856
856 876
856 877
876 845
845 878
845 879
878 857
857 880
857 881
880 863
863 882
864 883
864 884
883 858
858 885
858 886
885 846
846 887
846 888
887 859
859 889
859 890
889 865
865 891
866 892
866 893
892 860
860 894
860 895
894 847
847 896
847 897
896 848
848 898
873 899
875 900
882 901
884 902
891 903
893 904
872 905
877 906
881 907
886 908
890 909
895 910
899 911
899 912
900 913
900 914
901 915
901 916
902 917
902 918
903 919
903 920
904 921
904 922
868 923
870 924
879 925
888 926
897 927
898 928
911 929
913 929
915 930
917 930
919 931
921 931
912 905
914 906
916 907
918 908
920 909
922 910
929 932
930 933
931 934
932 935
933 936
934 937
905 938
905 939
906 940
906 941
907 942
907 943
908 944
908 945
909 946
909 947
910 948
910 949
938 935
940 935
942 936
944 936
946 937
948 937
935 950
936 951
937 952
939 924
941 925
943 925
945 926
947 926
949 927
950 953
951 954
952 955
924 956
924 957
956 953
953 958
953 959
958 925
925 960
925 961
960 954
954 962
954 963
962 926
926 964
926 965
964 955
955 966
955 967
966 927
927 968
957 923
959 969
961 970
963 971
965 972
967 973
968 928
923 974
974 969
969 975
975 970
970 976
976 971
971 977
977 972
972 978
978 973
973 979
979 928
980 981
980 982
980 983
980 984
980 985
981 986
986 987
986 988
986 989
987 990
990 991
990 992
990 993
991 994
994 465
994 995
994 996
982 997
988 998
992 999
995 1000
997 1001
997 1002
997 1003
1001 998
998 1004
998 1005
1004 999
999 1006
999 1007
1006 1000
1000 492
1000 1008
1002 1009
1005 1010
1007 1011
1008 1012
1009 1013
1009 1014
1009 1015
1013 1010
1010 1016
1010 1017
1016 1011
1011 1018
1011 1019
1018 1012
1012 505
1012 1020
1014 1021
1017 1022
1019 1023
1020 1024
1021 1025
1021 583
1021 1026
1025 1022
1022 1027
1022 568
1027 1023
1023 1028
1023 552
1028 1024
1024 523
1024 537
1029 1030
1029 1031
1029 1032
1030 1033
1033 1034
1033 1035
1034 1036
1036 1037
1036 1038
1037 1039
1039 65
1039 1040
1031 1041
1035 1042
1038 1043
1040 1044
1041 1045
1041 1046
1041 1047
1045 1042
1042 1048
1042 1049
1048 1043
1043 1050
1043 1051
1050 1044
1044 281
1044 1052
1046 1053
1049 1054
1051 1055
1052 1056
1053 1057
1053 1058
1053 1059
1057 1054
1054 1060
1054 1061
1060 1055
1055 1062
1055 1063
1062 1056
1056 381
1056 1064
1058 1065
1061 1066
1063 1067
1064 1068
1065 1069
1065 983
1065 1070
1069 1066
1066 1071
1066 989
1071 1067
1067 1072
1067 993
1072 1068
1068 436
1068 996
1073 1074
1073 1075
1073 1076
1073 1077
1074 1078
1078 1079
1078 1080
1078 1081
1079 1082
1082 1083
1082 1084
1082 1085
1083 1086
1086 1087
1086 1088
1086 1089
1087 1090
1090 1091
1090 1092
1075 1093
1080 1094
1084 1095
1088 1096
1091 1097
1093 1098
1093 1099
1093 1100
1098 1094
1094 1101
1094 1102
1101 1095
1095 1103
1095 1104
1103 1096
1096 1105
1096 1106
1105 1097
1097 1107
1099 1108
1102 1109
1104 1110
1106 1111
1107 1112
1108 1113
1108 1114
1108 1115
1113 1109
1109 1116
1109 1117
1116 1110
1110 1118
1110 1119
1118 1111
1111 1120
1111 1121
1120 1112
1112 1122
1114 1123
1117 1124
1119 1125
1121 1126
1122 1127
1123 1128
1123 1129
1123 1130
1128 1124
1124 1131
1124 1132
1131 1125
1125 1133
1125 1134
1133 1126
1126 1135
1126 1136
1135 1127
1127 1137
1129 1138
1132 1139
1134 1140
1136 1141
1137 1142
1138 1143
1138 1144
1138 1145
1143 1139
1139 1146
1139 1147
1146 1140
1140 1148
1140 1149
1148 1141
1141 1150
1141 1151
1150 1142
1142 1152
1144 1153
1147 1154
1149 1155
1151 1156
1152 1157
1153 1158
1153 1159
1153 1160
1158 1154
1154 1161
1154 1162
1161 1155
1155 1163
1155 1164
1163 1156
1156 1165
1156 1166
1165 1157
1157 1167
1159 1168
1162 1169
1164 1170
1166 1171
1167 1172
1168 1173
1168 1174
1168 1175
1173 1169
1169 1176
1169 1177
1176 1170
1170 1178
1170 1179
1178 1171
1171 1180
1171 1181
1180 1172
1172 1182
1174 1183
1177 1184
1179 1185
1181 1186
1182 1187
1183 1188
1183 1189
1183 1190
1188 1184
1184 1191
1184 1192
1191 1185
1185 1193
1185 1194
1193 1186
1186 1195
1186 1196
1195 1187
1187 1197
1189 1198
1192 1199
1194 1200
1196 1201
1197 1202
1198 1203
1198 1204
1198 1205
1203 1199
1199 1206
1199 1207
1206 1200
1200 1208
1200 1209
1208 1201
1201 1210
1201 1211
1210 1202
1202 1212
1204 1213
1207 1214
1209 1215
1211 1216
1212 1217
1213 1218
1213 1219
1213 1220
1218 1214
1214 1221
1214 1222
1221 1215
1215 1223
1215 1224
1223 1216
1216 1225
1216 1226
1225 1217
1217 1227
1219 1228
1222 1229
1224 1230
1226 1231
1227 1232
1228 1233
1228 1234
1228 1235
1233 1229
1229 1236
1229 1237
1236 1230
1230 1238
1230 1239
1238 1231
1231 1240
1231 1241
1240 1232
1232 1242
1234 1243
1237 1244
1239 1245
1241 1246
1242 1247
1243 1248
1243 984
1243 1249
1248 1244
1244 1250
1244 1070
1250 1245
1245 1251
1245 1059
1251 1246
1246 1252
1246 1047
1252 1247
1247 1032
1253 1254
1253 1255
1253 1256
1253 1257
1254 1258
1258 1259
1258 1260
1258 1261
1259 1262
1262 1263
1262 1264
1262 1265
1263 1266
1266 1076
1266 1267
1266 1268
1255 1269
1260 1270
1264 1271
1267 1272
1269 1273
1269 1274
1269 1275
1273 1270
1270 1276
1270 1277
1276 1271
1271 1278
1271 1279
1278 1272
1272 1100
1272 1280
1274 1281
1277 1282
1279 1283
1280 1284
1281 1285
1281 1286
1281 1287
1285 1282
1282 1288
1282 1289
1288 1283
1283 1290
1283 1291
1290 1284
1284 1115
1284 1292
1286 1293
1289 1294
1291 1295
1292 1296
1293 1297
1293 1298
1293 1299
1297 1294
1294 1300
1294 1301
1300 1295
1295 1302
1295 1303
1302 1296
1296 1130
1296 1304
1298 1305
1301 1306
1303 1307
1304 1308
1305 1309
1305 1310
1305 1311
1309 1306
1306 1312
1306 1313
1312 1307
1307 1314
1307 1315
1314 1308
1308 1145
1308 1316
1310 1317
1313 1318
1315 1319
1316 1320
1317 1321
1317 1322
1317 1323
1321 1318
1318 1324
1318 1325
1324 1319
1319 1326
1319 1327
1326 1320
1320 1160
1320 1328
1322 1329
1325 1330
1327 1331
1328 1332
1329 1333
1329 1334
1329 1335
1333 1330
1330 1336
1330 1337
1336 1331
1331 1338
1331 1339
1338 1332
1332 1175
1332 1340
1334 1341
1337 1342
1339 1343
1340 1344
1341 1345
1341 1346
1341 1347
1345 1342
1342 1348
1342 1349
1348 1343
1343 1350
1343 1351
1350 1344
1344 1190
1344 1352
1346 1353
1349 1354
1351 1355
1352 1356
1353 1357
1353 1358
1353 1359
1357 1354
1354 1360
1354 1361
1360 1355
1355 1362
1355 1363
1362 1356
1356 1205
1356 1364
1358 1365
1361 1366
1363 1367
1364 1368
1365 1369
1365 1370
1365 1371
1369 1366
1366 1372
1366 1373
1372 1367
1367 1374
1367 1375
1374 1368
1368 1220
1368 1376
1370 1377
1373 1378
1375 1379
1376 1380
1377 1381
1377 1382
1377 1383
1381 1378
1378 1384
1378 1385
1384 1379
1379 1386
1379 1387
1386 1380
1380 1235
1380 1388
1382 1389
1385 1390
1387 1391
1388 1392
1389 1393
1389 1394
1389 1395
1393 1390
1390 1396
1390 1397
1396 1391
1391 1398
1391 1399
1398 1392
1392 1249
1392 1400
1394 1401
1397 1402
1399 1403
1400 1404
1401 1405
1401 1406
1401 1407
1405 1402
1402 1408
1402 1409
1408 1403
1403 1410
1403 1411
1410 1404
1404 985
1404 1412
1406 1413
1409 1414
1411 1415
1412 1416
1413 1417
1413 1418
1413 1419
1417 1414
1414 1420
1414 1421
1420 1415
1415 1422
1415 1423
1422 1416
1416 1003
1416 1424
1418 1425
1421 1426
1423 1427
1424 1428
1425 1429
1425 1430
1425 1431
1429 1426
1426 1432
1426 1433
1432 1427
1427 1434
1427 1435
1434 1428
1428 1015
1428 1436
1430 1437
1433 1438
1435 1439
1436 1440
1437 1441
1437 643
1437 1442
1441 1438
1438 1443
1438 631
1443 1439
1439 1444
1439 615
1444 1440
1440 1026
1440 601
1445 1442
1445 667
1445 1446
1447 1431
1447 1446
1447 1448
1447 1449
1450 1448
1450 668
1450 1451
1450 1452
1453 1419
1453 1454
1453 1449
1454 1455
1455 1407
1455 1451
1455 1456
1455 1457
1455 1458
1459 1371
1459 1460
1459 1461
1460 1462
1462 1359
1462 1463
1462 1464
1462 1465
1462 1466
1467 1383
1467 1461
1467 1468
1467 1469
1470 1468
1470 1463
1470 1457
1470 1471
1472 1395
1472 1456
1472 1469
1473 1275
1473 1474
1473 1475
1474 1476
1476 1256
1476 1477
1476 1478
1476 1479
1476 1480
1481 1287
1481 1475
1481 1482
1481 1483
1484 1482
1484 1477
1484 1485
1484 1486
1487 1299
1487 1488
1487 1483
1488 1489
1489 1311
1489 1485
1489 1490
1489 1491
1489 1492
1493 1347
1493 1464
1493 1494
1495 1335
1495 1494
1495 1496
1495 1497
1498 1496
1498 1465
1498 1491
1498 1499
1500 1323
1500 1490
1500 1497
1501 1478
1501 1502
1501 1503
1501 1504
1502 1505
1505 1486
1505 1506
1505 1507
1506 1508
1508 1492
1508 1509
1508 1510
1509 1511
1511 1499
1511 1512
1511 1513
1512 1514
1514 1466
1514 1515
1514 1516
1515 1517
1517 1471
1517 1518
1517 1519
1518 1520
1520 1458
1520 1521
1520 1522
1521 1523
1523 1452
1523 684
1523 1524
1525 1507
1525 1526
1525 1527
1526 1528
1528 1510
1528 1529
1528 1530
1528 1531
1528 1532
1533 1503
1533 1527
1533 1534
1533 1535
1536 1534
1536 1529
1536 1537
1536 1538
1539 1524
1539 1540
1539 699
1540 1541
1541 1522
1541 710
1541 1542
1541 1543
1541 743
1544 1519
1544 1542
1544 1545
1546 1516
1546 1545
1546 1547
1546 1548
1549 1547
1549 1543
1549 1531
1549 746
1550 1513
1550 1530
1550 1548
1551 1552
1551 1553
1551 1554
1551 1555
1552 1556
1556 1557
1556 1558
1556 1559
1556 1560
1556 1561
1553 1562
1557 1563
1562 1564
1562 1504
1562 1565
1564 1563
1563 1479
1563 1566
1567 1568
1567 1569
1567 1558
1567 1570
1568 1571
1571 1572
1571 1573
1571 1574
1572 1575
1575 1576
1575 1577
1575 1578
1576 1579
1579 1580
1579 1581
1579 1582
1580 1583
1583 1584
1583 1585
1583 1586
1569 1587
1573 1588
1577 1589
1581 1590
1584 1591
1587 1592
1587 1593
1587 1594
1592 1588
1588 1595
1588 1596
1595 1589
1589 1597
1589 1598
1597 1590
1590 1599
1590 1600
1599 1591
1591 1601
1591 1602
1593 1603
1596 1604
1598 1605
1600 1606
1601 1607
1603 1608
1603 1609
1603 1610
1608 1604
1604 1611
1604 1612
1611 1605
1605 1613
1605 1614
1613 1606
1606 1615
1606 1616
1615 1607
1607 1617
1607 1618
1609 1619
1612 1620
1614 1621
1616 1622
1617 1623
1619 1624
1619 1257
1619 1625
1624 1620
1620 1626
1620 1261
1626 1621
1621 1627
1621 1265
1627 1622
1622 1628
1622 1268
1628 1623
1623 1077
1623 1629
1585 1630
1630 1631
1630 1632
1630 1633
1631 1634
1634 1635
1634 1636
1634 1637
1635 1638
1638 1639
1638 1640
1638 1641
1639 1642
1642 1643
1642 1644
1632 1645
1636 1646
1640 1647
1643 1648
1602 1645
1645 1649
1645 1650
1649 1646
1646 1651
1646 1652
1651 1647
1647 1653
1647 1654
1653 1648
1648 1655
1650 1656
1652 1657
1654 1658
1655 1659
1618 1656
1656 1660
1656 1661
1660 1657
1657 1662
1657 1663
1662 1658
1658 1664
1658 1665
1664 1659
1659 1666
1661 1667
1663 1668
1665 1669
1666 1670
1629 1667
1667 1671
1667 1081
1671 1668
1668 1672
1668 1085
1672 1669
1669 1673
1669 1089
1673 1670
1670 1092
1674 1594
1674 1675
1674 1559
1675 1676
1676 1610
1676 1566
1676 1677
1678 1625
1678 1677
1678 1480
1679 756
1679 730
1679 772
1680 777
1680 1681
1680 739
1680 1682
1683 773
1683 736
1683 1681
1684 742
1684 1682
1684 783
1685 1686
1685 1687
1685 1688
1689 1690
1689 1687
1689 1691
1689 1692
1693 1694
1693 1691
1693 1695
1696 1697
1696 1698
1696 1699
1696 1700
1696 1701
1696 1702
1703 1560
1703 1697
1703 1704
1703 1705
1706 1698
1706 1690
1706 1707
1706 1708
1709 1710
1709 1711
1709 1699
1709 1712
1713 1554
1713 1710
1713 1704
1713 1714
1715 1711
1715 1686
1715 1707
1715 1716
1717 1718
1717 1719
1717 1700
1717 1720
1721 1722
1721 1723
1721 1724
1721 1725
1726 1727
1726 1728
1726 1729
1726 1730
1731 1570
1731 1727
1731 1732
1731 1733
1734 1728
1734 1718
1734 1735
1734 1736
1737 1719
1737 1722
1737 1738
1737 1739
1740 1723
1740 1694
1740 1741
1740 1742
1743 1561
1743 1744
1743 1732
1745 1744
1745 1746
1745 1705
1745 1729
1747 1748
1747 1749
1747 1724
1747 1708
1750 1746
1750 1735
1750 1701
1751 1702
1751 1738
1751 1748
1752 1749
1752 1741
1752 1692
1753 1754
1753 1755
1753 1756
1757 1758
1757 1759
1757 1760
1757 1761
1762 1763
1762 1764
1762 1765
1762 1766
1767 1768
1767 1769
1767 1770
1767 1771
1772 1586
1772 1773
1772 1763
1772 1774
1775 1765
1775 1776
1775 1758
1775 1777
1778 1760
1778 1779
1778 1768
1778 1780
1781 1770
1781 1782
1781 1754
1781 1783
1784 1785
1784 1578
1784 1786
1784 1787
1788 1755
1788 1789
1788 1790
1791 1790
1791 1792
1791 1793
1794 1793
1794 1795
1794 1695
1796 1773
1796 1582
1796 1797
1796 1785
1798 1764
1798 1797
1798 1799
1798 1800
1801 1776
1801 1799
1801 1802
1801 1803
1804 1759
1804 1802
1804 1805
1804 1806
1807 1779
1807 1805
1807 1808
1807 1809
1810 1769
1810 1808
1810 1811
1810 1812
1813 1782
1813 1811
1813 1789
1813 1814
1815 1800
1815 1786
1815 1816
1815 1817
1818 1803
1818 1816
1818 1819
1818 1820
1821 1806
1821 1819
1821 1822
1821 1823
1824 1809
1824 1822
1824 1825
1824 1826
1827 1812
1827 1825
1827 1828
1827 1829
1830 1814
1830 1828
1830 1792
1830 1831
1832 1787
1832 1574
1832 1833
1832 1733
1834 1817
1834 1833
1834 1835
1834 1730
1836 1820
1836 1835
1836 1837
1836 1736
1838 1823
1838 1837
1838 1839
1838 1720
1840 1826
1840 1839
1840 1841
1840 1739
1842 1829
1842 1841
1842 1843
1842 1725
1844 1831
1844 1843
1844 1795
1844 1742
1845 1846
1845 1847
1845 1848
1849 1850
1849 1851
1849 1852
1853 1854
1853 1855
1853 1856
1857 1644
1857 1858
1857 1854
1859 1856
1859 1860
1859 1846
1861 1848
1861 1862
1861 1850
1863 1847
1863 1864
1863 1865
1863 1866
1867 1865
1867 1868
1867 1869
1867 1870
1871 1869
1871 1872
1871 1761
1871 1873
1874 1858
1874 1641
1874 1875
1874 1876
1877 1855
1877 1875
1877 1878
1877 1879
1880 1860
1880 1878
1880 1864
1880 1881
1882 1876
1882 1637
1882 1883
1882 1884
1885 1879
1885 1883
1885 1886
1885 1887
1888 1881
1888 1886
1888 1868
1888 1889
1890 1884
1890 1633
1890 1891
1890 1774
1892 1887
1892 1891
1892 1893
1892 1766
1894 1889
1894 1893
1894 1872
1894 1777
1895 1896
1895 1897
1895 1898
1895 1899
1900 1870
1900 1901
1900 1896
1900 1902
1903 1866
1903 1902
1903 1862
1903 1904
1905 1904
1905 1898
1905 1851
1905 1906
1907 1908
1907 1771
1907 1897
1907 1909
1910 1873
1910 1780
1910 1908
1910 1901
1911 1912
1911 1756
1911 1913
1909 1914
1914 1912
1914 1783
1914 1915
1916 1917
1916 1913
1916 1918
1919 1917
1919 1915
1919 1899
1919 1920
1921 788
1921 1922
1921 1923
1921 1924
747 1925
1925 1926
1925 1532
1925 1927
1926 1928
1928 1922
1928 1537
1928 1929
1930 1538
1930 1923
1930 1555
1930 1931
1930 1932
1930 1933
1934 784
1934 1927
1934 1935
1936 1935
1936 1929
1936 789
1937 1535
1937 1565
1937 1931
1938 1939
1938 797
1938 1940
1941 1942
1941 1940
1941 1688
1941 1943
1944 794
1944 1924
1944 1939
1944 1945
1946 1945
1946 1932
1946 1942
1946 1947
1948 1949
1948 1712
1948 1947
1948 1950
1951 1933
1951 1714
1951 1949
1952 1950
1952 1716
1952 1943
1953 1954
1953 1955
1918 1956
1956 1954
1956 1957
1852 1958
1958 1955
1958 1959
1906 1960
1960 1957
1960 1920
1960 1959
