300 2488
0 1
0 2
0 3
0 4
0 5
0 6
0 7
0 8
0 9
10 2
10 11
10 12
10 8
10 13
10 14
15 16
15 2
15 17
15 18
15 19
15 20
15 21
15 22
15 5
15 23
15 24
15 25
15 26
15 27
15 28
15 29
15 30
15 31
15 32
15 33
15 34
15 35
15 36
15 14
15 37
38 15
38 39
38 40
38 41
38 42
38 43
38 44
38 45
38 30
38 46
38 47
38 48
38 49
38 50
38 51
38 52
38 53
38 54
38 55
38 13
38 35
38 56
38 2
38 57
38 58
38 59
38 60
38 22
38 61
38 62
38 25
38 26
38 63
38 64
38 65
38 66
38 31
38 67
38 68
38 28
38 14
38 37
38 4
38 69
38 70
38 24
38 71
38 72
38 73
38 74
38 75
38 11
38 76
38 77
38 78
38 79
38 80
81 20
82 83
82 84
85 15
85 86
85 11
85 87
85 88
85 89
85 13
90 79
91 38
91 92
91 93
91 94
91 49
91 40
91 6
91 95
91 26
91 96
91 63
91 65
97 98
97 12
97 4
97 59
97 99
97 100
97 101
97 78
97 37
97 102
97 70
97 61
97 40
97 103
97 104
97 105
97 24
97 95
97 26
97 106
97 107
97 108
97 43
97 27
97 74
97 28
97 29
97 109
97 45
97 50
97 110
97 30
97 77
97 111
97 112
97 113
97 68
97 13
97 114
97 23
97 48
93 115
93 116
93 117
93 118
93 119
93 6
93 120
93 65
93 62
93 121
93 122
93 8
93 99
87 123
87 2
87 12
87 124
87 82
87 125
87 126
87 127
87 128
87 121
87 129
87 130
87 131
87 122
87 132
87 133
87 134
87 135
87 66
87 3
87 136
87 6
87 104
87 105
87 35
87 137
87 26
87 71
87 138
87 76
87 27
87 139
87 140
87 141
87 142
87 143
87 29
87 144
87 30
87 145
87 146
87 147
87 95
87 148
87 119
87 149
87 32
87 78
87 150
87 83
87 55
87 151
87 120
87 28
87 79
87 152
87 36
87 14
87 37
121 153
121 77
121 154
129 83
129 136
155 2
155 103
155 156
155 83
155 88
155 26
155 37
157 76
103 59
103 121
103 132
103 156
103 14
103 48
158 156
158 13
158 105
158 29
158 159
158 88
160 67
160 4
160 81
161 2
161 87
161 62
161 120
161 25
161 26
161 14
161 37
162 112
162 163
162 164
162 165
162 25
162 166
162 65
162 87
162 121
162 26
162 48
162 14
162 37
167 4
167 38
167 103
167 7
167 156
167 87
167 88
167 129
167 100
40 4
40 59
40 19
40 42
40 104
40 71
40 13
41 63
41 13
156 134
156 89
156 168
156 29
156 159
89 134
89 29
169 132
169 4
169 170
169 138
24 70
24 61
24 27
24 68
24 13
24 105
24 121
24 11
24 30
24 32
171 68
171 2
171 27
171 38
171 6
171 76
171 138
171 94
171 71
171 48
172 112
172 173
172 68
172 174
172 175
172 13
172 71
176 37
176 39
176 68
176 14
176 48
177 178
177 80
177 29
177 25
177 26
177 122
177 66
177 14
177 37
179 147
179 68
179 13
179 122
179 48
180 120
43 27
43 61
43 40
43 70
43 68
43 31
43 13
43 19
181 105
181 95
182 42
182 183
184 185
184 2
184 167
184 15
184 156
184 29
184 159
184 79
184 186
184 155
29 159
44 76
44 138
45 39
45 105
45 37
45 187
45 14
188 181
188 105
188 20
189 132
189 2
189 134
189 179
189 186
189 13
189 17
189 138
189 87
189 121
189 79
189 122
189 190
189 191
110 192
110 2
110 10
110 38
110 94
110 87
110 121
110 132
110 105
110 25
110 26
110 72
110 178
110 65
110 83
110 109
110 41
110 13
110 48
110 36
110 14
110 37
30 48
30 105
30 95
30 138
30 64
30 76
30 124
30 68
30 13
30 14
30 37
145 4
145 105
145 56
145 13
111 193
111 12
111 4
111 38
111 194
111 86
111 59
111 159
111 100
111 195
111 101
111 196
111 19
111 41
111 42
111 71
111 105
111 197
111 95
111 96
111 8
111 169
111 16
111 198
111 199
111 11
111 143
111 83
111 109
111 188
111 200
111 122
111 145
111 112
111 91
111 123
111 149
111 7
111 67
111 68
111 201
111 175
111 202
111 13
111 48
203 51
203 2
203 5
203 68
203 11
203 121
203 19
203 13
46 16
46 204
46 4
46 205
86 132
86 205
206 37
206 84
207 68
208 43
208 67
208 68
208 166
208 209
208 201
208 48
210 112
210 2
210 74
210 43
210 4
210 38
210 63
210 28
210 105
210 25
210 106
210 211
210 8
210 14
59 19
59 95
59 71
59 122
59 13
59 190
7 4
7 68
7 175
7 13
7 71
7 48
17 37
17 2
17 179
17 135
17 40
17 143
17 65
17 79
17 212
17 95
17 122
17 48
17 77
17 56
108 39
108 4
108 38
108 213
108 128
108 214
108 19
108 87
108 66
108 80
108 6
108 105
108 24
108 25
108 26
108 27
108 75
108 28
108 65
108 50
108 31
108 49
108 68
108 13
108 37
108 32
108 14
108 48
209 119
209 70
209 12
209 68
209 94
209 13
209 195
215 2
215 216
217 2
217 164
217 218
217 38
217 219
217 13
217 19
217 36
118 37
118 206
118 39
118 4
118 65
118 68
118 13
118 105
118 8
36 68
114 68
114 11
114 94
114 220
114 19
114 76
192 72
192 136
192 131
192 94
192 154
192 121
47 4
47 11
47 105
47 7
47 94
47 19
47 13
221 2
221 43
221 4
221 68
221 222
221 122
98 139
98 223
98 39
98 38
98 81
98 85
98 91
98 87
98 121
98 157
98 160
98 204
98 40
98 42
98 156
98 179
98 43
98 45
98 188
98 189
98 110
98 30
98 41
98 111
98 203
98 216
98 86
98 224
98 225
98 226
98 209
98 217
98 114
98 192
98 47
98 166
98 194
98 212
98 94
98 49
98 198
98 100
98 20
98 101
98 133
98 21
98 227
98 106
98 51
98 52
98 108
98 228
98 229
98 83
98 230
98 231
98 142
98 119
98 149
98 232
98 54
98 55
98 151
98 13
98 35
98 190
98 193
98 2
98 162
98 233
98 234
98 235
98 59
98 213
98 126
98 236
98 220
98 60
98 19
98 22
98 61
98 105
98 137
98 25
98 4
98 140
98 237
98 64
98 238
98 122
98 66
98 112
98 84
98 239
98 31
98 123
98 67
98 68
98 27
98 28
98 32
98 14
98 48
98 16
98 222
98 240
98 128
98 241
98 183
98 69
98 130
98 242
98 78
98 102
98 243
98 70
98 103
98 244
98 24
98 195
98 191
98 72
98 165
98 73
98 245
98 74
98 174
98 199
98 75
98 11
98 143
98 76
98 56
98 246
98 77
98 201
98 154
98 247
98 248
98 132
98 58
98 249
98 79
98 250
251 53
251 206
251 213
251 69
252 68
252 89
252 209
166 253
166 47
166 57
166 87
166 38
166 183
166 128
166 60
166 155
166 37
166 218
166 251
166 80
166 103
166 254
166 105
166 62
166 95
166 25
166 50
166 106
166 71
166 176
166 165
166 137
166 140
166 63
166 11
166 44
166 109
166 45
166 26
166 124
166 30
166 77
166 255
166 53
166 84
166 148
166 120
166 28
166 114
166 14
166 35
194 2
194 204
194 87
194 188
194 36
212 256
212 143
212 42
212 137
212 11
212 220
212 13
212 33
212 19
94 39
94 4
94 86
94 59
94 213
94 80
94 145
94 105
94 50
94 89
94 191
94 11
94 72
94 45
94 41
94 206
94 154
94 55
94 37
94 14
49 132
49 80
49 6
49 76
49 122
49 31
49 175
49 37
35 2
35 10
35 94
35 187
35 6
35 104
35 105
35 62
35 57
35 25
35 50
35 176
35 73
35 118
35 65
35 45
35 26
35 53
35 68
35 8
35 14
35 37
100 193
100 78
100 39
100 4
100 235
100 87
100 254
100 54
100 40
100 103
100 104
100 95
100 26
100 51
100 73
100 74
100 199
100 11
100 83
100 230
100 110
100 77
100 145
100 67
100 68
100 150
100 144
100 55
100 13
100 35
100 37
20 204
20 168
20 46
20 13
101 202
101 0
101 69
101 204
101 251
101 4
101 38
101 85
101 86
101 59
101 240
101 159
101 2
101 100
101 20
101 196
101 19
101 73
101 40
101 104
101 105
101 197
101 96
101 242
101 169
101 16
101 198
101 178
101 181
101 199
101 11
101 143
101 83
101 72
101 109
101 188
101 200
101 110
101 201
101 112
101 185
101 91
101 123
101 149
101 7
101 67
101 68
101 249
101 13
101 190
133 115
133 135
133 49
133 6
133 103
133 148
133 150
133 159
133 119
133 128
133 4
133 19
257 231
257 11
257 79
257 40
257 156
257 29
257 159
257 88
257 189
257 186
258 101
258 112
258 158
258 57
258 38
258 13
258 212
258 120
258 121
258 186
6 4
6 132
6 76
6 122
6 13
227 242
227 38
259 153
260 13
260 87
50 13
50 37
50 14
50 48
106 72
106 2
106 94
106 15
106 140
106 38
106 69
106 87
106 233
106 242
106 37
106 104
106 62
106 57
106 25
106 26
106 176
106 178
106 118
106 28
106 65
106 45
106 53
106 11
106 68
106 55
106 8
106 14
106 35
261 178
261 38
261 170
261 156
261 213
261 44
261 191
261 48
51 94
51 4
51 19
51 20
51 103
51 74
51 11
51 65
51 68
51 13
51 190
51 56
52 13
52 48
52 30
52 14
52 37
198 190
198 68
198 59
198 13
198 124
198 19
178 37
178 66
178 39
178 38
178 3
178 65
178 29
178 93
178 74
178 26
178 118
178 47
228 51
228 81
228 68
228 262
228 183
228 20
263 184
263 15
263 168
263 68
263 156
263 264
142 247
142 103
142 83
142 122
83 204
83 121
83 134
83 135
83 104
83 138
83 169
83 37
230 68
230 70
230 22
230 61
230 15
230 27
230 103
230 75
230 8
230 105
230 19
230 49
230 13
230 214
265 2
265 98
265 68
265 11
265 213
265 19
266 101
266 108
266 95
266 17
266 87
266 13
266 2
266 122
53 37
53 14
146 267
231 11
231 13
245 26
245 9
245 37
245 267
255 2
255 15
255 38
255 94
255 25
255 66
255 13
255 14
255 242
229 185
229 2
229 257
229 85
229 68
229 190
229 159
229 88
229 186
229 89
119 132
119 124
119 122
149 204
149 4
149 125
149 83
149 20
232 112
232 2
232 135
232 38
232 11
232 13
232 19
232 48
54 11
54 19
175 71
55 54
55 11
55 48
55 19
55 13
226 51
226 268
226 2
226 190
226 11
226 94
226 26
226 13
226 48
226 19
226 37
13 223
13 39
13 168
13 54
13 190
13 11
13 77
13 147
186 134
186 168
186 156
186 29
186 159
186 190
186 13
186 89
186 37
269 107
269 2
269 261
269 38
269 68
269 87
269 270
269 48
190 19
190 54
190 11
190 31
113 2
113 45
113 98
113 38
113 166
113 59
113 94
113 101
113 136
113 105
113 25
113 26
113 53
113 176
113 8
113 65
113 189
113 112
113 68
113 13
113 14
113 37
193 2
193 38
193 91
193 213
193 126
193 94
193 87
193 121
193 19
193 132
193 40
193 6
193 95
193 26
193 178
193 74
193 75
193 13
193 65
193 76
193 271
193 84
193 11
193 68
193 8
193 37
272 132
268 2
268 21
268 273
268 11
268 139
268 19
2 273
2 82
2 86
2 18
2 121
2 168
2 41
2 89
2 176
2 179
2 180
2 43
2 181
2 144
2 45
2 188
2 30
2 145
2 46
2 206
2 36
2 114
2 274
2 212
2 128
2 20
2 21
2 80
2 150
2 50
2 52
2 198
2 27
2 141
2 146
2 119
2 149
2 175
2 151
2 13
2 186
2 272
2 218
2 57
2 59
2 213
2 19
2 61
2 170
2 105
2 197
2 138
2 65
2 271
2 31
2 68
2 33
2 14
2 37
2 16
2 4
2 125
2 69
2 159
2 134
2 164
2 70
2 256
2 5
2 219
2 270
2 1
2 132
2 11
2 143
2 76
2 56
2 103
2 77
2 201
2 147
2 247
2 248
2 58
2 262
218 12
218 37
16 59
16 169
57 47
57 37
57 4
57 134
57 94
57 121
57 214
57 13
57 14
233 2
233 65
233 87
233 28
233 26
233 37
234 2
234 15
234 248
234 6
234 94
234 140
234 13
234 196
235 2
235 168
235 13
235 186
92 132
213 31
213 40
213 76
213 14
213 37
126 132
220 68
275 185
275 2
275 267
275 146
275 28
275 17
275 25
275 106
275 14
60 190
60 118
60 27
60 103
60 6
60 264
60 13
60 37
60 19
60 271
274 68
204 19
276 3
276 9
200 137
200 95
200 122
200 191
22 68
22 11
61 121
61 19
61 22
61 70
61 54
61 105
61 71
61 72
61 27
61 8
61 173
61 11
61 68
61 13
61 190
61 32
136 153
136 148
136 83
136 191
136 14
136 37
225 176
225 19
225 38
225 143
225 68
225 11
225 59
225 87
225 8
225 100
104 59
105 39
105 49
105 59
105 21
105 22
105 80
105 40
105 175
105 159
105 50
105 89
105 176
105 29
105 128
105 213
105 173
105 84
105 231
105 154
105 206
105 83
105 55
105 120
105 13
197 181
197 68
197 59
277 54
277 56
62 176
62 68
62 13
62 105
62 69
62 120
62 48
62 14
62 37
137 223
137 190
137 13
137 143
137 186
137 37
137 89
137 191
137 14
137 48
25 2
25 69
25 10
25 39
25 58
25 52
25 94
25 159
25 121
25 19
25 187
25 136
25 103
25 105
25 62
25 57
25 50
25 8
25 72
25 176
25 73
25 137
25 64
25 11
25 65
25 63
25 45
25 26
25 30
25 66
25 53
25 250
25 84
25 67
25 68
25 213
25 27
25 120
25 13
25 37
25 14
25 48
26 272
26 2
26 69
26 218
26 39
26 49
26 58
26 124
26 94
26 60
26 187
26 148
26 242
26 73
26 10
26 80
26 136
26 105
26 62
26 251
26 50
26 118
26 191
26 71
26 72
26 176
26 137
26 57
26 63
26 11
26 65
26 83
26 45
26 140
26 30
26 66
26 53
26 250
26 84
26 206
26 154
26 131
26 68
26 213
26 55
26 52
26 120
26 8
26 186
26 190
26 14
26 37
96 132
96 80
96 68
96 150
96 50
96 122
8 49
8 22
8 3
8 40
8 176
8 50
8 173
8 206
8 68
8 31
8 175
8 14
8 37
278 112
278 172
278 2
278 279
278 6
278 7
278 174
278 105
278 175
278 56
278 13
278 106
278 173
278 71
144 132
144 76
240 132
240 51
240 143
240 76
240 94
240 28
4 59
4 204
4 19
4 138
4 95
4 11
4 132
4 120
4 13
4 190
280 142
281 15
281 103
282 283
282 284
282 91
282 87
282 8
282 276
282 203
140 48
140 13
237 51
237 268
237 2
237 84
237 15
237 4
237 38
237 217
237 226
63 132
63 13
63 68
63 76
63 138
63 14
63 37
64 68
64 13
64 76
64 14
65 47
65 39
65 128
65 122
65 104
65 37
65 80
65 136
65 62
65 72
65 4
65 74
65 11
65 147
65 84
65 154
65 68
65 120
65 126
65 14
109 4
109 59
109 94
109 220
109 19
109 132
109 40
109 267
109 105
109 51
109 11
109 91
109 68
109 13
109 114
238 80
238 150
238 3
238 270
238 191
246 13
246 123
122 272
122 19
122 13
66 47
66 39
66 4
66 17
66 93
66 94
66 80
66 136
66 118
66 74
66 65
66 55
66 37
66 14
271 19
112 193
112 123
112 47
112 15
112 39
112 4
112 38
112 85
112 91
112 59
112 212
112 69
112 159
112 100
112 158
112 204
112 19
112 168
112 40
112 42
112 105
112 197
112 57
112 50
112 96
112 171
112 16
112 199
112 8
112 143
112 72
112 109
112 45
112 188
112 254
112 173
112 149
112 7
112 67
112 68
112 262
112 150
112 213
112 55
112 209
112 13
112 190
112 35
125 46
125 205
173 7
173 175
173 13
173 71
115 13
84 68
84 13
84 14
84 37
239 13
239 4
279 156
279 2
285 83
285 2
9 3
9 1
9 68
67 2
67 57
67 94
67 19
67 54
67 6
67 24
67 11
67 13
68 18
68 13
68 40
68 48
68 128
68 175
68 37
68 59
68 31
68 14
68 4
68 187
68 11
68 124
68 154
33 68
33 143
33 191
27 49
27 121
27 70
27 96
27 71
27 8
27 30
27 173
27 31
27 7
27 68
27 13
27 190
27 32
286 93
286 103
286 87
28 272
28 2
28 45
28 57
28 140
28 94
28 242
28 40
28 104
28 105
28 35
28 62
28 25
28 50
28 176
28 27
28 8
28 65
28 26
28 66
28 53
28 11
28 49
28 68
28 55
28 13
28 14
28 37
224 238
224 132
224 43
224 275
224 91
224 65
224 121
224 79
224 287
32 68
32 13
32 121
32 8
14 39
14 11
14 120
48 128
48 132
202 139
202 205
222 68
222 181
12 80
12 103
241 272
241 2
241 70
241 31
241 19
241 27
241 38
241 6
241 267
241 68
241 91
241 105
241 24
241 87
241 13
241 48
241 100
88 134
88 89
88 159
88 156
183 66
183 65
183 11
183 25
183 26
183 19
183 13
183 14
183 37
283 2
283 15
283 68
283 276
267 288
69 206
69 105
253 53
253 51
253 38
253 74
253 226
253 65
253 56
253 26
253 77
253 37
99 11
211 158
211 231
211 118
211 38
211 85
211 88
211 275
211 29
211 13
211 26
211 186
211 35
211 25
211 14
211 37
152 64
152 267
130 83
289 98
289 12
289 4
289 85
289 235
289 20
289 101
289 132
289 200
289 3
289 223
289 105
289 95
289 191
289 290
289 143
289 238
289 122
289 112
289 166
289 67
289 68
242 68
242 2
242 231
242 12
242 190
242 67
242 56
242 195
242 19
242 271
78 132
78 141
78 13
78 76
291 272
291 2
291 98
291 4
291 38
291 17
291 212
291 94
291 211
291 19
291 100
291 80
291 105
291 95
291 191
291 176
291 165
291 8
291 143
291 109
291 11
291 210
291 67
291 52
291 13
291 190
214 6
214 13
214 105
214 49
214 8
214 122
214 138
163 47
163 38
163 93
163 87
163 26
163 72
163 178
163 118
163 11
163 65
163 109
163 110
163 66
163 206
163 68
163 226
163 79
163 114
163 37
164 179
164 103
164 83
164 77
117 83
256 68
256 143
256 33
256 191
5 3
5 1
5 9
284 283
284 2
284 3
284 68
284 276
284 203
244 197
187 14
187 37
254 193
254 37
254 91
254 247
254 40
254 103
254 65
254 109
254 151
254 25
254 26
254 122
254 13
254 14
254 35
219 54
219 11
37 272
37 39
37 148
37 71
37 140
37 11
37 154
37 55
37 120
37 13
37 190
37 14
95 168
95 21
195 80
195 4
195 248
195 65
195 13
195 201
191 13
191 186
191 37
34 124
34 103
72 54
72 4
72 104
72 105
72 13
290 87
107 2
107 292
165 268
165 2
165 47
165 15
165 212
165 139
165 80
165 256
165 137
165 25
165 26
165 11
165 143
165 56
165 124
165 66
165 68
165 226
165 33
165 48
165 190
165 14
165 37
73 37
73 65
73 13
73 59
73 190
73 94
73 19
73 191
73 14
1 3
1 68
1 13
74 19
74 11
74 55
74 94
74 83
74 96
74 13
74 48
174 192
174 40
174 173
174 7
174 175
174 49
174 13
174 32
174 71
199 10
199 223
199 75
199 91
199 94
199 13
75 16
75 136
75 49
75 19
75 13
75 22
75 70
75 61
75 105
75 24
75 71
75 27
75 11
75 145
75 32
75 68
75 8
75 79
75 190
75 36
11 204
11 77
11 19
143 168
143 170
143 11
76 272
76 92
76 132
76 168
76 169
76 48
293 291
293 2
293 165
293 98
293 190
293 136
293 38
293 238
293 148
293 73
293 212
293 121
293 19
293 13
293 289
56 13
294 16
294 222
294 274
294 10
294 98
294 5
294 87
294 38
294 85
294 124
294 17
294 18
294 94
294 49
294 163
294 295
294 113
294 214
294 100
294 283
294 107
294 20
294 101
294 160
294 196
294 21
294 22
294 296
294 19
294 40
294 103
294 105
294 24
294 25
294 26
294 281
294 27
294 108
294 165
294 43
294 228
294 74
294 234
294 28
294 149
294 29
294 293
294 230
294 288
294 200
294 110
294 30
294 255
294 84
294 112
294 64
294 115
294 147
294 116
294 261
294 31
294 32
294 68
294 33
294 23
294 249
294 13
294 152
294 35
294 36
294 14
294 37
196 16
196 2
196 204
196 15
196 75
196 112
196 205
196 139
124 37
287 80
287 168
287 133
287 76
77 19
201 132
201 12
201 40
201 103
102 201
102 16
102 197
102 57
102 38
102 63
102 67
102 68
102 11
102 105
102 190
102 94
102 13
102 19
102 122
102 100
102 41
297 98
298 171
298 278
298 172
298 2
298 168
298 6
298 174
298 75
298 112
298 224
298 71
298 87
298 13
298 108
298 289
298 230
296 15
296 11
243 136
243 79
243 87
243 230
185 88
185 105
185 29
185 159
185 186
70 4
70 49
70 214
70 22
70 105
70 13
70 31
70 68
70 8
70 190
70 32
248 12
248 13
248 271
131 37
131 154
132 77
58 173
58 219
58 11
58 105
58 30
58 19
58 13
58 14
58 37
299 2
299 98
299 15
299 241
299 100
299 195
299 163
299 73
299 254
299 26
299 106
299 52
299 178
299 118
299 65
299 110
299 30
299 66
299 255
299 226
299 28
299 35
299 37
292 80
249 70
249 61
249 15
249 38
249 68
249 11
249 105
249 190
249 19
249 32
249 48
120 29
139 16
139 273
139 205
139 13
79 272
79 4
79 86
79 136
79 6
79 169
79 63
79 83
79 188
79 88
79 48
250 84
250 164
250 68
250 94
250 14
250 37
80 272
80 128
80 18
80 132
80 4
80 76
80 122
80 13
80 37
23 2
23 168
23 203
