2746 3505
0 1
2 3
4 5
6 7
8 9
10 11
12 13
14 15
11 16
17 18
19 20
21 22
23 24
25 26
27 28
29 30
31 32
33 34
35 36
37 38
39 40
41 42
43 44
45 46
47 48
49 50
51 52
53 54
55 56
57 58
59 60
61 62
63 64
65 66
67 68
69 70
71 72
73 74
75 76
77 78
79 80
81 82
83 84
85 86
87 88
89 90
91 92
93 94
95 96
97 98
99 100
101 102
103 104
105 106
15 107
108 109
110 111
112 113
114 115
116 117
118 54
119 120
121 122
123 124
125 126
127 128
129 130
131 132
101 133
134 135
136 137
138 139
140 141
142 143
144 145
146 147
148 149
150 151
152 153
154 155
23 156
157 158
159 160
161 162
163 164
165 166
167 168
169 170
171 172
173 174
175 176
177 178
179 178
180 181
182 183
184 185
186 187
188 189
190 138
107 191
192 193
194 195
196 197
198 199
200 201
202 203
204 205
206 207
208 209
210 211
212 213
214 215
216 217
218 219
220 88
221 222
223 224
225 226
227 228
229 230
231 232
233 234
235 9
236 237
238 239
240 241
242 151
243 244
245 246
148 247
248 249
250 251
252 253
254 255
256 257
258 259
260 261
262 263
168 264
265 266
267 268
269 270
271 272
273 274
275 276
277 278
279 280
281 116
282 283
284 285
286 287
288 289
290 125
291 292
293 294
295 296
297 298
299 300
301 302
303 304
305 306
307 297
308 309
141 310
311 312
313 314
310 38
315 316
317 318
319 320
321 322
323 226
324 325
326 327
328 329
330 331
332 333
268 334
335 336
337 338
339 180
13 340
341 342
343 344
345 346
347 348
349 350
351 352
353 354
355 356
357 358
359 360
361 362
363 364
365 366
59 325
367 368
369 238
370 371
55 372
373 374
375 376
377 378
379 380
381 382
383 384
385 386
387 388
389 390
351 391
392 393
394 395
396 397
398 153
399 74
400 401
402 8
403 404
405 406
407 408
409 410
411 412
413 168
78 414
415 416
417 68
418 419
420 421
422 423
424 425
190 426
427 428
40 429
430 431
432 433
434 155
435 436
437 438
439 440
441 442
443 444
445 446
447 448
449 450
451 452
131 453
454 455
146 456
457 458
459 460
461 462
463 464
465 466
467 468
469 470
471 472
473 474
475 476
477 478
479 480
481 482
483 484
485 486
487 488
489 189
490 491
425 492
493 139
494 495
496 497
498 499
500 501
502 365
503 504
505 506
507 508
509 217
510 511
41 512
513 514
515 516
517 518
519 520
521 522
523 524
525 526
527 528
529 530
531 532
533 534
535 536
327 537
538 475
539 540
541 542
543 544
545 546
547 548
549 399
550 551
552 553
554 555
552 556
557 558
559 560
561 562
563 564
265 565
566 26
567 568
569 570
571 572
573 382
574 189
575 576
577 578
579 580
278 581
582 583
584 585
370 586
155 587
588 589
590 591
592 274
593 594
595 596
154 597
579 598
599 600
601 602
603 555
604 605
606 607
608 547
609 191
610 611
612 613
614 615
616 419
617 618
619 620
621 622
623 624
625 626
627 628
178 629
630 631
632 633
634 166
615 455
635 636
637 638
639 297
640 0
641 465
642 643
165 270
644 645
646 647
648 593
649 650
651 652
653 654
655 164
656 657
658 659
660 173
542 661
662 663
664 665
666 145
667 668
669 670
671 672
673 674
675 676
677 678
210 679
96 680
681 74
682 62
683 684
685 220
686 687
688 689
690 691
692 693
161 165
694 695
696 697
698 699
700 701
702 703
699 704
705 706
707 708
147 709
214 351
172 710
711 712
713 714
330 715
716 717
718 719
720 721
722 145
723 724
725 726
727 728
729 730
731 59
732 733
734 735
736 737
607 738
739 740
741 742
743 423
744 64
745 746
747 748
749 109
231 525
655 750
751 399
752 656
753 754
496 755
92 756
757 758
759 710
760 761
138 762
763 764
512 765
24 766
767 768
259 769
770 664
771 772
773 774
775 776
777 778
779 758
780 781
782 286
783 784
785 786
787 788
789 790
791 792
793 794
795 796
797 798
799 800
801 802
803 642
328 726
804 805
139 806
807 657
808 809
810 811
812 813
814 608
417 815
816 817
160 818
819 424
820 821
822 823
824 80
825 826
827 828
829 830
831 832
833 816
735 543
834 835
307 836
662 837
838 839
840 841
842 843
844 845
698 846
847 499
122 663
848 25
849 850
851 354
852 853
581 854
855 856
298 857
858 859
483 860
861 67
862 863
864 865
866 867
694 868
869 145
41 870
871 872
873 874
875 876
877 878
879 880
881 882
206 883
170 691
70 884
885 886
368 887
888 889
890 403
891 892
893 32
894 895
896 897
898 899
722 900
656 901
902 38
903 536
589 544
425 904
905 906
821 28
907 828
908 909
21 53
910 911
912 913
914 219
915 492
641 326
916 917
918 919
920 921
922 923
924 925
795 277
926 927
928 834
625 929
610 26
930 931
288 203
932 63
509 933
934 935
859 936
937 302
54 938
939 940
941 942
943 944
945 310
441 931
946 531
947 948
949 950
690 951
952 953
954 828
955 956
466 957
958 959
389 960
961 648
962 963
964 440
455 965
966 392
967 968
969 970
971 972
973 974
975 366
976 977
978 979
980 18
981 982
768 983
984 555
260 985
576 986
868 987
988 989
214 530
990 991
925 992
993 323
994 995
690 996
430 997
243 998
896 999
1000 1001
1002 1003
55 1004
1005 1006
626 355
1007 835
1008 1009
1010 1011
1012 1013
1014 220
256 1015
364 1016
1017 1018
1019 170
265 138
245 1020
1021 826
1022 1023
1024 1025
1026 1027
1028 325
1029 1030
305 1031
1032 1033
992 1034
1035 1036
1037 817
1038 1039
90 982
235 928
1040 1041
1042 1043
823 602
1044 1045
1046 1047
1048 1049
1050 365
1051 1052
1053 1054
1055 1056
1057 769
401 98
1058 179
1059 1060
1061 581
1062 1063
792 1064
1065 1066
1067 1068
1069 1070
1071 1072
76 1073
576 319
1074 53
398 930
1075 378
6 1076
943 259
53 1077
331 462
1078 1079
413 1080
576 969
1081 1082
1083 510
1084 1085
750 780
1086 1087
172 1088
1038 4
750 1089
198 1090
576 721
848 1091
848 1092
1093 554
926 259
1094 1095
1096 925
1097 25
597 1098
1099 1100
1101 1019
1102 1103
1104 658
1105 472
1106 348
1107 1108
1109 1110
856 103
1111 1112
1113 1114
1115 1116
699 1117
275 602
910 1118
1119 1120
146 1026
1121 1122
1123 1124
926 214
1125 125
1126 670
1127 1128
1129 197
1130 50
44 1064
1131 952
1132 1133
1134 1135
1136 1137
1138 892
587 1139
1140 828
1141 1142
1143 1144
1145 911
1014 685
1146 1147
1148 1149
1150 1151
1152 1153
1154 492
1155 618
1156 1157
1158 456
821 1159
1160 1161
882 1162
1163 1164
1165 1166
1167 1168
1169 1170
1171 1172
1173 251
1174 1175
1176 1177
1178 1054
1179 1180
1181 500
502 1182
1183 876
41 603
641 1184
1185 973
1186 289
660 1187
1188 659
993 593
1189 1190
1191 1192
1193 1194
1195 1153
1196 457
1197 1198
719 995
1199 1200
948 1201
1202 707
1203 792
1204 1205
532 1206
1207 1208
392 712
1209 1210
1211 1212
998 1213
1214 1215
1216 1217
1218 846
1219 1220
1221 1222
709 1223
702 1049
605 1224
861 1225
1226 1227
1228 105
1229 576
1230 1231
176 1232
4 1233
1234 1235
861 176
1236 1025
671 1237
1238 226
1239 1240
1241 1146
1242 1243
206 1244
1245 1246
1247 990
1248 843
1249 1250
1194 1087
1251 479
1252 1253
174 644
1254 1255
1256 1257
1258 1259
678 1260
538 1105
1261 1057
6 25
1262 1263
1015 1264
1223 1265
1266 1255
953 1267
1268 1269
443 1270
1271 988
697 1272
192 1273
462 354
342 1274
1275 1166
1276 1277
729 520
1227 1278
1279 1280
344 1281
1282 1283
1284 1285
1286 1287
1288 1289
221 148
1290 1291
134 1292
519 1293
1294 6
1262 1295
1296 1121
1297 1155
1298 1299
1300 450
802 1301
1302 1303
1304 1305
1306 1307
114 1308
1309 1310
1069 1311
1312 1313
1314 1201
1174 1305
1315 1316
1317 43
194 1253
1291 1318
1319 1089
1320 1321
1322 1100
1323 1324
1276 1325
1326 1327
1328 1329
1330 212
1331 1332
636 1333
1020 1334
13 1335
1107 702
1336 1337
1338 1339
620 1340
1341 440
484 1342
1343 300
1344 1345
1114 1346
552 1347
325 86
1348 1349
3 1350
1351 1346
376 310
1352 1353
1354 1355
1356 1357
629 1358
1201 1359
1215 1360
1361 1362
923 1363
1364 1365
1366 1367
1368 1369
1370 1371
1372 488
1373 1374
1375 658
1376 1377
1378 1379
1380 174
292 1381
1382 481
757 1383
1384 1385
1386 35
1387 1388
1288 1389
1390 1151
587 1231
133 1391
1211 1392
1393 1394
1395 522
1338 1396
1252 939
1352 18
1397 394
621 1398
806 1399
1400 1401
1211 1402
1282 536
227 1403
1404 1405
1406 1407
1408 1409
1410 1411
720 661
1412 878
1413 1414
1415 571
1416 1417
1418 1419
272 1420
868 1165
174 1421
1422 861
1423 1424
1176 496
1425 1426
1427 1325
813 1428
777 1429
905 687
1430 1431
1432 1433
243 1026
1240 753
1434 427
1382 1435
1436 1192
755 1437
1438 944
1439 717
1440 1441
906 1442
447 1443
1444 1445
1446 1447
1448 1277
1449 1450
1451 1452
1453 468
1454 1455
1456 1457
1458 92
1459 1460
702 1461
1226 682
1462 1463
1464 897
1465 1466
1467 1468
439 827
283 1469
265 1470
1471 1472
1473 1407
30 1474
932 1475
443 1454
1476 1477
1478 1286
336 915
59 208
772 1479
1480 1481
1482 1242
1483 1484
162 1485
975 1486
1354 1487
819 1488
1179 1489
1385 1490
1491 1251
1492 1468
1493 983
39 1494
1143 297
1495 1496
1497 409
19 1498
1328 1499
1440 1500
1501 1502
1503 1504
804 689
1505 268
698 1492
799 1506
1497 1507
1320 1508
1509 1510
1314 735
292 508
1511 1512
1513 1514
871 1515
1516 153
509 1517
714 226
1518 1519
1434 309
1520 360
427 1521
1380 1522
1303 1523
233 1524
1157 1525
1526 1514
1527 1528
1529 1039
114 1530
1214 1360
1531 1506
670 1231
1532 698
1533 453
1302 1187
183 123
1534 1535
1536 1537
1538 785
943 427
371 1539
1540 1541
1476 1542
210 1543
1544 1184
1545 1546
707 632
188 1124
1547 247
1548 988
55 718
316 1549
1550 1115
1130 250
943 830
1551 1552
395 321
1553 1116
1554 1283
1444 1224
769 729
1555 1556
1557 373
716 157
555 1403
990 147
614 328
1126 923
1558 1559
1560 1561
1562 413
1563 1564
750 1410
1565 1566
1567 1568
1569 760
101 1017
815 270
33 1021
1570 81
1571 1009
1141 1551
1572 1573
187 1574
1575 1576
356 38
1241 1577
1578 729
1484 107
1579 235
1580 1581
365 1582
1583 154
1541 1584
1585 1586
1587 106
1230 1026
1204 1588
1589 1590
1591 841
1592 454
1593 1594
1595 1016
1596 1102
1597 1598
1454 600
1387 1599
485 1303
1600 1601
1344 1507
1602 1603
1604 1078
1240 534
1456 8
1605 1606
1607 92
976 1608
1609 904
1610 1329
841 809
1611 1612
825 148
1613 1171
1614 680
1615 1616
61 322
1145 1617
1604 1014
947 170
1208 1618
1619 1620
1402 1243
1360 1621
1622 1517
1623 418
1108 487
118 1624
997 1625
752 443
1626 1627
1628 1405
1629 1353
1205 1630
1631 1632
1197 1633
1261 1634
1099 1086
375 631
244 633
791 1635
870 1636
922 1637
1638 1639
1640 85
56 1102
638 1641
727 577
1642 1643
1644 1392
1645 1646
1349 1647
115 1597
1648 1649
1650 1440
1651 1652
1277 823
1653 1654
1098 1655
1656 1657
318 1658
1398 344
1108 249
1386 552
494 1487
1659 1660
1661 553
1296 831
1662 1663
852 1664
1139 937
1355 1665
517 1666
1667 1668
1669 1670
1671 1614
1011 1672
874 166
339 1652
1673 1242
1674 566
1675 618
740 166
1676 1677
164 1678
513 1108
1679 562
371 378
519 1680
1681 999
1682 1517
59 1683
1684 1685
1564 1686
1299 1582
1687 1688
842 98
1689 1690
773 435
1691 457
1558 134
4 1692
1693 48
1057 1227
1694 1695
1696 908
1528 809
1697 1698
1699 1700
1701 1702
440 828
1703 1704
1355 1322
1014 1705
957 1706
820 1707
593 641
1400 792
59 586
348 979
1708 1709
787 177
595 1400
1710 955
1711 1712
1219 955
1713 1199
1426 447
946 1714
797 1256
1715 1018
1216 1716
1717 241
1266 150
1718 1719
707 1052
1720 1721
1722 1723
1724 1725
801 1726
1727 1728
1729 1730
140 1453
1731 1732
844 507
1733 1734
1262 1735
617 1736
1737 1738
939 1739
1740 1741
755 1742
1743 1301
353 462
1744 48
989 1745
1746 1658
1448 1276
921 581
1747 188
1748 1749
1750 1751
1752 1753
1754 568
1307 1208
519 1755
1701 1756
937 1501
245 1757
142 36
1758 545
1759 1760
254 274
1761 1762
1763 86
970 1764
1765 540
1766 1339
433 1767
1768 1769
960 459
1653 849
353 379
69 175
635 1723
1770 385
1771 917
453 1772
1773 754
349 1359
969 1336
1774 1775
136 604
41 554
1776 363
1777 821
517 1778
507 1779
293 1780
262 1781
1782 555
58 1783
113 1784
1516 643
1613 234
1785 1786
718 1202
1787 1628
1419 207
1788 1578
405 209
866 1789
1790 1696
1791 618
1175 1792
955 1411
1793 1794
1795 93
586 1796
140 1705
1659 1797
977 1173
1798 1799
1690 1077
1800 585
1801 297
1802 1803
1804 1805
1369 578
1806 536
256 974
1807 988
1029 1617
1808 358
1770 1299
1809 1167
930 1810
1811 1812
12 56
1813 1814
1532 525
1815 1552
311 516
173 939
1816 1817
877 461
1818 693
1732 1346
1819 170
1820 1821
1440 1822
1823 278
1824 294
1825 468
1826 1827
1244 950
1828 1829
1830 628
1831 929
1832 219
1833 125
1834 1486
1835 443
1134 1502
1554 1836
1837 693
626 1838
1839 1840
641 1235
308 1705
1160 39
576 1841
803 1516
640 1842
1355 1843
214 959
903 1844
1845 1846
1847 1528
438 1848
1849 1850
1851 1852
736 22
1853 47
25 1854
1855 1246
1856 1857
41 1332
806 1858
1859 1466
1498 1860
1861 1862
303 1740
328 1863
752 1605
164 1864
1663 1865
1866 353
1867 1773
1868 556
1869 564
1277 1870
1871 407
1872 256
1169 1873
1206 1677
772 79
1874 524
1875 1876
1524 1705
1236 1877
1878 1433
1014 1296
525 1765
1879 144
831 1880
1881 690
1804 1060
1882 1883
537 1073
1651 1884
576 955
773 1885
1886 1661
881 712
1775 24
319 661
826 1887
860 1888
236 888
981 1889
1218 1162
1890 1549
496 1891
1138 1892
1893 1744
1894 275
82 921
1832 1458
1895 1124
796 1896
1438 1897
386 1333
1898 540
277 1823
1899 658
1470 511
1900 1198
1901 1902
641 1903
175 1904
1227 1905
1719 1906
762 505
1465 1907
168 835
1731 1908
406 678
1555 938
1495 236
1909 1136
1910 863
1911 1912
1699 1670
1913 1914
486 1915
246 1916
1459 1917
1918 999
1919 1920
1125 949
1921 1922
1568 15
1923 1660
1924 1925
1926 1924
1927 1728
918 719
1442 1651
1928 1679
1309 668
1929 554
1170 1724
59 371
1930 1091
1931 354
1932 691
1933 1934
220 1935
1936 1937
1938 1939
1691 244
1940 74
1941 1942
1276 1943
1944 1422
506 266
1945 1398
1946 1443
787 474
1947 1864
1948 1949
1671 1950
1951 536
1952 737
676 1115
1791 416
1361 1814
1953 289
1954 1608
1955 1553
1084 1073
175 1956
1310 1484
185 117
635 1368
138 1033
1957 1405
1354 563
958 1811
1958 1903
1754 404
1959 1960
229 1610
92 1961
1962 1346
1963 1964
1965 1451
186 1432
447 1966
1534 1389
1967 1901
471 1484
1119 1968
596 1969
1970 1971
779 1972
512 870
809 1973
1974 344
13 1975
1687 866
1416 1792
1602 657
1174 1976
1823 921
415 1324
131 431
1977 1978
1961 1979
1980 514
1499 1981
897 188
1982 514
1983 1677
838 863
1747 1984
136 66
614 718
2 1985
1986 757
1987 104
1988 99
1989 1595
1990 1919
650 740
723 1763
1991 1992
1993 1994
728 1695
1995 1996
1048 1997
1527 808
1998 1481
1191 1999
1875 366
264 2000
2001 319
1786 1316
2002 168
2003 2004
806 1571
1644 278
938 2005
1687 1450
1716 456
1611 2006
1292 674
2007 826
2008 2009
2010 215
729 2011
1181 1052
541 1509
1668 2012
1226 394
245 1431
2013 1165
2014 2015
1509 1219
2016 2017
1294 1612
1126 17
1173 1174
1863 719
1361 2018
2019 753
1249 2020
1730 669
2021 222
340 1987
2022 2023
2024 784
1425 2025
1720 2026
1156 1362
350 734
1828 929
1420 2027
1764 1942
593 1184
863 16
2028 554
1000 1108
2029 493
1902 487
2030 446
60 1285
2031 2032
2033 1472
277 1141
1699 1268
352 404
1416 49
787 2034
1435 2035
2036 2020
1369 409
910 2037
1886 2038
1395 1383
1230 2039
619 2040
1444 1982
2041 2042
78 2043
415 2044
2045 1403
2046 2047
2048 2049
2050 2051
205 1346
302 2052
946 533
2053 2054
175 935
2055 354
2014 2056
2057 348
1823 2058
483 1062
330 1263
1245 1494
2059 1260
1820 483
473 1804
6 1035
1293 280
2060 2061
2062 2063
1900 366
1596 2064
2065 1852
1518 26
1946 2066
786 1055
455 651
314 2067
140 1907
1149 2068
2069 1493
966 2070
1834 2071
696 2072
1143 2073
994 2074
1161 2075
170 983
1819 299
1705 2018
1143 2076
2077 1350
673 1079
744 758
2078 1318
750 1997
2079 1270
709 112
2080 1470
132 2081
2082 811
1373 428
2083 1101
1429 1310
428 1998
2084 1372
1028 1391
2085 2086
2087 2088
1031 2029
2089 1525
2090 1485
1257 2091
1608 769
489 1845
651 2092
1858 422
1346 1862
1644 1242
538 28
2093 716
341 2094
696 1783
1363 1625
432 314
1323 2095
2096 1335
1023 1888
1856 2081
2097 2098
140 1859
1531 1731
1091 2099
190 765
90 870
2100 537
2101 2102
778 19
1392 2103
2033 1498
680 67
699 1898
1253 1724
2104 1341
351 1460
1761 863
1748 279
2105 1029
1545 680
1934 2106
1979 2107
1897 1617
2108 2070
2109 1457
2110 826
1570 2111
1844 2112
400 382
231 1402
182 1
2113 2114
2064 573
1184 2115
1107 781
382 536
344 2116
1635 1654
658 715
2117 2118
207 2119
1739 1421
2120 1768
2121 2122
1203 1424
2123 2124
866 1573
659 1295
1803 440
325 370
2125 143
2126 225
1243 1392
1113 2127
306 1636
2128 2129
222 1547
2130 1864
2131 508
1835 2132
1801 1596
2133 2134
2135 865
852 1051
2136 335
991 294
2137 937
1284 2138
1546 2139
2087 2140
175 96
2141 278
424 2142
2143 2144
265 2145
2146 205
120 1618
976 1174
2147 2012
2148 934
1184 1301
2149 1559
263 188
2150 1058
1076 1168
1085 2151
2152 2153
21 700
2154 2155
2156 440
2157 1940
1536 1043
2158 2159
1213 323
71 1035
2150 437
181 2160
2161 539
472 107
23 2162
1980 1995
202 2061
2163 816
2164 2048
2165 986
1880 2025
2085 1703
1446 2166
939 174
2167 2018
2168 2169
2170 2171
513 2172
2173 1310
2174 2175
963 2176
683 195
1608 1578
2177 290
489 2178
2179 110
1129 2132
2180 2181
2182 1514
829 2183
1236 1779
2184 1320
241 2185
2186 2082
234 2187
1420 1812
1004 828
1687 1572
851 2188
2189 1250
1816 278
2190 1395
1447 2191
231 1176
1650 2192
136 855
1581 1238
1046 94
1067 2193
1659 2194
577 875
2195 282
1894 2196
357 2197
206 2198
2117 2199
1277 2200
2201 559
486 2202
744 1265
1948 432
2203 1741
243 166
2204 991
315 428
2205 554
1484 2206
2207 2208
972 462
1388 670
1602 1173
337 513
644 2209
314 1949
1795 1300
2210 2211
1822 2212
659 108
1257 2213
1806 1565
1562 835
1758 160
2198 2214
755 2215
2216 414
1031 42
1118 2217
2218 2219
2070 424
271 391
1503 1141
464 1508
1397 2220
1815 2221
2222 794
2223 880
1997 1508
2224 2225
517 412
2226 943
1586 2227
278 2228
352 2229
1256 1930
69 998
1663 1028
2230 921
2231 1524
2232 507
1593 2233
2231 587
1388 2234
749 2235
2236 239
1713 990
434 2018
493 2237
789 1957
1174 1273
413 2238
2239 768
1826 2240
1681 1771
1123 2241
1529 444
2242 226
2151 1916
2071 2243
220 1914
1578 1755
1397 1226
773 328
2244 665
2245 2246
1367 2185
337 1108
2201 2247
1354 1827
1628 1914
2248 167
2249 1049
2093 2250
1189 554
246 872
2251 807
2252 478
1562 838
1645 791
1620 2253
1396 1165
1289 507
1036 2254
1941 661
2255 2256
858 2257
1112 458
2258 2028
388 1773
801 946
2259 551
2260 1340
1634 1226
2261 514
312 2262
2263 1045
1873 2264
2107 1971
1294 1611
1222 1956
2265 26
1440 1418
426 1406
1564 1316
2266 1121
2267 2268
2269 2270
1737 1401
458 811
2271 1617
1682 216
1802 535
1109 938
1180 2272
658 1295
2273 1961
2274 1206
1065 1830
2008 783
1158 2204
2275 219
2276 1223
930 643
1537 237
2277 1519
1097 111
2278 1833
1717 2279
2205 2280
27 2281
1562 1727
1776 591
2282 869
2283 1122
233 1613
599 1489
1716 759
2284 1949
2285 509
2286 1885
1131 2287
2288 2289
1949 199
2290 2291
2292 498
2293 2294
2295 540
1044 1861
2296 482
703 2084
1306 641
489 392
451 310
926 2285
12 1319
1868 1871
2297 159
2298 2299
2300 1801
456 990
758 824
1252 2301
1688 2302
672 729
552 2303
1495 1922
1094 1768
2304 586
2305 45
2306 2307
2308 2309
1006 102
102 1663
1869 587
14 191
2310 695
1544 58
467 2311
810 1963
2312 1641
2313 2314
1037 261
2315 2316
1681 2317
2318 2209
2319 2320
2199 1874
2321 468
286 2322
2323 2324
2325 346
2326 1964
2171 1888
2327 2247
190 243
328 994
646 2051
2064 1004
2328 2192
930 153
2050 1842
1997 285
2329 2155
1361 2330
2331 462
576 632
1650 150
2332 2090
995 2333
1964 166
2334 1325
2335 1305
657 1721
2336 475
428 2337
719 1775
130 2305
1944 1545
2154 2338
2339 2340
256 798
2341 2342
2343 1775
2280 2246
335 492
1697 1408
2344 2345
1722 1669
1245 2346
2344 828
1042 2347
1358 449
427 926
851 2193
1621 376
1334 2348
1081 2349
2350 1052
1734 811
1275 2163
1818 1961
2351 985
2352 2353
2224 564
2354 600
2355 512
2356 2357
1686 2358
1897 1464
2359 828
2015 2360
296 956
1117 1492
2361 1134
1910 2362
518 253
1080 2363
52 2364
1379 686
2365 1851
2366 206
2364 567
2367 475
1476 2368
2369 714
978 347
2370 1699
2298 2371
1675 2372
1662 2373
1483 2223
127 1417
2222 1755
324 2374
742 2375
758 990
2376 1156
1707 2336
2318 2301
512 1889
2345 137
2158 1441
622 1101
2268 2262
780 463
1540 2377
2378 2379
1807 2317
1400 1094
2263 2024
647 302
839 2380
977 808
2381 2382
374 968
1897 1918
1481 1340
2047 2139
87 2383
526 2070
2384 408
2385 2160
2386 1411
2387 1490
232 2388
1258 1943
1516 1810
727 876
164 618
2389 1479
894 268
232 1644
1697 2390
2391 2392
1839 2393
2394 1063
490 1609
1771 2146
260 1593
917 2054
998 68
13 464
650 1365
483 252
680 255
2329 816
793 2395
2116 1135
1751 593
1585 2274
1243 1783
1586 1189
2245 2396
2168 2397
1922 246
268 344
2398 382
1173 2399
295 2369
2400 359
755 2401
2285 1078
25 1076
129 1539
1954 890
27 2402
2403 1674
2302 355
2404 1651
2128 705
1047 714
1355 2155
1245 2405
2406 300
898 1976
1863 2407
1566 2303
2408 293
2409 2410
2411 2412
1050 2336
1946 1651
864 1961
2413 790
2414 1746
443 5
1822 1437
748 2259
2415 2043
2416 1302
1562 370
1349 1553
1407 1392
2256 850
1624 1689
1378 790
2417 198
195 2129
607 173
1370 2418
402 1456
1495 2036
1454 1882
1596 53
2419 887
13 1564
2420 921
996 2421
1005 239
1249 1643
2422 2423
2424 2283
1578 1955
2097 2425
519 2222
1385 709
1030 2174
1083 167
2078 2292
1895 489
1809 2032
2426 46
1843 1322
146 1583
2427 2414
2136 1532
1342 594
1235 1073
145 534
2405 135
1917 530
2300 573
1966 1652
1681 851
2179 1528
2422 2428
2331 1412
2429 1088
2231 670
97 2112
786 2430
1850 1964
297 1836
1762 1243
1269 1992
2431 2432
2433 581
895 2434
2276 1200
2435 1887
2088 705
1602 1130
2436 2114
816 2075
456 147
1337 1411
2437 1350
1542 2438
13 136
2027 1754
890 942
309 2231
2144 2439
1561 170
2440 2441
2442 1366
1580 147
1463 2023
732 552
916 1295
2170 2069
1915 414
2443 810
1964 68
1100 2444
2445 1912
2446 1377
469 1467
1687 1890
1829 933
2343 2447
234 2448
2449 1630
1945 2083
2289 1151
2450 2430
2451 2452
1785 66
1270 2453
1181 2454
1884 2066
1296 1897
1178 77
955 2452
946 1204
1950 1095
2179 479
772 47
2455 1076
1913 1869
2456 2457
2031 2418
1488 154
1184 2381
2353 161
1209 2458
2113 2281
1878 425
538 563
2459 654
201 1066
1619 2460
1023 1666
1447 2461
993 1544
1445 2462
936 2463
229 755
503 2464
2410 724
413 838
1035 257
1392 2465
2466 611
427 2467
1181 725
1751 358
2468 482
2105 1311
2469 2470
612 2471
2127 1351
2472 1972
2473 2474
258 194
2475 2147
2350 1001
2476 200
2477 1825
2058 2478
606 1004
513 1902
1187 1251
1975 1557
1789 1753
439 373
186 1267
2479 194
2480 1947
588 2290
2481 268
220 1966
1164 2482
862 2483
2079 1173
2484 1600
2418 2209
840 1469
1676 1290
2485 1125
2486 319
1043 1896
1322 2296
2487 731
2488 533
2122 2489
2490 160
1172 1034
495 2491
2492 613
2396 847
9 627
428 2467
1202 1775
1354 2493
2494 575
639 211
1313 2137
2152 873
1184 1983
2196 2461
558 1657
988 2482
232 229
946 754
993 1326
2104 374
2062 1949
764 1060
2495 2496
1370 2200
231 2497
2498 440
1673 517
1310 15
2320 847
2499 2500
1133 1946
2322 2501
1889 458
277 2458
606 552
2502 2163
969 2503
2284 2231
2504 831
1821 1639
2505 2506
320 713
2507 561
1638 484
2210 2145
2253 2508
2428 1591
2206 1684
675 1905
2468 687
2102 2335
2452 94
742 32
2509 1564
2510 536
1413 1978
2511 703
2512 991
2475 182
483 1022
1777 504
512 1784
396 2420
2316 245
2177 1356
2513 119
2514 2515
2516 1961
1899 2517
309 2089
2518 2519
891 2435
2520 1903
2521 2522
1526 2523
153 2423
1881 2524
2133 2525
1276 1513
1132 1354
561 286
2376 2089
2526 1718
186 989
39 476
2326 1274
2009 989
1107 2084
100 2527
2365 210
863 2238
2528 2529
2038 1953
2530 779
293 1411
89 2531
2477 1859
2532 1116
1074 1952
1629 2522
259 2533
367 333
94 663
2431 13
2445 1911
485 656
1121 1702
2338 966
2534 189
2535 230
2536 1038
639 843
512 2537
2250 2538
2539 1504
2540 1555
802 2541
2167 38
2523 1854
155 2234
870 399
1896 1141
2542 1822
1176 2278
286 1823
1592 54
2543 946
1603 128
1422 175
147 2544
1261 1397
512 1072
257 1036
2064 440
512 2259
835 2000
614 773
2545 1636
1925 2546
624 1779
2164 1625
42 139
884 2547
2324 345
2548 2091
770 1060
2286 500
1374 143
685 2168
813 719
1366 1260
2549 2550
2072 1590
1223 522
1574 149
2551 1163
229 1176
698 2551
2370 2552
308 468
2167 310
1563 918
315 2267
1673 922
1761 2547
851 582
1707 1685
2384 780
1450 2490
2553 38
980 2049
1561 2554
1910 1776
1926 1939
2226 2167
496 1822
1604 2385
1604 2555
1650 2500
2209 442
2338 1846
61 2556
2309 583
2403 2557
1226 1115
107 1472
1437 1798
2307 597
1847 2471
2002 2558
2126 1759
2391 790
570 548
455 1452
1336 2559
2560 2153
2561 1818
1567 460
2555 563
573 536
2562 1677
1188 2517
2563 1429
2343 773
1276 2439
2179 1414
1111 1850
2564 1829
1425 2424
1749 1237
1700 1182
2565 665
1007 1210
2312 534
1317 2566
2567 2249
1372 2568
2569 603
2570 145
792 2571
1822 2214
2416 808
738 1953
18 2572
2573 2412
2120 1904
752 1634
2574 351
282 2532
1991 1159
955 632
1461 1598
2575 598
945 2576
2577 1870
2578 294
2311 2123
1264 2579
699 1492
1659 189
2357 1477
2197 2580
828 2430
1946 448
2124 2349
2581 2580
908 2052
2326 2582
2378 609
869 2583
1482 1212
1131 492
1204 2584
765 2465
2585 2005
1931 2017
2586 914
2521 2587
516 2130
1606 2173
2588 1571
455 2393
2266 1946
837 986
1657 2529
802 946
745 1735
2242 1691
2589 1345
2274 117
2162 719
2505 2578
335 186
1411 661
2571 2590
1297 733
1144 2419
1797 2572
2080 1032
2588 2237
31 634
1278 1389
102 1640
319 2459
282 2591
2377 1204
2356 254
392 2178
2414 1171
2260 1439
1448 1294
2570 1867
1072 2387
1381 716
455 1451
1002 2409
505 402
898 2592
2593 2594
1729 170
2595 946
2494 663
1082 314
1787 1425
1482 1961
2580 2472
1438 1425
202 1169
1149 170
68 166
726 2596
1447 2597
2525 1404
455 2092
2446 2265
883 2119
2244 2034
1633 2030
1310 1594
236 1927
2153 362
2496 886
656 1721
1872 2254
1496 2598
119 1496
1044 917
1673 1388
2599 281
1165 2600
2154 971
747 1784
2601 1985
1038 2602
1749 304
2234 1231
78 1528
103 1616
1003 1260
1088 2529
2170 1023
2103 1637
1605 1454
1033 1627
315 2603
2286 2604
1051 2605
1535 2327
2606 1841
1969 1243
2441 219
2607 1221
1708 2448
2332 1364
1425 2515
848 2166
825 2007
2258 1782
1454 4
2608 659
1550 2220
56 1103
83 2609
328 1839
2610 1322
1038 1174
1997 1530
836 1427
61 667
1174 1692
1835 389
1107 2559
616 991
2241 1345
772 2594
2421 268
2611 1265
1300 226
1090 587
1407 1424
1587 868
1409 2612
2613 440
76 2004
255 1477
892 2614
1933 1745
1966 2404
2615 653
1631 436
1584 200
1892 950
2616 2317
2536 1454
2617 2187
546 2137
2438 743
2373 1028
2618 468
2157 68
2619 1963
2620 2172
1703 1781
2481 169
2240 686
2218 2469
745 851
470 392
101 2440
2621 2169
1247 557
2622 2060
623 1480
2623 2276
2518 2624
387 2227
1331 2246
2625 19
2126 2528
515 867
71 1611
2006 660
1048 2626
2021 348
277 2539
1096 1709
917 1346
2016 353
455 1632
1984 2627
1746 2627
2628 2629
1217 1713
714 225
425 2287
2427 1330
2263 1548
1261 291
1361 2630
2631 1760
1228 2576
2139 2632
2077 202
1054 2633
2634 500
1709 1171
1169 2622
2635 2480
2591 1741
353 2636
1881 2637
2304 2176
1766 2621
507 1236
1583 397
2638 2160
819 1822
2639 1515
2533 1381
413 1794
397 597
1027 1410
2329 155
1209 1536
1185 1257
2073 775
1249 1496
1729 1599
1736 163
1968 2362
2138 1763
2640 2425
2641 635
480 2469
857 776
1953 2437
1251 2642
2040 2603
2617 1081
1694 1960
926 1608
2643 2644
1008 936
1872 1256
1028 528
1648 2600
29 1973
2415 1915
2051 1312
1961 2645
1022 2646
1254 2341
900 534
1397 560
1990 511
359 458
2168 2160
566 1576
716 2647
2370 2648
1319 136
1522 289
2483 1400
319 293
34 1021
2321 2618
1174 2354
1115 2272
2649 136
1059 501
177 1358
18 2521
1316 2358
65 248
2042 1704
1010 166
2473 1923
2650 2291
2651 536
1589 1958
2290 517
166 255
2652 1721
2297 2089
2653 2537
1354 2555
472 2533
2094 2412
2013 2397
2654 1109
2624 626
2506 124
101 2655
1698 2656
2370 1287
2598 854
909 818
615 55
2546 1437
291 507
2657 310
1562 2221
1848 2573
2053 989
787 122
2593 572
2293 1813
2531 2658
125 1569
1110 1556
2356 96
1914 2549
1667 84
1789 2603
2294 902
332 174
2065 276
1511 2526
2463 2659
1959 2660
2216 1528
2661 351
1624 21
1800 2662
2324 2663
2508 2664
2470 2665
71 1872
1978 2642
2666 1086
2667 287
2616 1765
2668 1274
1230 1410
1703 2269
53 938
2658 551
2140 1460
263 2175
389 689
1357 2295
2180 1411
426 806
2535 2022
1535 1340
483 885
630 452
1970 1928
1251 2219
800 783
2189 1272
792 590
1126 2108
2261 2462
1897 971
983 2594
1416 1130
744 1893
41 2320
1316 1774
1768 2046
1669 1478
1951 1056
2625 2402
2008 491
745 2188
962 1539
2669 440
2665 486
306 806
2638 2670
1425 2671
2474 2270
335 2614
832 1651
2347 2458
1672 2257
1897 896
1092 2557
1212 219
2100 2348
2342 1437
2096 381
2308 1345
1190 2672
2224 1670
1415 616
1544 669
734 1577
2479 1169
1155 284
361 1542
317 2194
287 2111
1379 2673
1434 2226
2660 462
2277 1076
2429 1656
313 434
2106 583
2142 492
385 446
1454 805
1393 104
580 1663
308 434
1204 1326
2674 1670
421 706
236 638
1596 1202
1463 2161
101 2236
2134 482
1752 2519
2313 2326
1677 117
2609 2386
2633 2026
1154 704
2063 2252
2675 1725
1643 1431
2484 2126
2675 2061
2676 983
1024 845
2125 203
41 2465
2492 414
2088 2229
2586 92
601 2334
2526 955
343 1343
2300 1143
434 1388
1793 2677
967 382
138 2211
2630 2678
513 703
1569 2679
397 1706
186 761
1756 1649
2251 2652
1394 137
1193 2680
394 196
2037 1665
756 1715
2261 1308
1467 2295
1186 939
2681 864
2337 2612
2047 2682
2658 2683
2616 1532
780 1997
182 2095
2650 2495
2478 527
1993 764
2055 1931
801 2684
2331 353
2434 2685
1400 2255
2583 384
744 456
2027 2538
1126 1464
1634 2329
2599 1983
199 2686
1872 2579
118 701
1195 224
2148 2014
2340 11
2328 2374
2687 1019
2542 1981
140 1909
2688 1936
1583 2142
882 989
1967 2261
1521 174
1176 1938
23 2689
2690 1337
2395 1811
2691 2163
107 2692
398 1521
1997 1598
2617 1949
1872 2548
1348 1227
1056 2669
780 115
1013 2389
2693 2694
2089 2695
2696 2601
2697 788
1052 1060
2662 168
1076 2213
1624 2698
2573 2098
2202 2208
946 1327
731 369
2238 1595
2499 242
1280 410
1912 2699
2426 10
2264 3
801 2382
2577 2143
1605 901
1068 2700
1491 2208
409 1617
829 2010
1546 2701
2702 2084
2355 2703
1204 2003
2704 534
2655 102
398 1527
34 2142
1104 2146
829 315
1646 2456
1474 111
2705 1247
2706 47
727 578
1298 1670
52 941
1495 2315
2696 174
1754 1811
2121 503
189 2086
2681 2561
1857 2707
2392 2671
1206 2672
1108 1982
2184 1335
1127 2118
2417 1767
2708 388
1738 2527
1512 788
1558 2346
1883 193
1587 2709
252 593
170 2710
2674 2552
1204 2639
570 371
1543 1143
483 1655
1879 1626
1765 1363
1957 2550
648 2711
2678 1070
1933 746
2522 1625
1661 940
2201 2556
1105 366
879 390
1184 116
2491 1665
1448 1801
2655 693
1734 2537
2015 2582
2501 2141
2390 1678
252 2307
1564 249
1796 2677
574 393
1711 2645
1355 1118
2533 716
915 1106
1024 2712
2713 1060
540 2707
1400 2714
57 696
2242 2082
207 1799
2201 2351
2299 714
641 2715
2383 2514
1996 1530
1817 92
1857 2295
1506 348
267 670
1434 866
1988 2457
1855 2610
831 1279
597 2716
1128 1822
2717 2148
2413 2149
2380 584
2718 1503
2691 987
2719 1727
2720 2693
2710 2637
1578 1647
1410 661
1603 2721
2666 445
2375 95
1245 2243
2647 1481
2722 79
1377 1977
1139 1410
1401 2457
1995 1108
380 1735
564 2155
2664 2714
503 2436
2235 876
684 420
2526 1336
2339 370
225 2640
147 1601
982 2683
644 913
2629 2041
102 219
265 1920
2723 1961
2475 2615
2646 860
1625 1147
377 2159
1139 2137
1488 526
195 202
2724 2725
2726 2303
2130 1790
319 294
2727 1079
1993 1775
2728 2667
2729 481
1769 2566
1153 2590
2372 2626
1996 1224
812 763
1778 2394
2634 853
342 2730
2641 2217
607 1521
1324 301
944 1165
1912 2724
1294 2191
385 2367
693 219
1613 2067
2731 853
428 351
173 2732
2093 2712
1650 523
1712 1772
2251 2721
1691 225
2135 59
213 2587
287 2141
228 184
1999 2528
1203 595
2455 2288
2411 2730
2051 2685
625 2709
2636 2235
1402 59
2656 1155
596 168
2733 1121
2371 1780
27 821
1014 1438
972 353
1399 2368
2663 1475
1520 1436
637 2282
240 2212
1521 2064
2698 2734
1580 1760
806 223
2620 1316
2606 2181
2261 1996
851 2017
2635 312
680 423
745 2700
2735 1238
1623 983
2736 92
55 54
489 1271
1484 2379
1730 983
383 2699
2649 736
366 475
1920 2109
1464 1703
2737 1772
1038 2738
64 1383
802 2739
1053 657
188 1703
258 607
1948 2686
2670 2035
2449 1757
1048 2044
2711 2325
889 2725
1363 2522
277 2740
2644 1810
1617 2628
1013 2544
890 1749
838 1896
1565 382
870 2659
2655 2575
912 1259
2729 1935
1839 435
214 1754
426 1327
1683 1865
1694 2271
1881 2050
2741 2152
841 1390
2731 1040
2279 1437
1379 1322
1221 2582
1214 2695
1918 897
1659 2270
2233 429
608 1539
337 718
96 2688
2742 161
2558 835
730 2203
2743 2627
2290 411
152 706
2744 1400
592 1937
2211 1782
2706 2676
2101 2738
2353 2582
2188 461
1421 1725
1632 1965
2745 729
828 1616
2363 1120
1691 2314
443 2694
2703 512
565 2460
2592 2694
