89 206
0 1
2 3
2 4
5 6
5 7
5 8
5 9
4 10
11 7
11 5
11 12
11 6
11 13
11 8
14 15
16 17
18 5
19 20
21 22
17 9
17 8
23 24
23 0
25 26
27 28
27 29
27 30
27 31
27 32
27 8
27 33
27 34
27 35
27 22
27 36
27 37
27 38
38 39
38 22
38 36
38 37
38 4
38 8
26 40
41 42
41 7
1 7
35 43
35 33
35 28
35 34
35 44
35 36
35 37
35 32
45 46
47 0
47 25
48 13
40 1
36 22
36 37
36 32
36 8
49 11
29 25
29 22
29 37
29 8
29 38
29 4
30 22
30 7
30 29
30 16
30 50
30 36
30 38
30 37
30 8
51 52
51 0
53 32
53 46
8 9
8 7
44 33
44 54
44 32
44 20
22 37
22 4
22 8
6 40
6 1
6 7
6 0
6 8
55 46
56 33
43 14
28 29
28 57
28 32
28 4
28 33
28 34
28 58
28 59
28 22
28 36
28 37
28 38
60 42
46 14
46 56
46 20
46 60
46 48
12 6
12 7
61 54
61 20
62 15
54 32
63 46
34 33
34 64
34 65
34 30
34 22
34 36
34 37
34 38
34 32
34 8
52 26
66 3
66 51
66 67
58 39
37 8
68 16
68 18
68 48
67 39
67 29
67 47
67 58
67 21
67 69
67 70
64 65
64 58
71 3
72 70
72 37
50 9
73 3
73 59
74 75
76 67
76 16
76 31
77 36
78 79
78 9
80 77
80 46
81 20
82 3
83 84
83 0
84 24
13 85
70 16
79 42
79 16
33 22
33 36
33 37
33 32
59 22
59 38
59 29
59 10
59 4
24 40
24 6
24 7
24 1
86 46
87 28
87 29
87 25
87 30
87 8
87 27
87 22
87 38
87 4
87 34
87 37
87 67
88 64
88 74
