150 684
0 1
0 2
3 4
3 5
3 6
7 8
7 9
10 11
10 4
10 5
10 12
10 13
10 14
15 16
15 13
17 18
17 19
17 20
17 21
17 22
17 9
17 23
17 24
17 25
17 12
17 26
17 27
17 28
17 29
17 30
17 31
17 32
17 33
34 35
34 20
34 36
34 37
34 27
34 38
39 0
39 40
39 21
39 41
39 42
39 43
39 44
39 45
39 46
39 5
39 47
39 27
39 16
39 48
39 49
39 50
39 12
39 13
39 51
39 52
39 30
40 30
40 53
40 54
40 25
40 55
40 56
40 42
40 44
40 5
40 57
40 14
40 58
40 59
40 60
40 8
40 61
40 9
40 62
40 63
40 64
40 47
40 65
40 66
40 16
40 67
40 1
40 51
40 68
40 23
40 69
40 70
40 71
40 72
40 73
40 74
40 24
40 75
40 76
40 77
40 78
79 40
79 37
79 44
79 27
79 2
79 30
59 5
59 13
64 74
64 65
64 24
64 31
64 14
65 10
65 31
65 14
28 40
28 9
16 30
16 63
80 12
80 40
80 77
67 81
67 1
67 82
67 61
67 30
67 2
67 33
51 9
48 5
48 13
83 65
83 30
83 84
83 46
83 14
85 13
85 33
69 61
69 52
86 5
86 40
86 67
86 49
86 47
86 39
86 44
86 13
87 40
87 88
87 41
87 39
87 37
87 27
87 30
89 33
1 13
25 47
90 21
90 67
90 91
90 31
24 10
24 31
52 12
92 40
92 93
92 22
92 25
92 23
92 49
92 94
92 16
95 40
95 59
95 57
20 0
20 40
20 95
20 96
20 5
20 43
20 23
20 15
20 41
20 97
20 94
20 26
20 42
20 39
20 44
20 77
20 98
20 99
20 100
20 101
20 46
20 33
20 18
20 102
20 79
20 103
20 61
20 73
20 60
20 104
20 9
20 105
20 32
20 63
20 64
20 57
20 106
20 37
20 107
20 14
20 31
20 108
20 109
20 110
20 22
20 1
20 48
20 49
20 24
20 111
20 6
20 83
20 85
20 86
20 13
20 89
20 35
20 112
20 74
20 19
20 71
20 4
20 91
20 113
20 114
20 55
20 90
20 2
20 76
88 61
88 40
88 9
88 115
116 117
116 8
116 40
118 13
118 104
118 90
26 81
91 30
91 71
91 61
91 2
91 46
91 33
98 91
98 30
99 40
99 61
99 42
99 91
99 71
119 40
119 9
119 39
18 40
18 85
18 53
18 15
18 120
18 98
18 33
18 115
18 8
18 105
18 63
18 121
18 114
18 70
18 19
18 4
18 113
18 76
104 14
105 10
105 84
105 46
105 14
105 64
105 47
105 65
105 31
105 106
105 83
105 74
105 24
105 30
112 16
112 13
122 5
122 105
122 83
122 47
122 65
122 44
122 27
122 13
122 30
122 46
122 14
110 9
123 17
123 40
123 124
125 40
125 37
125 27
125 30
126 97
126 5
126 55
126 64
127 20
128 40
128 9
129 11
129 9
130 40
131 5
131 40
131 20
131 21
131 10
131 104
131 120
131 33
132 40
132 102
132 20
132 61
132 133
132 55
132 26
132 42
132 95
132 43
132 44
132 98
132 99
132 84
132 101
132 2
132 33
132 18
132 79
132 100
132 104
132 9
132 64
132 112
132 31
132 22
132 67
132 86
132 13
132 71
132 19
132 74
132 4
132 113
132 90
132 24
132 76
134 40
134 16
134 9
29 8
29 103
29 7
29 39
36 40
36 20
36 132
36 49
36 50
36 44
36 75
36 62
36 66
76 81
135 8
135 40
135 39
136 39
136 20
137 117
137 13
137 40
137 5
137 1
117 9
102 40
102 23
102 41
102 64
102 65
138 83
138 106
138 39
138 37
138 27
138 84
138 30
53 108
53 13
133 21
133 10
133 104
133 105
133 23
133 65
133 120
133 14
41 30
97 81
97 105
97 33
94 44
94 125
94 5
55 44
56 78
120 0
120 40
120 21
120 86
120 33
84 65
115 13
115 103
139 40
139 10
139 104
139 105
139 133
139 23
139 65
139 37
139 75
139 33
139 14
73 62
32 40
37 40
37 41
37 91
37 44
37 98
37 33
37 9
37 105
37 106
37 27
37 67
37 70
37 140
37 35
37 4
37 113
37 38
37 77
37 30
27 40
27 96
27 41
27 91
27 98
27 14
27 104
27 105
27 16
27 106
27 33
27 67
27 50
27 83
27 140
27 35
27 4
27 38
27 30
72 8
72 103
141 10
141 5
141 40
141 65
142 61
49 115
49 23
49 4
49 27
49 48
49 5
49 47
49 91
49 37
49 30
49 33
43 40
43 12
43 84
43 30
13 100
13 78
143 16
19 3
19 96
19 114
19 15
19 97
19 144
19 33
19 104
19 16
19 121
19 109
19 125
19 67
19 85
19 70
19 81
19 4
19 113
19 90
19 76
19 78
35 1
35 16
35 30
113 40
113 4
113 73
113 67
113 91
113 144
113 2
113 33
75 5
75 13
30 14
30 104
30 33
30 50
30 4
21 9
21 33
96 30
23 74
23 105
23 64
23 65
23 24
23 31
46 59
46 84
46 70
145 40
145 20
145 96
145 67
145 132
145 113
145 91
145 37
145 146
145 2
8 108
8 12
8 26
8 111
9 44
9 62
9 5
9 104
9 142
9 77
144 10
144 105
144 16
144 65
144 84
57 55
106 142
106 30
103 67
103 70
121 5
114 40
107 63
107 95
22 40
22 16
22 57
147 40
6 5
6 31
6 67
6 105
6 11
6 84
124 95
124 20
124 23
124 97
124 55
124 56
124 91
124 39
124 148
124 62
124 18
124 115
124 9
124 105
124 64
124 16
124 37
124 27
124 31
124 82
124 12
124 6
124 43
124 143
124 89
124 19
124 74
124 35
124 36
124 30
149 40
149 20
149 42
149 91
149 37
149 27
149 2
149 30
146 5
146 140
146 102
146 9
146 41
146 56
146 39
146 24
146 27
146 13
146 32
146 2
71 61
71 42
108 5
108 47
108 44
108 13
140 15
140 33
140 30
38 40
38 56
38 30
101 40
101 140
