406 609
0 1
0 2
0 3
1 4
1 5
2 6
2 7
3 8
3 9
8 10
8 11
4 12
4 13
5 14
5 15
6 16
6 17
9 18
9 19
7 20
7 21
18 22
18 23
10 24
10 25
12 26
12 27
11 28
11 29
14 30
14 31
20 32
20 33
19 34
19 35
16 36
16 37
21 38
21 39
17 40
17 41
15 42
15 43
13 44
13 45
28 46
28 47
22 48
22 49
24 50
24 51
26 52
26 53
44 54
44 55
23 56
23 57
42 58
42 59
40 60
40 61
32 62
32 63
45 64
45 65
30 66
30 67
27 68
27 69
36 70
36 71
34 72
34 73
38 74
38 75
41 76
41 77
29 78
29 79
43 80
43 81
37 82
37 83
39 84
39 85
31 86
31 87
33 88
33 89
35 90
35 91
25 92
25 93
56 94
56 95
54 96
54 97
46 98
46 99
92 100
92 101
86 102
86 103
88 104
88 105
90 106
90 107
84 108
84 109
82 110
82 111
74 112
74 113
58 114
58 115
76 116
76 117
83 118
83 119
78 120
78 121
60 122
60 123
80 124
80 125
52 126
52 127
77 128
77 129
81 130
81 131
62 132
62 133
85 134
85 135
79 136
79 137
57 138
57 139
64 140
64 141
66 142
66 143
68 144
68 145
70 146
70 147
72 148
72 149
55 150
55 151
48 152
48 153
63 154
63 155
59 156
59 157
73 158
73 159
50 160
50 161
65 162
65 163
91 164
91 165
93 166
93 167
61 168
61 169
71 170
71 171
69 172
69 173
51 174
51 175
89 176
89 177
75 178
75 179
67 180
67 181
53 182
53 183
49 184
49 185
87 186
87 187
47 188
47 189
98 190
98 191
94 192
94 193
96 190
96 194
182 192
182 195
110 190
110 196
108 192
108 197
184 198
184 199
183 200
183 201
188 202
188 203
186 204
186 205
146 206
146 207
152 206
152 208
112 209
112 210
114 209
114 211
154 212
154 213
156 214
156 215
158 214
158 216
116 217
116 218
109 219
109 220
118 221
118 222
178 223
178 224
180 225
180 226
153 227
153 228
148 229
148 230
150 231
150 232
160 233
160 234
120 235
120 236
162 237
162 238
111 239
111 240
159 241
159 242
172 243
172 244
176 243
176 245
174 246
174 247
155 241
155 248
122 246
122 249
164 250
164 251
124 252
124 253
126 254
126 255
179 256
179 257
128 258
128 259
177 260
177 261
168 262
168 263
170 264
170 265
161 266
161 267
169 268
169 269
130 270
130 271
132 272
132 273
134 274
134 275
171 276
171 277
165 276
165 278
163 272
163 279
181 274
181 280
157 281
157 282
136 283
136 284
138 285
138 286
140 287
140 288
173 289
173 290
175 291
175 292
142 293
142 294
166 295
166 296
167 297
167 298
144 299
144 300
145 301
145 302
113 301
113 303
99 270
99 223
151 262
151 233
127 258
127 229
143 250
143 217
121 252
121 219
141 264
141 235
187 256
187 304
149 268
149 303
100 305
100 212
131 306
131 227
123 307
123 237
139 308
139 225
102 305
102 221
95 307
95 304
125 309
125 310
104 311
104 312
119 308
119 266
106 289
106 239
117 299
117 313
129 295
129 310
137 293
137 302
115 291
115 260
97 285
97 311
105 283
105 314
107 287
107 314
147 297
147 281
185 315
185 231
189 316
189 313
103 316
103 312
101 317
101 254
135 317
135 306
133 315
133 309
301 318
206 318
316 319
317 320
315 321
297 322
291 323
299 323
281 324
283 324
287 325
295 325
285 320
293 321
289 326
272 322
276 319
274 326
311 327
309 328
306 329
305 330
307 331
314 332
308 333
264 334
260 335
256 336
262 337
258 338
268 339
254 340
250 341
252 342
266 343
270 344
241 345
243 346
246 347
310 348
304 349
312 350
313 351
302 352
303 353
221 354
229 355
231 356
235 357
223 358
219 359
239 360
217 361
225 362
237 363
233 364
227 365
209 366
212 367
214 368
195 328
195 319
280 339
280 322
240 340
240 321
198 334
198 323
191 335
191 339
271 332
271 333
269 342
269 330
213 344
213 331
238 341
238 343
200 347
200 345
236 362
236 338
211 363
211 340
249 352
249 329
267 353
267 328
248 364
248 361
279 365
279 351
234 369
234 326
210 370
210 325
201 371
201 324
197 372
197 337
196 373
196 345
245 374
245 343
263 375
263 332
230 376
230 327
265 376
265 344
298 377
298 336
300 377
300 333
232 378
232 336
261 378
261 338
278 378
278 329
296 372
296 346
228 373
228 346
226 370
226 347
224 371
224 341
247 379
247 327
244 380
244 342
199 371
199 330
242 377
242 359
259 369
259 358
208 369
208 350
257 379
257 360
277 380
277 366
204 373
204 357
202 370
202 356
292 381
292 382
294 376
294 372
255 383
255 375
203 383
203 374
205 382
205 375
218 384
218 320
193 385
193 335
290 386
290 331
275 387
275 334
194 388
194 348
288 385
288 354
222 389
222 355
251 388
251 381
286 390
286 380
273 390
273 382
253 391
253 379
207 391
207 383
220 389
220 381
216 387
216 374
282 384
282 386
215 392
215 337
284 393
284 349
394 359
394 363
394 350
395 368
395 354
395 352
396 387
396 348
396 349
397 384
397 357
397 353
398 388
398 367
398 318
399 390
399 368
399 358
400 385
400 391
400 361
401 389
401 386
401 356
402 393
402 355
402 365
403 393
403 366
403 364
404 392
404 360
404 351
405 392
405 367
405 362
