347 353
0 1
2 3
4 5
6 7
8 7
9 7
10 7
11 12
13 14
15 16
17 7
18 19
20 14
21 22
23 19
24 25
26 27
28 29
30 31
32 33
31 34
14 35
36 37
38 14
39 40
41 25
14 5
42 43
44 32
31 45
46 29
47 48
49 50
14 51
32 52
53 54
29 55
56 57
13 7
18 39
58 51
59 60
61 21
56 62
63 64
32 65
66 67
68 63
32 69
66 70
14 71
14 72
73 54
74 48
47 75
76 25
77 78
60 79
80 81
30 74
14 82
83 84
18 25
19 85
86 87
32 88
89 7
90 91
14 87
14 92
93 25
31 94
95 96
49 97
98 99
47 100
101 102
103 104
7 105
32 29
106 107
108 74
109 110
111 112
113 22
26 114
14 115
14 88
116 117
118 7
25 78
119 47
25 120
121 47
7 122
123 14
124 25
125 84
31 126
7 127
128 74
129 14
130 78
14 131
132 133
134 53
135 136
137 31
138 22
139 25
135 140
141 142
41 84
47 143
144 145
113 146
118 14
31 147
0 45
148 21
59 149
150 16
70 151
152 153
7 19
31 154
155 19
156 157
47 158
159 21
160 161
66 53
7 162
163 164
101 57
165 91
166 142
59 19
14 122
167 14
168 169
170 171
172 173
174 14
18 175
176 16
91 177
178 179
180 181
182 63
183 184
185 186
27 187
88 7
188 14
189 96
163 7
190 152
191 183
192 26
193 7
191 194
195 7
196 197
198 14
147 199
91 19
200 201
202 86
14 203
129 7
59 14
108 80
16 204
205 151
206 110
207 85
208 7
0 7
188 27
56 48
209 210
211 183
212 29
0 213
7 214
215 19
41 14
113 216
59 217
218 79
16 219
220 25
91 7
221 39
172 63
66 222
163 223
7 224
32 225
152 226
227 228
229 14
135 230
14 86
14 175
231 63
110 232
32 9
7 92
101 233
196 234
235 54
236 237
14 238
189 239
240 241
7 86
7 242
70 84
243 244
150 21
7 245
246 110
247 248
33 7
70 25
165 86
32 49
59 21
249 250
251 14
56 252
253 254
164 85
255 7
141 7
256 54
101 257
258 15
259 7
7 260
200 261
262 263
264 116
265 262
227 266
56 267
268 7
269 270
165 51
271 54
27 272
7 273
274 275
59 7
276 86
19 245
101 228
14 277
7 278
279 47
60 16
74 280
281 7
166 14
282 283
284 84
32 146
285 96
47 286
113 287
47 288
32 289
258 98
290 54
164 25
74 291
52 292
293 156
198 7
209 294
295 296
149 297
70 78
113 29
298 299
14 300
301 31
302 233
303 14
304 110
7 305
306 307
14 308
309 21
310 311
96 63
166 21
312 56
269 63
21 313
314 190
32 16
315 316
91 317
113 98
14 318
32 6
7 65
227 319
11 152
25 320
315 321
25 322
0 323
66 324
325 25
112 295
244 326
327 43
32 328
164 39
329 200
330 14
135 331
332 333
277 64
7 225
334 335
44 7
312 51
25 323
7 85
145 336
108 19
91 311
47 337
279 96
142 60
338 339
173 110
32 115
340 295
7 51
32 341
47 342
166 32
31 63
343 344
310 345
346 54
16 248
