59 104
0 1
0 2
0 3
1 4
1 2
1 5
4 6
7 8
7 9
8 10
8 11
8 12
10 11
10 13
2 3
2 5
11 12
11 13
3 5
3 14
5 6
6 15
9 12
9 16
12 13
13 17
15 18
15 19
18 20
18 21
18 22
20 23
20 21
20 24
23 25
23 26
23 27
25 16
25 26
25 28
16 29
21 24
21 22
26 27
26 28
24 27
24 22
27 28
27 30
28 29
29 31
14 32
14 33
14 34
32 33
32 35
32 19
31 17
31 36
31 37
17 36
17 38
33 34
33 39
36 40
36 38
35 39
35 41
19 22
30 42
30 43
30 44
30 45
42 37
42 44
42 46
37 40
34 39
34 47
39 48
40 38
40 49
38 50
51 47
47 48
48 52
48 53
53 54
53 55
53 41
54 55
54 41
54 45
55 43
55 56
55 45
43 44
43 46
44 46
46 49
49 57
49 50
50 58
41 45
