234 300
0 1
2 3
4 5
6 7
8 9
10 8
11 12
13 14
15 16
17 18
19 20
21 22
23 24
25 26
27 28
29 30
31 32
33 34
35 36
25 37
38 39
40 41
42 43
44 45
46 47
48 49
50 51
52 53
54 20
55 56
0 57
58 59
60 61
62 63
64 65
66 67
44 68
66 69
70 71
72 61
14 73
59 2
17 74
75 51
76 28
77 78
79 5
15 69
8 39
80 81
82 83
70 31
84 77
80 85
86 87
16 0
88 6
89 90
91 42
92 35
90 62
93 94
65 33
95 6
6 96
5 50
97 98
99 64
8 78
47 6
25 100
101 102
103 0
24 104
97 105
44 106
54 107
9 108
109 32
105 30
110 111
112 30
113 13
57 38
63 114
24 26
83 115
116 117
22 118
119 120
117 44
59 121
76 122
123 60
124 95
87 124
100 125
120 126
127 81
128 85
129 130
96 0
98 131
132 133
116 134
135 136
134 66
97 137
138 139
1 84
114 11
70 140
141 113
142 136
143 144
140 102
145 146
32 147
148 149
150 123
151 93
152 99
153 154
73 33
54 155
90 152
156 73
51 148
144 157
15 158
76 81
116 109
24 159
99 114
160 161
162 163
13 156
154 136
0 164
165 166
124 164
70 167
55 18
32 158
77 165
168 15
127 169
52 170
42 115
171 172
173 136
174 92
175 127
176 177
178 179
167 97
83 180
181 182
111 183
131 32
179 54
6 184
185 15
55 159
186 8
187 27
188 189
89 141
190 38
10 27
83 177
19 82
191 160
112 149
44 192
193 176
194 38
19 43
195 196
197 174
65 12
198 199
157 55
200 201
79 202
37 132
36 203
100 204
104 205
8 206
207 5
161 208
102 58
209 124
0 186
63 52
152 210
142 76
83 21
76 211
27 212
210 156
49 59
62 99
42 23
213 214
24 215
0 121
80 175
125 188
216 143
185 51
217 32
12 34
189 177
218 216
219 171
102 88
170 162
136 194
38 220
34 72
214 102
172 221
201 66
15 48
59 209
32 46
184 136
206 136
38 40
54 222
199 223
224 66
173 127
97 225
55 107
126 151
123 72
187 38
7 190
163 60
226 27
15 101
55 227
149 71
114 53
147 66
3 8
32 228
42 227
136 128
228 0
183 138
139 19
102 217
215 189
200 4
74 129
225 116
102 86
125 193
76 108
156 65
75 102
56 25
221 91
80 229
83 222
230 149
127 41
127 226
205 231
223 178
29 5
200 168
213 149
67 103
202 15
124 153
17 193
12 123
53 162
220 77
59 135
17 180
27 81
53 150
122 80
182 191
155 17
68 30
196 232
27 166
204 215
45 200
232 233
141 152
146 195
106 224
