419 1572
0 1
0 2
0 3
0 4
0 5
0 6
1 7
1 2
1 4
1 5
1 8
1 9
1 10
1 11
1 12
1 13
7 2
7 8
7 9
7 14
7 15
2 3
2 14
2 15
2 6
2 10
2 11
2 16
2 17
3 4
3 6
3 18
3 19
3 20
3 11
3 16
3 21
4 5
4 18
4 19
4 20
4 10
4 12
4 22
5 8
5 23
5 24
5 20
8 9
8 23
8 24
8 20
9 14
9 25
9 26
9 20
9 10
9 13
9 27
14 15
14 25
14 26
14 20
14 11
14 17
14 28
15 6
15 29
15 30
15 20
6 29
6 30
6 20
31 32
31 33
31 34
31 35
31 36
31 37
31 38
31 39
31 40
32 41
32 33
32 34
32 42
32 35
32 36
32 37
32 38
32 43
41 18
41 34
41 42
41 19
41 38
41 43
41 21
18 42
18 19
18 16
18 43
18 21
33 34
33 44
33 45
33 37
33 39
33 46
33 47
34 42
34 44
34 45
34 39
34 46
34 48
42 19
42 46
42 48
42 22
19 12
19 48
19 22
25 49
25 26
25 50
25 13
25 27
25 51
49 52
49 26
49 50
49 53
49 27
49 51
49 54
52 55
52 50
52 53
52 56
52 57
52 58
52 51
52 54
52 59
55 53
55 56
55 57
55 58
55 54
55 59
55 60
55 61
26 50
26 17
26 28
26 62
50 53
50 28
50 62
50 63
53 56
53 64
53 65
53 62
53 63
53 60
56 64
56 65
56 59
56 63
56 60
56 66
44 45
44 67
44 68
44 39
44 47
44 69
45 67
45 68
23 24
23 70
23 71
24 71
24 72
57 58
57 73
57 74
58 73
58 74
58 59
58 61
58 75
67 68
67 76
67 77
67 47
67 69
67 78
67 79
68 80
68 76
68 77
68 69
68 78
68 81
80 82
80 78
80 81
80 83
82 70
82 81
82 83
82 84
70 71
70 85
70 83
70 84
70 86
71 72
71 85
71 87
71 88
71 84
71 86
71 89
71 90
72 91
72 87
72 86
72 89
72 92
91 93
91 89
91 92
91 94
93 73
93 92
93 94
93 95
73 74
73 96
73 97
73 94
73 95
73 75
74 96
74 97
74 61
74 95
74 75
74 98
76 77
76 99
76 100
76 69
76 79
76 101
77 99
77 100
85 102
85 88
85 103
87 104
87 88
87 103
96 97
96 105
96 106
97 105
97 106
97 75
97 98
97 107
99 100
99 108
99 79
99 101
99 109
100 110
100 108
100 111
100 112
100 113
110 114
110 115
110 112
110 113
110 116
110 117
114 118
114 119
114 113
114 116
114 120
118 102
118 121
118 122
118 123
118 116
118 120
102 122
102 123
102 124
102 88
102 103
104 125
104 126
104 127
104 124
104 88
104 103
125 128
125 126
125 127
125 129
125 130
125 131
128 132
128 133
128 130
128 131
128 134
132 105
132 135
132 131
132 134
132 136
132 137
105 106
105 138
105 139
105 134
105 136
106 139
106 98
106 107
106 140
108 141
108 111
108 112
108 101
108 109
108 142
108 143
141 111
141 144
141 145
141 109
141 142
141 146
111 115
111 144
111 145
111 112
111 113
111 147
115 119
115 112
115 113
115 116
119 148
119 113
119 116
119 120
119 149
148 150
148 121
148 151
148 152
148 116
148 120
150 151
150 152
150 153
150 154
150 155
150 156
157 158
157 159
157 160
157 161
157 154
157 155
157 156
158 133
158 159
158 129
158 160
158 130
158 131
133 135
133 130
133 131
133 134
133 162
135 138
135 131
135 134
135 136
138 163
138 139
138 164
138 165
138 134
138 136
138 166
163 139
163 164
163 165
163 167
163 140
163 168
139 136
139 107
139 167
139 140
139 169
121 122
121 152
121 170
121 120
121 171
121 172
121 173
121 174
122 123
122 170
122 171
122 172
122 175
123 124
123 170
123 172
123 175
123 176
126 127
126 124
126 170
126 177
126 178
126 176
127 129
127 170
127 177
127 178
127 179
159 129
159 160
159 170
159 180
159 179
159 181
129 170
129 130
129 178
129 180
129 179
129 182
160 154
160 170
160 180
160 181
160 183
151 152
151 154
151 170
151 184
151 173
151 183
152 170
152 171
152 184
152 173
144 145
144 185
144 186
144 142
144 146
144 187
145 185
145 186
153 161
153 188
153 189
153 155
153 156
161 189
161 190
161 155
161 156
164 165
164 191
164 192
165 191
165 192
165 167
165 168
165 193
185 186
185 146
185 187
185 194
186 195
186 187
186 194
186 196
195 197
195 194
195 196
195 198
197 188
197 196
197 198
197 199
188 189
188 198
188 199
188 200
189 190
189 156
189 199
189 200
189 201
189 202
190 203
190 200
190 201
190 204
203 205
203 201
203 204
203 206
205 191
205 204
205 206
205 207
191 192
191 206
191 207
191 193
192 168
192 207
192 193
35 36
35 208
35 209
35 37
35 40
35 210
36 208
36 209
29 30
29 211
29 212
30 212
30 213
64 65
64 214
64 215
65 214
65 215
65 60
65 66
65 216
208 209
208 217
208 218
208 40
208 210
208 219
208 220
209 221
209 217
209 218
209 210
209 219
209 222
221 223
221 219
221 222
221 224
223 211
223 222
223 224
223 225
211 212
211 226
211 224
211 225
211 227
212 213
212 226
212 228
212 229
212 225
212 227
212 230
212 231
213 232
213 228
213 227
213 230
213 233
232 234
232 230
232 233
232 235
234 214
234 233
234 235
234 236
214 215
214 237
214 238
214 235
214 236
214 216
215 237
215 238
215 66
215 236
215 216
215 239
217 218
217 240
217 241
217 210
217 220
217 242
218 240
218 241
226 243
226 244
226 229
228 245
228 244
228 229
237 238
237 246
237 247
238 246
238 247
238 216
238 239
238 248
240 249
240 241
240 220
240 242
240 250
249 251
249 241
249 252
249 253
249 242
249 250
249 254
249 255
251 252
251 256
251 257
251 250
251 254
251 258
241 259
241 252
241 260
241 253
259 261
259 262
259 263
259 260
259 253
259 264
261 265
261 266
261 267
261 263
261 260
265 243
265 268
265 269
265 270
265 267
265 263
243 269
243 270
243 271
243 244
243 229
245 272
245 271
245 273
245 274
245 244
245 229
272 275
272 273
272 274
272 276
272 277
272 278
275 279
275 280
275 277
275 278
275 281
279 246
279 282
279 278
279 281
279 283
279 284
246 247
246 285
246 286
246 281
246 283
247 286
247 239
247 248
247 287
252 262
252 256
252 257
252 260
252 253
252 288
262 266
262 263
262 260
262 253
266 289
266 267
266 263
266 260
266 290
289 291
289 268
289 292
289 293
289 267
289 263
291 292
291 293
291 294
291 295
291 296
291 297
298 299
298 300
298 301
298 302
298 295
298 296
298 297
299 280
299 276
299 300
299 301
299 277
299 278
280 282
280 277
280 278
280 281
280 303
282 285
282 278
282 281
282 283
285 304
285 286
285 305
285 306
285 281
285 283
285 307
304 286
304 305
304 306
304 308
304 287
304 309
286 283
286 248
286 308
286 287
286 310
268 269
268 293
268 311
268 267
268 312
268 313
268 314
268 315
269 270
269 311
269 312
269 313
269 316
270 271
270 311
270 313
270 316
270 317
271 273
271 311
271 244
271 316
271 317
271 318
271 319
273 274
273 311
273 317
273 318
273 320
274 276
274 311
274 318
274 320
274 321
276 300
276 311
276 277
276 320
276 321
276 322
276 323
300 301
300 311
300 321
300 322
300 324
301 295
301 311
301 322
301 324
301 325
292 293
292 295
292 311
292 326
292 314
292 325
293 311
293 312
293 326
293 314
256 257
256 327
256 328
256 254
256 258
256 329
257 327
257 328
294 330
294 331
294 296
294 297
302 331
302 332
302 296
302 297
305 306
305 333
305 334
306 333
306 334
306 308
306 309
306 335
327 328
327 258
327 329
327 336
328 337
328 329
328 336
328 338
337 339
337 336
337 338
337 340
339 330
339 338
339 340
339 341
330 331
330 340
330 341
330 342
331 332
331 296
331 341
331 342
331 343
331 344
332 345
332 342
332 343
332 346
345 347
345 343
345 346
345 348
347 333
347 346
347 348
347 349
333 334
333 348
333 349
333 335
334 309
334 349
334 335
154 170
154 155
154 181
154 184
154 183
154 350
124 170
124 103
124 175
124 177
124 176
124 351
295 311
295 297
295 324
295 326
295 325
295 352
88 103
88 86
88 90
88 351
103 176
103 90
103 351
112 113
112 109
112 143
112 353
113 116
113 143
113 353
113 354
116 120
116 353
116 354
116 174
120 171
120 354
120 174
155 156
155 183
155 350
155 202
156 200
156 350
156 202
130 131
130 179
130 182
130 355
131 134
131 182
131 355
131 356
134 136
134 355
134 356
134 169
136 140
136 356
136 169
296 297
296 342
296 344
296 352
297 325
297 344
297 352
267 263
267 312
267 315
267 357
263 260
263 315
263 357
263 358
260 253
260 357
260 358
260 255
253 250
253 358
253 255
244 229
244 317
244 319
244 231
229 227
229 319
229 231
277 278
277 321
277 323
277 359
278 281
278 323
278 359
278 360
281 283
281 359
281 360
281 310
283 287
283 360
283 310
361 10
361 11
361 16
361 12
361 362
361 363
10 364
10 11
10 12
10 362
10 365
10 13
364 11
364 365
364 13
364 17
364 366
11 16
11 17
11 366
11 363
16 12
16 363
16 21
16 22
12 362
12 21
12 22
362 365
362 367
362 368
365 13
365 367
365 368
13 17
13 27
13 28
17 366
17 27
17 28
366 363
366 369
366 370
363 369
363 370
37 38
37 39
37 46
37 40
37 371
38 43
38 39
38 46
38 48
38 40
38 371
43 21
43 46
43 48
43 22
21 48
21 22
39 46
39 47
39 372
46 48
46 47
46 372
48 22
27 51
27 28
27 62
51 54
51 28
51 62
51 63
54 59
54 62
54 63
54 60
54 373
54 61
59 63
59 60
59 373
59 61
28 62
62 63
63 60
63 374
63 66
60 374
60 66
47 372
47 69
47 78
372 69
372 78
367 368
367 84
367 86
368 86
368 89
373 61
373 95
373 75
61 95
61 75
69 78
69 79
69 375
78 81
78 79
78 375
81 83
83 84
84 86
84 376
86 89
86 376
86 377
86 90
89 92
89 377
92 94
94 95
95 75
95 378
95 98
75 378
75 98
79 375
79 101
79 379
375 101
375 379
376 380
376 90
376 351
377 381
377 90
377 351
378 98
378 382
378 107
98 382
98 107
101 379
101 109
379 117
379 109
379 147
379 143
379 353
117 383
117 384
117 143
117 353
117 354
383 385
383 149
383 353
383 354
383 174
385 380
385 171
385 172
385 175
385 354
385 174
380 172
380 175
380 176
380 90
380 351
381 386
381 177
381 178
381 176
381 90
381 351
386 387
386 177
386 178
386 179
386 182
386 355
387 137
387 162
387 182
387 355
387 356
137 382
137 388
137 355
137 356
137 169
382 107
382 166
382 140
382 356
382 169
107 140
109 142
109 147
109 143
142 147
142 146
142 389
147 384
147 146
147 389
147 143
147 353
384 149
384 143
384 353
384 354
149 390
149 353
149 354
149 174
390 391
390 171
390 184
390 173
390 354
390 174
391 184
391 173
391 392
391 183
391 350
391 202
393 394
393 180
393 181
393 395
393 183
393 350
393 202
394 162
394 180
394 179
394 181
394 182
394 355
162 388
162 182
162 355
162 356
388 166
388 355
388 356
388 169
166 167
166 140
166 396
166 168
166 356
166 169
167 140
167 396
167 168
140 169
171 172
171 173
171 174
172 175
175 176
177 178
177 176
178 179
180 179
180 181
179 182
181 183
184 173
184 183
146 389
146 187
146 194
389 187
389 194
392 395
392 199
392 200
392 350
392 202
395 200
395 201
395 350
395 202
396 168
396 207
396 193
168 207
168 193
187 194
194 196
196 198
198 199
199 200
200 201
200 202
201 204
204 206
206 207
207 193
40 371
40 210
40 219
371 210
371 219
369 370
369 225
369 227
370 227
370 230
374 66
374 236
374 216
66 236
66 216
210 219
210 220
210 397
219 222
219 220
219 397
222 224
224 225
225 227
225 398
227 230
227 398
227 399
227 231
230 233
230 399
233 235
235 236
236 216
236 400
236 239
216 400
216 239
220 397
220 242
220 401
397 242
397 401
398 402
398 319
398 231
399 403
399 319
399 231
400 239
400 404
400 248
239 404
239 248
242 250
242 401
250 254
250 401
250 288
250 255
254 288
254 258
254 405
401 264
401 288
401 358
401 255
264 406
264 407
264 357
264 358
264 255
406 408
406 290
406 315
406 357
406 358
408 402
408 312
408 313
408 316
408 315
408 357
402 313
402 316
402 317
402 319
402 231
403 409
403 317
403 318
403 320
403 319
403 231
409 410
409 318
409 320
409 321
409 323
409 359
410 284
410 303
410 323
410 359
410 360
284 404
284 411
284 359
284 360
284 310
404 248
404 307
404 287
404 360
404 310
248 287
288 407
288 258
288 405
288 358
288 255
407 290
407 357
407 358
407 255
290 412
290 315
290 357
290 358
412 413
412 312
412 326
412 314
412 315
412 357
413 326
413 314
413 414
413 325
413 344
413 352
415 416
415 322
415 324
415 417
415 325
415 344
415 352
416 303
416 321
416 322
416 324
416 323
416 359
303 411
303 323
303 359
303 360
411 307
411 359
411 360
411 310
307 308
307 287
307 418
307 309
307 360
307 310
308 287
308 418
308 309
287 310
312 313
312 314
312 315
313 316
316 317
317 318
317 319
318 320
320 321
321 322
321 323
322 324
324 325
326 314
326 325
258 405
258 329
258 336
405 329
405 336
414 341
414 342
414 344
414 352
417 342
417 343
417 344
417 352
418 309
418 349
418 335
309 349
309 335
329 336
336 338
338 340
340 341
341 342
342 343
342 344
343 346
346 348
348 349
349 335
183 350
176 351
325 352
90 351
143 353
353 354
354 174
350 202
182 355
355 356
356 169
344 352
315 357
357 358
358 255
319 231
323 359
359 360
360 310
