1741 3169
0 1
2 3
4 5
6 7
8 9
10 11
12 13
14 15
16 3
17 18
19 20
21 13
22 23
24 25
26 27
28 29
30 31
32 33
34 35
36 37
38 15
39 40
41 42
43 44
45 46
47 48
49 50
51 52
53 54
55 56
57 58
59 60
61 62
63 64
65 66
67 64
68 69
70 71
72 73
74 75
76 77
78 79
80 81
82 83
84 7
85 86
87 7
88 89
90 91
92 93
94 95
96 97
98 99
100 101
102 103
104 105
106 107
108 109
110 52
111 112
113 114
115 116
117 118
119 120
121 122
123 25
124 125
126 127
128 129
130 131
132 133
134 125
135 136
137 138
139 140
141 142
143 144
145 146
147 148
149 150
151 152
153 154
155 156
157 158
159 160
161 162
163 164
165 166
167 168
169 170
171 172
134 60
173 174
175 176
177 58
178 179
180 116
117 181
182 44
183 184
185 186
187 156
188 189
190 184
191 192
193 194
195 23
196 197
198 199
200 201
202 203
204 205
206 207
208 209
210 83
187 211
110 212
213 89
214 215
216 209
10 217
218 184
219 69
220 179
221 222
223 64
224 225
226 227
228 229
230 231
232 233
234 162
235 236
237 71
10 238
239 66
240 181
241 242
243 201
244 245
246 247
248 249
250 251
252 253
254 253
255 256
257 66
258 152
259 162
260 261
262 263
264 199
265 62
266 267
268 227
269 270
271 64
272 158
273 274
275 276
266 31
277 278
279 280
281 229
282 283
284 101
285 129
286 179
287 288
289 290
291 168
292 293
294 103
295 296
297 298
299 300
301 302
303 35
304 280
305 97
306 307
92 308
309 189
310 311
312 29
313 118
314 116
315 316
317 318
319 320
321 322
323 324
325 261
106 326
327 328
22 1
329 330
331 332
333 127
334 335
336 337
338 192
38 339
340 227
341 42
342 343
344 343
345 93
346 207
347 114
348 349
350 186
351 352
353 354
355 256
356 330
357 20
358 359
360 64
361 66
362 363
364 365
366 23
367 368
369 318
370 363
371 56
301 372
373 374
375 18
376 58
377 217
378 379
380 381
382 383
384 93
385 13
386 387
285 388
389 390
391 62
392 168
393 222
394 83
395 396
397 398
399 170
400 296
117 401
402 403
404 197
405 166
406 407
408 247
409 274
410 374
411 412
413 267
414 146
415 416
417 48
418 419
420 421
422 251
404 201
423 424
425 426
427 428
429 354
430 158
431 432
433 288
434 343
435 75
250 267
183 40
436 256
437 181
163 438
439 440
441 33
442 170
443 60
444 298
445 44
446 447
448 245
449 23
450 215
451 164
452 247
453 138
399 454
455 456
457 440
458 459
460 387
461 438
462 332
371 463
464 465
466 467
468 308
469 470
471 372
32 245
472 179
130 473
327 473
451 122
474 475
476 416
477 320
478 148
479 480
481 482
483 484
485 288
486 150
487 488
489 490
491 484
492 249
493 421
494 426
495 120
57 133
496 140
497 50
448 488
498 247
499 308
500 501
8 300
139 77
502 398
503 33
504 18
301 253
505 73
506 101
507 447
508 467
509 459
510 97
511 368
512 335
513 322
514 515
516 416
517 69
518 463
519 136
333 473
520 359
521 488
522 523
524 465
525 274
526 280
527 383
528 529
279 530
531 532
533 447
534 25
535 536
537 150
538 186
539 540
117 475
524 541
542 146
543 544
545 116
546 174
547 56
548 549
550 302
153 81
551 42
552 553
14 118
554 332
80 438
173 52
555 556
548 197
557 62
558 133
559 114
560 215
502 561
562 207
126 131
563 77
450 270
564 174
565 174
566 330
567 482
568 1
195 18
569 440
376 267
570 571
572 60
573 574
575 101
576 330
577 69
578 541
579 388
580 581
582 390
414 245
583 146
519 231
584 482
585 403
586 140
587 536
472 588
589 590
591 529
592 318
593 278
594 407
595 54
596 131
597 598
599 600
583 283
601 227
602 549
106 603
604 288
605 606
607 608
609 610
611 267
502 608
612 571
613 23
614 212
615 606
616 482
617 618
619 620
621 288
408 622
623 227
624 339
625 238
626 64
627 628
629 101
630 127
106 308
631 42
632 447
319 95
633 320
634 544
635 532
636 105
637 293
616 50
638 396
639 640
305 490
402 116
641 642
643 62
644 620
117 645
646 571
647 354
486 316
648 649
650 328
651 20
652 142
653 1
654 556
655 598
656 407
657 606
658 659
660 225
633 388
661 37
662 29
487 383
663 283
664 581
665 81
666 233
667 349
668 540
260 428
514 20
669 459
670 608
671 201
510 463
625 326
672 114
673 263
674 675
676 209
677 390
678 398
474 679
88 328
680 412
681 682
683 475
684 276
169 186
685 120
632 339
686 687
688 365
689 588
355 238
690 691
639 649
692 288
693 694
695 33
696 146
452 697
511 54
698 390
699 424
700 93
662 144
701 544
149 529
702 249
615 164
301 703
704 52
39 93
705 18
706 343
707 416
264 456
708 523
709 52
710 622
301 168
711 212
712 236
713 181
714 60
715 238
716 561
717 11
718 179
719 339
613 144
693 23
720 475
538 541
94 388
493 659
721 372
722 365
723 189
724 181
725 212
611 179
351 105
117 640
726 456
727 229
728 203
729 561
651 179
730 581
731 490
732 44
733 27
202 283
734 735
736 737
738 739
740 741
742 148
743 233
744 359
745 459
746 146
345 747
748 749
750 251
751 15
336 482
752 753
754 438
175 320
325 316
755 46
464 186
285 480
756 247
757 379
758 416
759 86
175 659
760 160
392 15
761 354
762 763
764 54
765 610
766 337
767 753
768 146
751 93
769 529
423 600
770 251
771 606
772 148
773 320
774 27
775 407
776 118
777 778
779 780
781 274
670 197
782 154
783 339
784 263
589 91
770 133
785 296
786 181
787 603
638 199
788 320
121 290
732 349
789 278
790 81
791 256
792 473
793 515
794 50
795 129
796 379
797 473
798 799
800 801
802 803
36 99
804 383
805 164
806 91
208 741
4 454
807 808
809 44
810 808
811 168
812 142
384 590
813 475
814 553
815 590
816 747
817 112
361 280
818 819
820 288
821 7
415 739
746 600
822 823
382 645
824 166
825 274
826 780
827 31
460 343
828 79
829 753
830 831
832 691
833 229
834 211
835 197
100 37
836 120
837 107
838 225
833 136
743 763
839 432
840 642
841 359
842 81
843 227
844 845
825 488
846 675
847 225
848 475
849 553
850 763
851 27
852 156
853 753
854 245
855 5
856 154
857 372
858 211
859 860
849 861
862 482
334 20
863 176
32 463
864 603
865 480
866 156
867 819
868 172
869 447
287 320
795 140
870 300
871 606
866 138
872 463
873 194
612 440
391 403
874 189
875 99
876 152
877 211
764 307
878 174
879 799
880 470
10 753
285 261
881 823
636 823
882 823
883 256
690 11
884 363
885 330
502 81
886 737
462 598
887 158
888 156
796 25
889 205
890 741
891 251
0 694
892 48
621 484
893 467
634 48
894 231
895 60
896 603
897 363
898 484
899 642
513 181
900 58
683 332
901 77
902 278
358 3
526 412
903 640
904 544
905 144
906 907
908 359
896 97
909 280
910 86
911 109
912 749
87 622
255 381
913 103
914 283
43 1
100 288
915 86
348 29
916 302
917 93
918 515
919 225
804 138
920 610
913 83
839 142
921 426
420 801
776 40
850 42
297 27
922 75
923 33
924 363
925 209
926 293
927 283
928 739
911 907
929 335
930 184
931 229
502 293
900 907
932 160
933 861
934 205
108 31
935 91
936 606
937 337
409 383
938 270
939 95
940 424
941 326
528 215
740 861
942 523
943 682
944 703
629 251
945 682
946 381
947 553
433 79
948 293
949 501
314 697
950 176
951 166
952 860
953 229
954 955
956 79
828 737
957 9
958 20
959 83
960 318
961 160
338 311
567 112
962 553
963 675
216 426
644 140
345 50
377 160
612 964
965 390
966 741
967 747
968 7
969 256
970 819
971 236
972 77
188 515
973 44
974 335
975 37
976 307
977 20
106 44
175 374
338 532
978 808
967 280
979 298
980 116
862 523
815 184
948 659
981 581
982 983
984 640
985 194
986 203
926 426
987 515
988 480
989 217
990 530
880 174
991 603
992 480
993 308
994 311
995 955
996 307
997 403
998 374
999 298
1000 71
1001 320
1002 154
1003 69
677 231
436 158
582 125
106 174
1004 261
1005 5
1006 37
706 66
1007 335
1008 316
1009 372
1010 205
1011 109
1012 608
1013 215
988 379
10 412
1014 170
1015 780
72 318
1016 89
644 778
1017 540
295 251
1018 659
1019 475
10 598
1020 66
1021 640
1005 365
1022 330
1023 622
1024 620
1025 473
750 354
1026 79
123 737
1027 349
1028 571
913 71
942 536
518 490
1029 127
1030 150
1031 1032
1033 907
1034 352
730 419
1035 823
1036 288
1037 600
1038 1039
1040 192
1041 426
1042 845
1043 9
1044 780
1045 359
798 540
1046 79
960 642
962 659
1047 600
1048 703
1049 556
1050 107
1051 819
478 390
1052 276
957 238
866 144
997 129
1053 189
1054 381
1055 739
1056 529
934 212
1057 778
883 211
1058 3
1059 424
614 470
1060 40
1061 1062
1063 144
1064 416
572 561
746 1062
1065 470
859 803
612 1066
1067 553
1068 561
667 242
918 25
937 112
1069 620
1070 50
580 749
1071 352
1072 54
1073 622
1074 293
1026 95
1075 186
1076 322
984 363
1077 129
1078 763
1079 316
576 11
1080 236
1081 1039
1047 222
1082 164
1083 529
1084 1085
1086 421
674 283
1087 465
1088 600
1089 148
1090 1062
180 77
1091 1039
1092 225
1093 267
1073 192
1094 608
1095 140
1096 290
1097 112
1098 388
1099 62
1100 20
1101 58
1102 398
773 610
1103 598
692 737
1104 374
582 749
1105 628
1106 242
1107 379
846 245
646 211
1053 125
1108 58
1109 170
1110 201
1111 245
725 703
32 649
1112 308
768 675
1113 311
733 18
1114 50
903 253
1115 249
1116 396
1117 368
596 475
1118 302
1119 276
65 412
1120 31
1121 40
913 1
635 290
1122 964
869 753
671 335
1123 540
1124 146
1125 77
660 860
835 588
1126 532
1127 227
1128 205
1129 192
259 703
1130 197
1035 189
1131 645
1132 438
1133 421
1134 326
877 381
1135 456
1136 75
724 156
746 142
1137 176
1138 679
1139 114
1140 741
1141 372
1142 170
1143 598
446 118
1144 267
1015 290
565 556
345 298
1145 459
1146 212
772 136
1147 819
503 424
874 105
32 447
506 296
1148 480
1149 447
1150 280
961 556
891 109
1151 432
1152 215
1153 114
435 1062
611 154
1154 127
612 89
461 166
1155 553
223 335
1156 69
1157 267
1158 174
117 694
953 544
1159 620
1160 1
822 125
882 311
665 114
323 172
560 316
1122 253
331 679
1161 170
1162 544
1163 293
286 197
769 270
589 343
708 432
1164 3
1165 91
175 1032
1166 66
338 544
1167 307
1168 158
840 71
1169 197
1170 620
1149 590
178 201
1171 194
1172 691
1173 207
1174 598
1038 146
429 35
1175 465
1176 93
1177 379
1064 374
851 144
422 31
1178 93
188 249
1056 428
1179 603
1180 236
1181 107
1182 845
1183 739
1184 150
1185 288
1186 556
522 574
1141 75
1187 447
1188 238
611 5
1189 459
895 311
1190 48
1191 176
1192 603
285 48
1193 860
777 148
1194 459
1195 199
998 352
1196 907
854 645
591 456
393 330
1197 1032
746 318
1198 488
1199 318
1160 242
345 383
746 242
1200 31
699 691
1201 349
1202 140
1203 189
425 46
748 620
1154 302
1145 270
552 99
26 278
759 622
232 390
1204 1085
579 249
1205 907
1206 71
1207 465
1208 46
1209 332
1210 251
471 120
994 105
910 192
1211 687
306 368
476 189
987 201
1212 44
783 18
1162 233
1213 199
1214 737
301 29
1215 571
1216 659
342 73
1217 302
924 103
1218 261
1219 480
1220 89
573 50
206 603
611 136
1221 737
1222 675
1223 735
612 52
917 819
1224 129
1225 561
113 164
1226 9
1227 168
1228 955
1229 388
1230 172
1231 176
1232 64
1233 112
1234 861
1235 983
1236 983
1237 278
1232 31
63 296
1238 118
1239 428
1240 25
1241 54
1242 426
1243 60
1244 618
1245 46
1112 819
1034 823
767 308
1246 544
970 118
867 590
200 25
1001 359
1247 645
1248 359
282 735
1249 438
578 227
1250 428
719 40
1251 280
1252 245
272 322
627 261
1253 11
1254 225
1255 107
1256 1
1257 694
944 205
284 354
644 541
1258 1085
1259 122
1260 186
1261 387
1262 40
357 622
483 737
1012 25
397 465
952 620
982 97
223 763
1263 154
1226 256
1264 236
1265 536
1266 142
1267 148
1190 229
1268 440
947 741
1269 753
1270 311
1100 197
1241 424
1271 211
1272 581
1273 801
177 35
1274 212
106 276
609 388
1275 189
1276 146
758 60
100 831
1277 532
223 3
562 983
345 328
1065 160
277 23
1278 33
1279 103
1280 737
727 1032
1281 337
1282 640
702 610
1283 247
492 95
1284 71
701 148
1285 407
468 590
373 561
1286 31
1237 29
593 44
123 581
1287 40
1288 368
707 105
1289 9
175 7
1290 359
1291 618
663 1039
1079 456
437 158
1283 403
1292 571
1293 318
1294 365
814 46
223 122
630 332
1295 574
268 467
731 56
1249 122
611 316
1054 181
1296 293
1297 326
175 467
1298 91
857 1062
1250 459
963 383
369 530
781 203
1299 253
1300 13
1263 532
1301 1032
1106 278
1146 618
913 473
1302 302
1303 307
271 267
1304 133
1305 209
1306 20
1176 184
167 118
661 426
644 166
214 456
1307 58
1308 33
516 823
607 20
1074 421
53 1066
1309 467
1310 480
888 256
1311 64
1312 261
190 308
1313 107
312 298
786 9
1270 416
1008 628
589 324
1314 247
1315 1032
1307 296
431 482
527 1039
234 407
1316 253
410 105
117 56
78 610
1317 955
1004 215
1318 154
1092 955
1311 109
385 964
1113 374
1319 56
1305 421
1037 845
1080 374
1320 860
1017 749
913 845
1321 407
389 48
1185 610
1322 166
198 270
1022 424
1088 691
1201 27
1211 747
1323 48
826 166
1221 388
1324 245
1139 122
1325 242
1326 144
678 365
1061 120
123 459
502 77
1260 398
1327 324
1007 588
491 320
1328 60
346 1085
1329 233
1322 122
188 233
223 209
1330 398
995 749
537 270
1331 207
872 207
800 741
1030 428
1332 432
790 164
1333 618
223 186
285 114
1334 571
1335 290
430 300
980 622
1336 983
1337 703
517 363
1338 154
353 109
985 799
1339 687
159 703
641 73
582 780
1340 194
912 799
1123 176
1341 27
657 290
1228 803
1342 37
1071 236
196 379
1343 372
1344 225
1345 215
981 860
1099 116
1346 374
644 197
1347 368
1348 242
1349 561
959 574
1350 403
1174 473
1147 339
941 181
716 105
1295 536
1351 322
1352 318
1353 438
244 274
746 470
1354 484
1355 9
1356 15
1357 465
1358 328
123 99
1352 280
1258 120
188 86
938 628
357 31
145 383
811 308
566 1066
1359 428
1360 523
901 247
736 95
1361 83
502 148
597 302
1362 747
1200 907
1363 501
1364 86
558 354
746 184
550 332
1365 293
1366 207
978 288
345 172
1304 907
1367 831
873 620
1368 964
802 799
1356 590
644 215
1369 162
1370 330
1371 475
1372 229
1373 467
1374 687
841 249
1315 763
545 129
816 387
1272 955
1375 69
1376 7
1377 89
717 222
1326 1
539 620
1134 158
592 687
1378 831
1125 7
1169 335
1379 253
1329 229
1380 737
1381 168
123 907
1382 590
971 125
1383 343
1384 600
668 803
1330 454
1385 5
1137 194
1129 403
695 368
1386 778
897 152
1387 33
1193 799
1388 739
1389 64
1143 127
1390 374
1391 270
1392 274
1393 365
1308 600
855 541
969 326
1394 107
783 158
357 164
405 154
866 162
972 192
285 861
1395 125
6 86
1396 148
582 549
1397 398
188 365
1398 125
1399 201
1225 823
1400 467
1401 311
1402 571
1264 311
285 225
1403 267
1404 307
1405 801
1212 242
1148 201
1406 118
1407 515
1063 278
1408 192
1409 168
96 207
1410 307
1343 97
1411 276
1412 480
1254 749
1104 125
1380 3
1413 3
1414 421
1102 541
258 324
1415 861
1416 103
1417 270
1375 640
932 212
1164 610
32 482
631 229
1418 574
589 120
1031 136
1033 35
507 15
1419 1062
1420 166
1087 170
1388 189
1093 907
1421 316
1422 860
954 176
1423 156
1208 99
1424 741
1292 381
100 42
1425 819
664 540
1426 168
933 209
1427 549
824 831
1428 101
1406 590
1429 482
1430 231
832 54
1431 13
644 95
1432 381
128 697
1433 390
1434 581
986 675
722 170
1435 283
1436 675
700 118
418 955
940 222
1182 368
289 166
865 179
442 5
1163 553
24 549
1337 470
1437 278
1067 421
1438 332
899 687
508 5
1439 238
1382 168
479 549
1440 71
1441 18
1442 454
1443 608
455 261
1414 741
1444 473
656 703
70 73
1445 138
554 276
1446 37
1447 530
1448 83
582 396
746 69
1449 217
866 15
1450 622
151 172
1451 749
916 475
1009 207
1452 387
143 298
1453 263
1189 199
1454 649
466 541
1455 311
794 91
1300 324
119 463
648 103
1456 682
1457 9
1458 649
655 328
923 1066
1459 349
362 13
411 73
1197 42
291 447
1460 318
1003 172
1127 465
1461 75
1462 56
1463 194
1464 136
1465 276
913 97
59 823
1334 158
584 83
1466 37
1467 659
913 819
1468 694
1469 1085
117 212
1470 54
1142 501
1463 419
1471 199
1472 553
1144 109
847 803
904 763
235 561
1059 1066
1473 316
1474 603
1291 470
1475 69
1217 473
1476 201
791 181
619 225
458 628
1327 964
1262 590
1331 75
1285 212
338 801
1477 328
1478 150
1479 150
1052 598
1057 48
1480 610
1395 561
728 138
1276 203
1481 199
185 454
1372 763
1083 316
1454 324
1482 337
1483 831
1484 778
946 300
1103 682
1438 131
1485 66
704 470
1256 298
720 328
1130 515
715 156
1486 735
1014 263
273 675
1487 608
1488 203
1489 170
713 238
754 532
669 529
1407 379
654 162
789 1
1490 278
1491 581
1492 138
1493 298
979 23
1400 501
1494 25
1495 184
1496 610
502 150
1419 1085
1497 184
1498 484
1499 428
1500 735
117 66
1501 618
1158 160
1376 403
32 211
1502 407
1098 808
1366 1062
1503 432
68 253
1504 845
1505 778
575 58
871 532
55 372
1267 1032
1224 622
1506 1039
611 799
10 278
1436 138
1507 15
1444 475
1503 574
147 231
1508 679
783 152
223 116
1509 256
1506 203
498 7
1510 659
32 679
1293 66
589 556
1511 383
182 694
1183 60
1397 5
1512 470
771 114
1461 463
1513 465
1514 363
908 95
686 530
47 136
1402 9
1515 363
1516 335
534 197
898 3
1517 29
1518 261
1519 256
644 236
1520 33
341 136
1521 549
1522 490
1523 691
909 687
1058 249
650 302
1524 845
1245 861
188 46
1525 440
1152 459
766 440
1526 194
223 739
1527 217
85 62
1290 388
1528 801
1187 308
395 150
496 622
82 91
1529 390
1377 127
132 101
1451 419
106 337
1530 642
1251 73
1244 407
123 62
793 549
1531 861
587 142
827 296
755 209
1532 403
1533 13
1051 15
913 256
1534 618
1535 93
1536 326
1282 964
157 9
1268 482
913 735
1392 735
1537 1085
1538 300
852 9
32 407
1539 231
1405 659
723 60
1105 396
1540 11
1541 298
1542 120
413 35
220 335
617 217
709 205
1543 983
1173 56
1289 381
1544 556
1128 618
188 290
1539 544
1545 231
1108 109
1546 530
1086 861
1025 89
1547 324
1490 18
1548 484
100 227
1481 529
1313 152
1549 398
161 174
1545 778
1550 56
1172 845
1136 490
1381 184
774 29
1302 679
1551 172
1552 412
310 125
204 160
1340 540
1553 368
1373 465
1486 645
1027 144
269 428
1554 114
434 687
1555 803
788 737
1556 172
996 1066
1557 691
726 396
1558 215
1559 95
1560 158
1379 172
1078 136
1561 179
1562 530
1563 263
1564 484
1165 574
1265 482
745 456
1138 598
1565 354
1484 390
1566 697
1401 739
1349 311
406 556
1442 467
1121 447
820 388
175 438
1567 1062
1498 249
559 438
1252 203
1568 33
1569 374
1150 343
1525 91
1570 608
783 530
765 808
1020 73
564 217
188 540
1491 799
866 207
1278 11
1177 549
321 381
1571 318
920 359
123 352
1420 81
495 97
1479 456
1167 600
1572 470
1573 571
1574 138
329 600
16 388
1361 523
1519 322
1575 112
477 808
338 170
1448 536
117 307
1576 465
1577 242
1578 97
1161 398
223 803
102 13
1396 42
1319 983
1456 679
1341 694
1246 1032
836 56
347 290
1040 129
1181 640
1195 628
1350 77
738 823
1000 387
1579 561
1580 245
1431 107
124 352
951 606
1581 620
746 332
1582 73
1303 424
1583 278
582 247
945 332
1584 274
1585 308
1002 831
1186 205
1586 488
1587 339
570 238
1455 352
1588 343
1492 645
505 747
1589 424
502 251
1590 103
525 645
1591 541
338 456
612 488
866 687
303 31
1529 544
1592 148
1116 529
1314 140
1593 231
1210 64
32 23
445 29
919 176
1594 86
1046 249
34 251
1553 600
652 482
746 322
783 618
1107 608
1552 747
935 337
1595 470
1335 438
1465 679
1596 396
810 79
1597 236
1598 480
1175 454
1599 799
1565 64
1558 628
1600 251
1601 463
230 1032
1439 322
611 808
1602 659
1603 300
582 553
928 125
1604 233
1605 1032
1531 426
721 463
1309 186
711 174
1443 335
1045 484
1281 536
1606 125
1607 122
444 44
1301 778
357 484
829 819
1608 253
123 229
843 365
1609 192
520 79
1299 363
809 27
1006 46
1155 426
685 207
1595 556
1610 27
218 15
1505 42
1362 530
866 523
1611 316
1474 120
1207 501
1612 162
1424 659
1229 79
1370 845
1613 79
1259 606
1126 122
1614 735
1615 407
1538 326
1616 5
878 618
239 642
838 581
1617 475
599 54
1618 116
1619 642
756 62
49 440
1620 35
1621 803
117 536
1253 600
1622 396
45 801
611 697
1623 861
1433 1032
1430 233
1475 324
262 5
1044 164
1624 372
1468 18
1625 603
76 129
1626 703
106 642
547 97
98 421
1627 40
1466 421
1628 140
1417 396
1494 588
1629 368
1630 66
1621 749
1631 215
1536 156
100 379
989 52
1632 112
1633 122
886 610
246 192
1634 440
757 588
1371 89
930 819
1199 343
1310 25
821 140
1635 675
1628 403
1636 691
237 687
1637 606
586 62
1248 808
1077 7
1469 97
1043 211
439 112
175 201
509 261
1496 484
1367 290
417 763
1391 261
1638 89
1630 387
1546 642
1639 581
990 412
1625 75
921 99
1640 1039
1574 488
90 536
1641 456
887 211
1120 133
1642 101
582 263
1023 77
1643 89
10 363
1342 209
1644 122
734 138
1645 529
1646 194
782 164
612 349
84 192
1091 274
1647 831
1606 105
115 140
1016 332
1131 283
1648 454
1603 181
1649 343
1069 799
155 300
28 694
1650 532
673 501
1084 463
1651 3
1652 532
812 574
1653 955
696 645
1412 515
1555 419
1096 81
644 426
1476 20
684 682
1654 679
1655 50
1656 97
1657 276
1658 152
1316 649
787 1062
100 403
1589 11
502 860
1659 983
357 421
1660 691
1629 424
1661 419
226 501
1599 419
1561 515
585 697
1556 363
844 11
848 598
1090 463
1218 150
977 25
521 1039
1649 71
1198 735
1562 387
378 201
1662 86
1013 150
1663 845
1365 99
1325 29
1523 307
357 501
1467 46
1560 156
752 339
1231 803
1664 194
1650 166
1294 467
357 231
1608 107
1576 263
551 544
499 15
966 46
1357 365
481 91
1345 428
1658 253
1665 432
1508 131
1374 387
1666 162
1667 192
441 307
1578 75
1440 66
881 236
1668 642
637 741
1389 101
1070 83
866 368
1669 156
1238 184
1215 181
1500 203
1670 603
1378 81
1571 387
1470 845
1671 598
1672 532
1230 649
605 81
1673 296
1415 293
1487 480
394 337
644 354
1097 536
1607 780
1674 35
1675 131
285 58
12 152
1676 515
1114 432
1408 140
817 91
1611 270
1082 831
1095 697
760 162
612 40
1482 523
1623 37
1526 955
1581 419
1677 799
653 27
611 823
240 211
1279 152
643 697
1055 352
1089 229
1512 217
1570 515
1678 127
1679 263
61 7
223 199
1564 79
806 523
104 236
1151 337
1548 388
1049 703
1680 172
1068 416
1681 222
853 590
1653 540
497 523
1663 307
906 251
449 44
457 142
1543 75
783 682
171 13
315 428
1616 501
1495 753
301 424
265 129
1191 860
1011 101
1447 71
1598 197
1682 71
1566 86
1184 459
892 42
1683 368
1418 337
1220 598
257 747
1434 803
1684 64
1685 263
301 283
1351 156
698 42
1115 288
1513 5
224 540
345 205
1686 50
1687 131
1453 454
1683 1066
1632 523
1568 691
858 238
1688 419
1615 52
1384 1066
1233 83
301 280
1644 81
1689 296
1690 416
1477 276
925 293
1691 83
968 697
1692 640
1446 553
1693 955
611 741
1694 618
973 18
1081 138
1450 62
1695 174
950 581
1227 819
1517 1
74 56
1696 129
275 89
1590 69
1697 490
141 112
1596 459
1021 103
783 983
1515 964
1364 403
1698 5
1699 326
830 122
807 249
1298 142
999 694
1688 176
1700 116
905 242
485 95
10 574
1502 160
1507 753
380 238
589 9
123 465
1701 18
10 675
1691 432
834 300
546 205
210 440
542 735
1393 501
1624 490
364 541
100 955
1385 227
1702 209
1703 133
1269 93
1347 330
949 454
1692 324
761 58
1685 467
1610 23
106 1039
1673 109
1704 860
1582 687
137 274
1620 101
41 233
213 302
1266 83
681 131
864 1085
1687 89
582 109
797 682
533 184
1284 412
1679 398
1076 571
876 964
1202 86
1631 199
1705 763
623 454
1060 168
1563 365
1702 553
1696 247
1170 803
1541 242
1706 50
1701 29
775 217
1700 247
1422 419
1706 142
885 33
453 283
345 1085
1707 603
1708 245
1497 339
1681 1066
1709 308
1488 645
1489 467
1287 753
1255 649
1339 412
1209 328
993 40
1288 691
1019 276
1516 25
595 222
1204 372
680 387
1710 142
1711 642
1075 227
443 374
1223 1039
1690 352
589 274
1050 103
1532 622
1354 808
1588 530
1605 48
1573 300
51 160
1153 780
1698 186
1704 749
1712 211
943 127
1594 247
345 381
1713 263
1286 101
1243 352
866 131
175 35
1348 27
1410 330
1437 298
1592 763
1386 544
1714 530
1626 52
1684 35
1633 154
612 490
762 231
1426 753
292 801
1435 488
1493 349
1715 50
927 383
783 330
577 964
1613 3
914 245
1572 162
868 107
1280 808
1716 212
502 359
1642 907
366 29
1458 964
813 127
1179 463
1617 682
1682 318
1717 780
1353 606
350 365
1660 330
367 11
1427 179
1360 142
1527 205
604 3
338 588
1585 118
1140 99
818 40
1718 332
317 412
1239 199
1719 645
626 133
992 20
1693 860
689 608
252 13
1627 15
1665 440
1659 372
356 54
666 48
1559 808
543 136
1680 964
1651 320
1041 801
1720 69
1323 148
975 801
1719 488
512 515
1403 354
1549 501
1717 154
884 324
357 60
1721 44
1156 152
1445 146
1586 203
1648 541
1338 438
1449 212
783 432
710 697
1550 1062
965 136
1645 628
1411 127
991 372
531 81
1157 133
1707 490
1618 7
1501 703
360 907
1710 337
1722 328
1723 274
100 270
1724 675
1459 23
1557 222
1206 747
1725 523
1726 694
469 205
1714 73
1409 339
1641 628
863 749
1332 91
1676 588
931 390
1369 52
929 480
67 58
1716 162
1135 270
1727 620
1721 144
555 217
744 737
1656 1062
1028 326
1296 46
193 225
338 133
856 290
1670 56
1720 649
1569 739
1399 588
913 160
1614 383
1441 144
1111 383
1522 207
792 679
1413 808
1728 1032
870 322
1520 845
344 747
582 610
1324 138
589 27
1695 703
1729 763
714 105
19 588
1577 23
1639 194
1188 300
1312 396
1478 628
1242 421
939 484
1094 549
1042 222
890 37
1709 339
1730 86
1584 146
1275 311
1321 470
1333 52
1575 432
1119 473
1708 1039
1664 860
1729 778
1724 488
1731 682
1722 682
1551 103
1018 37
1694 556
1359 628
1654 328
866 13
936 780
902 694
1166 687
1634 536
612 387
285 454
1646 749
1317 799
1219 588
1368 103
785 35
1117 222
1705 390
1602 861
1344 419
1732 339
1213 261
1222 735
1460 747
1668 343
1725 440
1277 780
1731 302
1036 359
1124 488
1600 58
1271 322
123 606
1274 556
2 95
1733 114
1171 803
1554 532
557 77
602 335
1622 215
1471 150
32 73
974 379
1110 549
1697 120
1567 983
1240 179
228 231
1234 99
568 349
1734 152
779 831
705 349
1429 574
1101 31
563 697
594 174
1261 280
1712 326
1178 447
1235 490
1735 152
1726 144
1636 1066
1452 73
1736 608
400 267
1383 412
1733 166
17 242
647 296
1214 249
1247 1039
1737 109
1713 186
1511 203
1514 107
1480 95
1597 739
718 379
30 354
1666 618
837 69
281 778
1655 536
1579 352
1738 739
601 170
976 222
1394 964
1647 606
1462 1085
285 105
1521 588
294 253
338 419
1472 801
688 454
1236 120
191 62
340 398
1048 217
254 324
1072 11
301 112
1483 438
922 1085
1675 276
1635 645
1662 129
1727 581
1638 682
712 416
243 608
1432 158
1257 349
1192 983
1732 93
301 300
1010 407
1473 199
1591 263
1358 131
589 691
1133 46
805 290
500 186
1404 11
188 529
309 561
386 642
1194 316
1273 209
248 320
1547 107
135 778
1601 983
1118 131
1661 540
370 649
1518 529
1355 326
1580 735
958 549
1593 42
784 227
879 176
494 741
1604 778
1336 1085
1205 296
1168 238
842 780
1718 473
1587 590
1735 649
345 54
221 33
1421 396
1416 324
1612 217
1504 1066
10 75
1029 679
241 694
729 739
1485 530
1737 133
1609 697
357 428
1533 640
1669 571
1387 54
894 48
742 233
1159 176
1671 131
1534 160
889 162
1109 541
219 13
427 396
589 127
672 831
1677 225
1739 640
1537 490
1216 209
1390 189
111 574
313 753
1686 112
1730 77
1510 426
1619 412
1723 283
1739 172
1425 447
1363 541
1542 75
1715 337
535 432
1132 780
1428 267
1699 322
1689 133
1583 349
338 79
1734 640
1196 354
676 99
1306 379
1524 424
783 203
1320 540
1678 328
1728 233
504 298
1540 1066
1203 352
1024 955
1657 302
100 416
304 71
893 398
165 164
489 1062
1703 35
1652 831
1464 233
1674 109
875 801
1499 456
1544 52
1740 37
1740 293
1667 116
1509 571
956 320
569 574
1736 179
1528 861
1328 236
1738 105
1535 168
21 649
624 118
1672 164
1457 322
915 116
188 296
1398 416
357 194
1318 114
1346 823
1640 675
1423 381
1297 381
375 1
1711 280
1637 154
299 256
175 628
1643 679
1180 189
1530 747
106 222
658 99
