90 103
0 1
1 2
3 4
3 5
3 6
5 7
7 8
7 9
7 6
7 10
11 12
13 2
14 15
16 17
18 2
19 10
19 20
20 10
20 21
15 22
15 23
24 25
24 26
24 27
28 29
28 30
31 32
31 33
31 34
33 35
34 36
34 37
37 38
32 39
39 2
39 38
35 40
26 41
26 42
26 43
26 44
26 45
26 46
44 47
48 49
48 50
48 51
48 52
48 46
53 29
54 50
54 55
54 29
56 57
57 27
42 49
58 55
58 59
58 60
55 61
62 63
62 23
64 65
64 66
64 23
67 66
66 21
30 68
8 65
21 23
21 69
70 71
72 73
72 74
23 2
23 68
2 68
29 73
29 68
29 59
29 74
73 75
76 17
4 77
77 78
79 80
79 81
82 81
82 83
27 47
9 78
78 80
78 83
84 36
84 85
43 86
43 87
87 85
85 81
85 88
40 86
81 89
89 88
