50 175
0 1
2 3
4 5
6 7
8 9
2 10
11 3
12 13
14 15
3 13
16 17
17 18
6 19
20 13
21 22
12 23
24 25
6 26
27 3
7 28
26 22
14 29
30 31
32 26
8 19
12 18
33 13
19 23
1 23
6 34
8 0
17 7
9 35
36 13
37 32
38 33
29 23
25 29
0 33
27 39
8 20
40 22
27 29
37 17
38 41
42 43
39 5
40 44
45 34
46 44
37 21
2 1
39 18
41 23
12 47
35 3
48 44
14 34
16 34
37 43
32 15
15 18
24 3
32 47
14 11
39 43
7 36
38 18
31 42
17 20
37 1
27 46
40 3
17 29
24 16
30 44
26 25
30 37
48 43
48 41
31 36
0 39
0 22
49 36
41 20
34 13
4 40
30 5
24 15
46 20
45 28
48 7
9 44
10 28
35 5
31 8
4 38
30 6
46 28
24 0
38 11
42 35
20 5
8 47
39 45
42 38
49 23
4 47
10 5
26 49
32 35
31 2
31 29
25 43
45 41
42 22
16 10
2 18
6 38
19 43
37 11
42 46
26 20
21 41
12 30
6 27
4 25
39 49
9 25
29 33
1 34
27 21
10 33
11 28
32 45
49 44
9 18
27 47
0 7
10 19
48 47
14 22
48 2
40 17
21 36
43 13
16 49
14 5
25 28
12 28
24 41
15 36
16 42
15 46
7 35
32 33
15 19
4 1
35 23
33 44
21 9
12 22
9 34
26 2
30 24
40 45
31 45
46 1
8 11
11 49
21 10
40 19
16 47
4 36
48 14
