118 179
0 1
2 3
4 5
6 7
8 9
10 11
12 13
14 15
12 16
17 18
19 20
21 22
21 23
24 7
25 21
26 27
28 29
30 31
32 33
34 35
36 37
38 39
40 21
41 11
42 4
43 44
45 44
46 47
48 49
32 50
51 3
52 7
53 41
11 39
54 55
56 57
34 58
45 22
59 60
61 62
63 64
65 66
62 16
67 64
68 69
27 12
13 61
48 46
20 7
33 50
70 71
34 72
73 22
33 74
75 76
77 78
25 79
58 7
79 80
40 1
81 80
30 18
14 82
83 43
84 85
63 29
50 86
30 87
42 38
45 11
26 13
88 89
47 90
68 91
92 80
50 11
8 43
93 47
88 70
94 39
95 87
59 96
10 71
72 60
45 38
97 42
98 70
99 14
93 100
83 82
68 92
101 64
70 102
44 82
36 12
67 65
30 20
54 82
103 95
56 7
104 22
63 28
105 78
91 15
50 104
101 106
107 82
108 15
55 99
109 110
30 57
105 102
33 10
90 3
34 16
100 60
91 14
77 102
111 9
24 19
33 76
76 64
100 34
36 112
113 15
81 23
2 82
105 64
105 106
92 81
105 75
65 29
49 47
114 64
5 38
49 60
96 37
50 114
87 1
86 64
47 3
53 39
98 71
45 82
74 76
115 66
50 85
34 1
0 112
12 35
25 82
116 66
65 64
105 76
45 39
29 110
68 15
67 29
18 7
47 40
84 11
108 54
109 66
94 38
68 14
51 2
49 111
31 18
25 80
107 113
117 70
36 5
69 23
68 81
8 82
100 17
100 6
117 102
13 112
