268 1407
0 1
2 3
4 5
6 7
8 9
10 11
12 13
14 15
16 17
18 19
20 21
22 23
24 25
26 27
28 23
29 30
31 32
33 34
35 36
37 38
39 40
41 14
24 42
19 43
44 45
46 47
48 49
50 51
52 53
54 55
56 57
58 59
60 61
62 63
64 65
66 67
68 69
70 71
72 73
74 75
76 77
78 25
74 79
80 81
82 77
83 57
64 84
85 86
6 30
87 25
7 42
25 88
2 89
90 91
82 46
52 92
93 94
95 90
96 97
30 98
99 100
18 101
102 103
63 104
72 105
71 106
107 25
6 42
67 26
63 108
82 109
82 110
111 52
112 113
114 115
116 61
96 48
42 117
68 118
84 82
119 83
32 120
121 53
2 25
85 3
122 123
124 125
124 126
67 127
128 129
130 131
132 40
38 133
134 135
132 39
88 3
136 6
137 138
26 2
139 104
140 141
142 54
116 60
35 130
143 141
119 25
144 21
116 51
145 29
141 46
59 146
45 69
147 46
35 129
63 92
148 23
149 19
150 151
78 152
153 154
155 89
26 85
91 156
155 136
124 27
130 106
37 133
157 158
159 79
160 69
10 161
47 77
130 162
163 76
124 2
111 164
165 166
0 147
167 39
168 169
81 19
68 170
5 165
25 171
41 129
140 172
2 173
16 174
159 108
175 46
176 177
105 169
63 178
179 40
16 29
52 180
33 181
14 182
131 183
167 160
35 72
181 184
134 185
67 186
64 1
187 113
188 27
130 104
142 10
189 91
190 191
137 14
66 192
95 58
96 110
35 193
41 90
164 180
88 194
118 45
195 65
121 196
130 180
197 64
198 40
138 143
6 199
31 120
200 201
41 143
174 23
115 158
152 202
155 85
63 114
78 171
64 160
203 7
204 152
205 206
107 42
207 135
142 72
168 144
52 64
103 22
25 3
96 159
208 209
106 23
56 189
68 204
116 173
8 39
52 131
140 193
159 196
150 141
102 196
41 210
211 23
8 132
9 141
212 110
93 23
159 213
142 201
214 125
62 215
35 65
151 141
161 213
99 182
64 167
39 91
0 40
139 216
130 23
155 11
52 157
217 20
212 48
150 200
218 23
38 219
207 149
128 143
130 183
135 81
33 220
85 13
93 218
96 75
66 221
67 116
126 25
205 159
155 26
102 22
207 127
120 81
95 100
222 211
141 175
102 213
87 119
116 199
223 23
182 39
50 60
94 222
155 54
8 224
68 156
123 58
85 89
36 77
32 225
225 61
226 135
127 186
35 227
228 25
96 206
107 153
131 104
38 48
36 142
78 68
117 229
230 144
121 158
112 231
84 75
116 98
153 68
64 9
80 30
84 96
2 194
142 232
225 120
85 233
104 216
128 210
67 81
130 33
62 121
36 47
155 234
107 204
35 195
9 235
236 157
33 103
51 98
114 157
35 105
42 229
28 25
155 227
58 176
41 26
41 67
176 237
52 162
238 80
160 45
73 112
41 239
121 74
228 188
115 108
35 142
141 0
203 225
111 160
25 240
38 49
95 134
24 188
54 169
30 50
25 204
2 214
241 5
190 85
122 154
159 158
52 178
228 27
137 56
77 133
70 148
54 242
26 165
107 243
193 129
235 53
140 65
20 144
90 244
151 129
65 1
41 87
197 39
130 63
26 166
107 30
146 154
116 214
171 45
44 245
133 49
216 194
8 40
121 75
115 219
241 4
241 129
136 26
56 83
81 15
19 15
163 112
52 63
164 44
52 164
207 32
127 81
3 183
14 67
187 77
153 246
101 95
184 23
146 247
238 30
99 95
248 162
33 71
159 38
155 232
60 51
59 176
126 90
172 195
163 77
160 209
64 53
52 215
121 236
221 14
115 159
70 25
56 182
14 19
54 20
130 139
138 239
92 215
128 40
2 85
249 247
25 125
80 249
101 14
130 70
193 200
35 155
90 177
41 56
125 27
68 45
151 40
206 110
35 73
250 9
205 75
35 141
41 57
2 13
34 106
246 171
18 95
31 127
52 245
85 125
16 25
103 23
121 79
68 152
10 113
102 161
251 1
169 252
30 146
107 68
116 203
59 226
253 59
18 134
21 254
139 245
64 209
130 64
122 58
70 23
197 8
242 255
64 235
163 113
99 41
172 201
31 186
3 216
223 71
203 135
58 146
107 123
100 182
68 154
198 244
14 192
90 176
116 6
116 2
24 199
52 121
140 175
102 256
14 81
257 5
250 97
102 219
180 104
238 7
210 129
179 132
150 35
124 119
128 5
258 183
126 119
6 51
113 77
217 178
220 23
142 105
205 96
36 195
197 40
182 91
62 236
146 243
250 235
64 121
198 182
36 10
30 42
95 59
180 53
120 186
95 189
24 30
16 94
88 86
15 192
230 231
82 205
36 46
55 217
121 157
200 129
104 162
90 156
10 49
230 255
107 154
75 79
149 203
2 27
41 189
121 235
181 23
0 224
124 26
250 84
137 90
179 141
186 192
38 213
142 256
167 164
208 160
208 39
159 75
255 38
95 237
259 23
260 17
52 44
244 40
81 192
67 192
241 210
36 187
221 182
190 130
18 185
126 78
26 12
203 51
10 230
139 44
216 183
142 112
10 37
92 236
249 203
104 217
107 152
52 160
155 3
141 129
16 145
113 37
203 60
102 144
90 45
83 90
67 61
203 32
16 23
142 231
84 74
79 196
230 242
111 245
36 200
261 29
216 152
198 132
62 92
28 222
150 129
36 175
92 157
5 210
94 25
10 102
94 28
121 180
58 177
203 30
39 160
248 251
250 82
87 57
14 186
9 39
99 137
255 161
8 82
148 262
190 227
137 189
164 160
70 211
36 76
24 117
130 217
33 106
35 263
221 67
25 68
80 135
106 220
222 25
130 191
82 141
63 21
102 108
8 1
66 14
92 121
36 73
109 110
63 20
27 194
229 264
216 245
14 265
258 131
32 81
130 20
2 188
152 240
5 26
58 68
73 231
182 90
64 164
41 4
22 266
226 170
264 204
238 249
180 162
141 224
36 201
193 233
130 52
107 146
200 141
137 239
26 6
263 232
6 50
190 258
82 147
87 26
123 154
160 156
102 242
160 91
24 51
170 146
5 12
124 25
95 182
156 209
41 138
202 240
25 152
253 247
2 125
40 129
16 30
124 87
68 171
254 108
82 0
41 83
219 213
10 112
35 248
30 135
100 189
180 236
92 254
10 73
3 86
130 178
141 1
70 222
145 30
63 115
82 96
223 262
163 187
47 109
130 34
110 48
149 135
31 225
258 191
264 152
133 161
146 117
4 126
143 40
182 40
221 137
181 22
197 132
182 244
80 149
25 183
52 69
225 60
3 27
95 265
90 39
159 49
92 115
126 26
159 219
253 146
118 160
26 233
228 199
84 97
238 203
29 17
140 129
239 244
9 0
116 26
25 194
111 216
95 43
116 225
70 259
140 35
142 73
51 199
122 146
5 129
36 109
63 254
24 107
227 85
18 149
116 125
25 188
144 242
221 41
8 64
159 74
174 94
131 3
97 206
255 133
102 255
256 255
50 7
168 102
62 157
57 90
201 72
13 86
30 229
52 62
261 23
250 224
38 161
146 135
195 175
187 37
90 189
102 159
263 227
84 224
35 162
232 72
182 177
198 197
84 235
63 217
135 247
138 40
213 49
18 135
8 179
63 215
30 117
216 44
24 98
61 165
232 85
167 180
8 250
54 144
90 152
63 55
198 8
102 21
130 234
67 15
68 237
239 182
230 252
123 153
53 74
148 223
71 23
234 142
118 69
143 151
108 219
241 128
58 135
125 13
113 76
130 251
7 98
239 39
75 212
44 69
68 246
65 251
41 128
35 201
227 3
17 23
208 9
83 25
121 159
32 127
257 165
70 28
249 30
10 76
46 109
54 252
70 223
58 246
190 155
132 0
52 167
187 112
130 248
130 258
140 195
168 252
168 230
131 216
140 151
35 251
172 175
137 40
123 243
52 217
52 216
244 39
202 183
54 230
115 196
191 55
37 49
36 113
142 168
123 226
36 147
84 9
141 40
150 140
149 81
230 102
90 237
8 147
151 179
262 23
10 242
36 141
185 135
91 209
228 173
64 251
88 89
82 47
155 169
8 97
153 204
239 40
36 112
126 83
26 25
207 81
164 69
230 169
10 133
24 27
93 25
182 189
235 74
95 177
16 260
177 237
39 209
54 217
145 23
66 257
140 201
175 147
140 36
63 102
36 231
66 241
64 74
82 224
231 252
68 90
106 181
2 86
39 156
64 0
102 254
26 86
24 6
25 27
159 77
10 252
142 169
66 41
34 23
241 257
214 173
205 97
26 173
35 200
10 77
41 126
54 105
8 235
153 170
67 120
90 171
66 5
22 184
129 13
155 10
197 208
84 79
155 248
210 166
199 173
249 253
33 266
111 69
258 3
39 189
68 240
54 102
24 173
205 212
193 85
168 242
35 64
247 117
90 209
155 130
94 23
119 26
26 61
259 223
215 254
121 114
10 267
54 63
4 26
68 202
67 5
115 215
31 81
31 203
100 90
107 264
249 146
35 85
41 137
121 115
149 134
30 243
194 202
207 80
6 98
130 216
109 77
14 43
115 79
247 243
64 208
206 77
64 104
23 30
154 204
68 245
186 15
219 161
155 267
238 50
216 240
41 192
195 129
68 216
62 178
187 47
257 166
155 105
54 191
234 55
81 43
230 256
130 223
232 248
77 110
130 259
88 27
114 254
185 176
67 214
101 182
10 255
10 231
58 185
90 246
134 265
109 206
171 156
10 38
190 3
196 108
78 83
26 13
82 206
134 19
190 89
239 198
88 85
90 160
92 114
131 139
237 171
103 266
54 168
9 1
26 129
267 11
35 232
165 214
86 89
64 39
78 90
14 100
228 2
241 26
232 105
3 89
118 240
23 25
150 195
18 14
70 94
24 229
35 191
18 43
78 119
64 141
13 233
16 218
18 81
221 99
17 93
21 108
266 23
96 109
30 253
226 146
263 233
155 6
194 183
172 141
238 6
191 3
84 205
234 191
25 202
203 127
143 179
222 23
259 71
155 55
130 232
135 265
203 6
159 161
67 203
116 165
122 170
179 129
101 100
107 229
115 254
5 166
195 141
132 141
178 215
123 68
253 226
44 160
8 141
116 228
35 233
102 38
179 0
122 226
185 265
135 19
58 171
85 12
67 225
15 43
232 191
208 167
36 72
187 10
171 152
77 48
137 182
101 265
252 256
101 99
173 125
58 253
145 261
159 110
156 45
64 250
122 243
2 199
203 61
141 147
118 44
231 256
102 20
29 260
207 203
261 30
119 90
166 12
92 158
102 23
4 87
142 252
243 154
172 200
155 258
102 115
191 248
58 90
95 185
10 256
53 236
8 0
24 7
234 54
129 85
41 40
48 213
115 21
8 84
227 232
35 1
100 177
200 195
102 133
96 77
77 213
155 263
99 14
160 171
77 37
52 139
163 47
79 158
159 212
134 81
95 176
224 97
36 163
41 257
58 153
130 55
64 236
198 39
176 135
210 12
167 209
197 9
33 23
128 138
203 50
33 22
116 24
118 245
260 23
70 262
116 50
64 180
41 5
141 65
54 21
81 186
16 93
24 264
56 90
8 208
67 60
126 87
55 20
147 224
4 166
216 202
58 226
82 175
241 41
187 76
172 36
25 90
117 243
140 200
3 194
41 182
92 178
42 98
68 44
199 98
234 169
84 159
104 178
227 89
44 240
129 166
25 216
150 193
31 67
25 264
101 43
241 67
67 165
107 117
25 229
16 261
249 135
102 33
61 214
63 144
188 264
126 56
31 207
125 86
123 246
258 216
77 49
30 7
257 26
138 129
96 212
123 146
26 125
84 53
41 166
163 10
95 135
244 91
129 12
220 181
212 77
185 59
107 188
67 257
24 228
118 216
237 246
174 93
26 210
102 266
57 26
196 219
64 248
129 233
24 2
126 57
244 189
120 127
211 148
58 237
58 170
82 36
68 264
18 15
114 215
177 189
35 172
4 57
193 263
52 236
200 65
52 104
6 60
114 158
84 212
203 120
141 251
84 121
201 73
18 265
151 195
115 157
30 247
71 34
64 162
158 196
12 233
123 170
143 129
174 25
17 218
159 48
26 214
3 202
138 182
59 135
170 246
180 160
77 38
111 139
130 3
251 162
67 32
240 245
29 23
238 135
221 192
80 203
2 88
47 76
33 184
263 85
122 107
253 135
241 166
82 97
222 148
95 14
67 166
130 54
76 37
68 160
155 142
155 191
263 129
130 71
107 247
265 43
111 44
46 77
229 188
84 206
123 204
142 230
234 105
155 72
203 81
256 242
