230 1954
0 1
0 2
0 3
0 4
0 5
6 7
6 8
6 9
10 11
10 2
10 12
10 13
10 14
10 15
10 16
10 17
10 18
10 19
20 21
20 18
20 22
23 24
23 2
23 25
23 26
23 27
23 28
23 29
23 30
23 31
23 32
23 33
23 34
23 35
23 36
23 37
23 12
23 38
23 39
23 40
23 41
23 42
23 16
23 43
23 44
23 45
23 46
23 47
23 48
23 49
23 50
23 51
23 52
23 53
23 54
23 55
23 56
23 57
23 58
23 59
23 60
23 61
23 62
23 63
23 64
23 65
23 66
23 67
23 68
23 9
23 7
23 69
23 70
23 18
23 71
23 72
23 19
73 2
73 18
73 63
73 74
73 45
73 60
73 19
75 76
75 44
75 29
75 77
75 30
75 78
75 7
75 79
75 40
75 80
75 81
75 82
75 83
75 46
75 84
75 85
75 86
75 87
75 52
75 11
75 18
75 88
75 89
75 4
75 90
75 62
75 91
75 92
75 70
75 93
75 94
75 31
75 8
75 95
75 96
97 79
97 98
97 99
97 50
97 43
97 55
97 100
97 101
97 22
97 52
97 1
97 102
32 7
32 70
32 41
32 94
32 11
32 82
32 18
103 104
103 105
103 106
103 84
103 100
103 2
103 107
103 22
103 5
103 108
103 109
103 36
103 13
103 3
103 77
103 110
103 82
103 111
103 112
103 46
103 113
103 114
103 87
103 21
103 115
103 59
103 116
103 64
103 67
103 9
103 117
103 69
103 62
103 31
103 118
103 119
103 120
103 19
121 122
123 124
123 77
123 30
123 78
123 125
123 7
123 82
123 87
123 11
123 94
123 120
126 20
126 19
102 7
127 21
127 29
127 40
127 7
127 56
127 57
127 22
13 22
3 19
128 42
16 26
81 129
81 2
81 49
81 56
81 23
81 111
81 46
81 127
27 24
27 2
27 30
27 130
27 74
27 125
27 102
27 131
27 123
27 77
27 45
27 46
27 132
27 87
27 54
27 56
27 71
27 25
27 129
27 61
27 66
27 133
27 62
27 120
27 19
134 113
134 2
134 135
134 11
134 82
134 100
134 111
134 103
134 18
134 125
113 136
113 41
113 7
85 2
85 124
85 23
85 137
85 31
85 138
85 139
85 125
85 36
85 140
85 82
85 112
85 46
85 115
85 51
85 11
85 141
85 59
85 68
85 7
85 69
85 18
85 95
142 7
142 21
142 143
142 144
142 18
142 82
142 31
142 115
142 22
142 61
145 21
145 116
145 29
145 146
145 59
39 2
39 19
53 147
53 2
53 142
53 143
53 55
53 42
53 82
53 43
53 31
53 138
53 19
53 61
148 7
148 149
148 2
148 101
150 18
151 0
151 2
151 27
151 135
151 152
151 153
58 154
58 50
58 82
58 138
58 33
58 144
89 2
89 10
89 124
89 23
89 73
89 155
89 130
89 31
89 138
89 103
89 34
89 35
89 112
89 21
89 127
89 114
89 12
89 81
89 82
89 111
89 45
89 46
89 156
89 157
89 49
89 145
89 158
89 55
89 56
89 88
89 129
89 60
89 159
89 116
89 64
89 18
89 147
89 19
160 2
160 124
160 23
160 85
160 55
160 161
160 138
160 18
160 162
160 38
160 125
90 104
90 124
90 29
90 23
90 84
90 139
90 163
90 125
90 162
90 82
90 164
90 161
90 122
90 11
90 88
90 22
90 127
90 38
90 93
90 7
90 18
90 8
159 139
159 64
159 165
159 103
159 18
159 166
167 21
167 115
167 117
167 23
167 7
167 82
167 97
167 168
167 60
167 112
62 24
62 2
62 169
62 170
62 78
62 138
62 33
62 34
62 126
62 40
62 16
62 82
62 43
62 45
62 46
62 156
62 135
62 87
62 53
62 55
62 57
62 129
62 59
62 11
62 72
62 38
62 7
62 69
62 18
62 31
62 171
62 67
62 19
172 22
116 173
116 28
116 7
116 31
116 18
116 174
116 111
67 24
67 21
67 18
67 11
67 19
67 112
175 124
175 125
175 2
175 23
74 2
74 176
74 40
74 55
74 70
74 33
74 22
94 11
94 20
94 29
94 30
94 125
177 29
8 117
8 9
8 65
8 18
8 149
178 179
178 157
178 2
178 26
178 124
178 87
178 123
178 7
178 62
178 82
178 111
178 77
178 103
178 18
178 36
24 130
24 29
24 7
24 19
24 61
76 0
76 104
76 28
76 23
76 32
76 103
76 33
76 160
76 176
76 13
76 40
76 113
76 85
76 150
76 58
76 89
76 127
76 90
76 180
76 172
76 116
76 175
76 94
76 8
76 178
76 170
76 137
76 31
76 138
76 42
76 140
76 132
76 48
76 161
76 108
76 41
76 87
76 152
76 165
76 181
76 182
76 122
76 168
76 60
76 183
76 120
76 69
76 1
76 18
76 171
76 136
76 2
76 44
76 155
76 30
76 184
76 78
76 125
76 36
76 131
76 4
76 82
76 45
76 47
76 84
76 185
76 11
76 25
76 186
76 22
76 59
76 166
76 173
76 66
76 70
76 9
76 7
76 62
76 95
76 19
76 139
76 124
76 29
76 187
76 115
76 188
76 34
76 112
76 179
76 189
76 21
76 190
76 80
76 123
76 77
76 134
76 191
76 52
76 65
76 71
76 192
76 98
76 72
76 193
76 133
76 194
170 28
170 31
170 34
170 125
170 82
170 11
170 79
170 173
170 38
170 18
170 171
170 8
195 21
195 84
195 117
195 27
195 115
195 103
195 168
195 60
33 28
33 32
33 112
33 40
33 82
33 41
33 51
33 18
33 196
33 7
33 19
164 23
164 30
164 78
164 32
164 144
164 36
164 40
164 123
164 82
164 132
164 41
164 94
164 71
164 60
164 69
164 18
164 8
100 136
100 113
100 104
100 41
100 82
100 18
100 115
100 19
138 124
138 28
138 29
138 78
138 32
138 33
138 34
138 112
138 13
138 144
138 82
138 115
138 98
138 38
138 9
138 69
138 19
163 2
163 37
163 29
163 106
163 31
163 103
163 18
108 7
158 169
158 37
158 64
158 117
158 44
158 28
158 23
158 59
158 130
158 55
158 97
158 46
158 31
158 99
158 147
197 2
197 41
197 7
197 78
197 102
83 18
83 65
83 101
83 170
180 11
180 2
180 27
180 7
180 55
180 18
132 30
132 2
132 131
132 68
132 11
132 77
132 82
132 78
132 124
132 123
132 125
132 7
132 37
48 29
48 55
48 7
48 130
48 141
48 138
48 124
48 18
48 125
48 168
198 184
198 100
161 7
161 149
161 18
161 125
199 162
199 99
199 170
199 31
199 103
199 34
199 171
199 147
199 19
87 30
87 31
87 77
87 11
87 18
87 66
87 70
87 9
87 7
87 78
87 120
152 48
152 2
152 27
152 193
152 133
152 103
152 161
165 2
165 64
165 97
165 35
50 21
50 84
50 154
50 144
181 2
181 200
181 152
181 188
181 103
181 201
182 18
162 62
162 86
162 190
162 38
162 23
162 46
162 156
162 137
162 82
162 19
162 31
162 138
162 170
162 45
162 34
162 202
129 169
129 2
129 35
129 16
129 82
129 111
129 156
129 115
129 18
129 127
129 7
129 19
4 91
4 203
4 204
4 135
4 9
4 7
4 1
4 115
4 5
60 2
60 108
60 205
60 125
60 105
60 168
60 126
60 144
60 19
60 156
183 91
42 124
42 11
42 138
42 18
42 125
206 2
206 20
206 193
206 7
206 27
206 201
12 30
207 62
207 162
207 192
207 38
207 23
207 92
207 137
207 82
207 31
207 96
207 138
207 46
207 45
207 34
207 156
207 19
93 2
93 137
93 19
93 45
93 46
93 197
93 102
95 7
95 124
95 23
95 55
95 11
95 62
95 82
95 138
95 70
95 18
95 125
95 156
208 132
208 30
208 164
208 2
208 131
208 76
208 27
208 209
208 187
208 80
208 123
208 7
208 18
208 82
208 75
208 78
208 124
208 94
208 71
31 28
31 18
210 59
69 18
69 125
19 28
19 79
19 41
19 16
19 56
19 11
19 68
19 31
18 28
18 140
18 41
18 91
18 30
18 70
211 132
211 66
211 20
211 140
211 155
211 77
211 71
211 25
171 28
171 7
171 82
171 31
171 34
171 18
171 19
147 20
147 130
147 170
147 19
169 16
169 82
169 19
2 177
2 32
2 33
2 13
2 150
2 127
2 172
2 116
2 67
2 94
2 8
2 24
2 143
2 5
2 161
2 41
2 87
2 56
2 101
2 61
2 1
2 18
2 118
2 147
2 136
2 44
2 30
2 125
2 131
2 82
2 156
2 84
2 185
2 55
2 154
2 66
2 70
2 9
2 7
2 19
2 29
2 130
2 188
2 21
2 43
2 111
2 109
2 14
2 52
2 98
2 106
153 24
153 10
153 76
153 62
153 23
153 155
153 30
153 130
153 74
153 138
153 103
153 121
153 123
153 125
153 197
153 36
153 109
153 7
153 79
153 131
153 212
153 107
153 40
153 77
153 202
153 81
153 82
153 111
153 173
153 45
153 46
153 132
153 164
153 213
153 87
153 209
153 181
153 54
153 56
153 71
153 25
153 214
153 89
153 129
153 180
153 11
153 116
153 203
153 66
153 70
153 133
153 208
153 18
153 149
153 120
153 19
153 96
40 70
40 29
40 11
40 18
40 125
135 133
135 1
135 101
135 5
215 7
215 110
155 104
155 10
155 28
155 23
155 78
155 138
155 103
155 2
155 22
155 36
155 140
155 82
155 111
155 112
155 45
155 86
155 14
155 55
155 129
155 116
155 7
155 17
155 18
155 19
184 21
184 41
184 105
184 55
184 216
184 168
78 32
78 125
78 21
78 13
78 140
78 82
78 14
78 11
78 18
78 116
78 7
78 120
78 1
217 16
217 104
217 100
217 33
217 2
216 2
216 145
216 146
216 62
216 74
216 111
216 45
216 19
125 70
202 7
202 115
202 2
202 142
202 84
202 143
202 23
202 53
202 62
202 43
202 31
202 170
202 45
202 171
202 168
202 61
36 26
36 78
36 32
36 125
36 82
36 86
36 87
36 11
36 116
36 7
36 17
36 18
36 19
218 183
131 30
131 130
131 78
131 125
131 36
131 123
131 82
131 124
131 55
131 64
131 66
131 68
131 7
131 18
131 120
168 42
168 24
168 124
168 47
168 127
168 205
168 102
82 104
82 28
82 30
82 144
82 79
82 38
82 40
82 16
82 77
82 41
82 18
82 56
82 154
82 173
82 130
82 143
82 68
82 31
82 69
82 94
45 169
45 24
45 2
45 10
45 28
45 100
45 138
45 170
45 33
45 34
45 126
45 36
45 79
45 131
45 125
45 3
45 41
45 16
45 82
45 43
45 46
45 156
45 142
45 39
45 87
45 51
45 53
45 55
45 56
45 57
45 129
45 59
45 60
45 11
45 173
45 64
45 72
45 68
45 147
45 7
45 77
45 31
45 18
45 38
45 171
45 67
45 19
46 169
46 24
46 200
46 2
46 10
46 115
46 26
46 28
46 170
46 100
46 138
46 33
46 34
46 126
46 144
46 36
46 109
46 79
46 12
46 168
46 41
46 140
46 42
46 16
46 82
46 43
46 111
46 156
46 84
46 142
46 213
46 99
46 51
46 53
46 55
46 56
46 57
46 129
46 4
46 59
46 173
46 130
46 67
46 68
46 7
46 31
46 69
46 38
46 171
46 147
46 19
47 124
47 18
61 7
61 143
44 29
44 130
44 125
44 82
44 11
44 7
44 18
44 119
44 8
156 24
156 28
156 31
156 170
156 33
156 34
156 16
156 82
156 67
156 38
156 18
156 78
156 147
156 19
84 205
84 142
84 176
84 191
84 52
84 18
213 12
213 44
213 7
213 107
185 13
99 124
99 28
99 29
99 130
99 31
99 131
99 82
99 44
99 47
99 156
99 55
99 183
99 64
99 9
99 7
99 18
99 147
51 21
51 115
51 7
51 34
51 18
51 19
11 30
11 41
11 66
11 70
11 69
11 18
54 2
54 7
54 31
54 34
54 45
54 46
54 19
55 24
55 44
55 28
55 29
55 130
55 170
55 33
55 42
55 117
55 41
55 173
55 124
55 37
55 22
55 183
55 67
55 7
55 31
55 147
55 19
88 29
88 138
88 125
88 42
88 21
88 12
88 40
88 146
88 82
88 48
88 115
88 11
88 150
88 7
88 18
88 95
25 7
25 2
25 11
25 18
219 2
219 131
219 66
219 20
219 140
219 123
219 7
219 77
219 70
219 45
22 125
22 115
22 186
22 18
59 44
59 28
59 29
59 130
59 74
59 97
59 138
59 33
59 42
59 36
59 131
59 13
59 35
59 37
59 99
59 55
59 129
59 183
59 69
59 31
59 147
59 19
166 7
166 2
166 49
166 20
166 72
166 87
166 55
166 11
166 18
166 82
166 32
166 138
166 70
166 33
166 22
166 36
220 44
220 28
220 29
220 130
220 97
220 42
220 112
220 214
220 80
220 221
220 124
220 46
220 157
220 158
220 99
220 55
220 96
220 59
220 67
220 7
220 62
220 147
154 29
137 24
137 23
137 130
137 31
137 103
137 34
137 36
137 109
137 221
137 140
137 16
137 82
137 45
137 46
137 156
137 84
137 39
137 51
137 56
137 88
137 57
137 192
137 129
137 173
137 38
137 62
137 19
66 68
38 29
38 7
38 19
38 31
9 21
9 11
9 18
9 125
7 20
7 40
7 172
7 143
7 94
7 140
7 18
7 30
7 79
7 11
7 66
7 19
7 29
7 77
7 133
17 116
17 117
122 10
122 18
122 138
122 33
122 42
49 2
49 41
49 19
49 170
49 18
222 144
120 11
120 7
120 12
120 30
120 77
120 18
1 91
1 18
1 22
1 5
139 84
139 2
139 29
139 40
139 138
139 161
173 172
173 12
173 7
173 31
173 111
173 18
173 19
124 29
124 196
124 22
124 125
124 7
124 40
124 77
124 52
124 98
124 70
124 9
124 69
124 18
29 125
29 21
29 41
29 203
29 18
187 24
187 2
187 20
187 135
187 23
187 80
187 30
187 103
187 125
187 144
187 7
187 131
187 126
187 146
187 123
187 82
187 164
187 213
187 87
187 11
187 71
187 180
187 66
187 77
187 18
187 174
130 28
130 31
130 183
130 7
115 104
188 29
34 31
34 82
34 38
34 7
34 106
34 18
34 19
223 2
223 23
223 73
223 84
223 100
223 33
223 126
223 224
223 12
223 168
223 144
223 82
223 46
223 113
223 185
223 11
223 58
223 89
223 194
223 60
223 225
223 106
107 146
110 22
112 11
112 18
112 82
179 2
179 26
179 20
179 97
179 32
179 138
179 82
179 125
179 131
179 77
179 49
179 87
179 11
179 57
179 166
179 66
179 7
179 18
179 19
189 2
189 117
189 23
189 55
189 7
189 141
189 18
189 22
189 144
21 70
201 45
201 24
201 157
201 72
201 99
201 23
201 216
201 147
201 18
201 43
201 33
201 46
201 196
201 197
201 19
214 124
214 23
214 130
214 97
214 103
214 35
214 13
214 144
214 44
214 110
214 46
214 157
214 115
214 158
214 99
214 55
214 88
214 89
214 59
214 42
214 7
214 31
214 147
190 113
190 14
190 150
190 100
190 103
190 194
190 166
226 109
226 2
226 10
226 165
226 11
226 82
226 88
226 103
226 89
226 168
212 136
212 91
212 2
212 133
212 149
212 4
204 5
80 178
80 44
80 30
80 130
80 31
80 125
80 179
80 7
80 190
80 140
80 123
80 82
80 124
80 45
80 132
80 164
80 41
80 99
80 122
80 11
80 55
80 88
80 192
80 59
80 70
80 18
80 211
35 11
35 55
221 19
221 41
221 40
221 55
221 88
221 45
221 46
221 22
221 18
221 112
77 66
77 30
77 18
43 24
43 142
43 18
43 143
43 42
43 82
43 31
43 61
227 103
191 125
109 135
109 146
109 30
109 94
109 22
157 24
157 2
157 64
157 158
157 59
157 28
157 55
157 147
157 130
157 82
157 97
157 46
157 22
157 99
86 116
86 11
86 78
86 17
86 174
228 161
228 64
228 226
228 39
228 76
228 82
228 165
228 11
228 184
228 150
228 103
228 89
228 159
209 7
209 91
209 2
209 66
209 44
209 187
209 74
209 46
209 118
52 7
52 11
52 115
52 18
52 125
65 7
65 40
65 11
65 18
63 82
63 144
205 21
205 117
205 115
205 22
71 109
71 7
71 11
71 2
71 131
71 123
71 30
71 82
71 94
96 2
96 76
96 23
96 130
96 31
96 138
96 170
96 34
96 202
96 162
96 80
96 82
96 45
96 46
96 156
96 199
96 55
96 160
96 137
96 38
96 7
96 18
96 171
96 19
57 65
57 9
57 22
57 19
192 6
192 38
192 17
192 45
192 46
192 18
192 19
196 7
118 37
118 7
118 18
98 11
98 70
98 18
98 125
92 2
92 34
92 22
92 202
64 29
64 19
72 7
72 19
72 28
72 41
72 51
72 11
72 82
72 32
72 138
72 58
72 33
72 196
72 29
72 156
72 112
229 113
229 76
229 150
229 100
229 103
229 18
193 104
193 124
193 23
193 137
193 2
193 194
193 82
193 46
193 156
193 84
193 55
193 88
193 59
193 60
193 4
193 225
193 7
193 18
193 147
133 115
133 203
133 18
106 21
194 2
194 64
194 28
194 41
194 103
194 46
