1405 2385
0 1
2 3
4 5
6 7
8 9
10 11
12 13
14 15
16 17
18 19
20 21
22 23
24 25
26 27
28 29
30 19
31 32
33 34
35 36
37 17
38 39
40 41
42 43
44 45
46 47
48 49
50 51
52 8
53 54
55 56
57 58
59 60
61 9
62 63
64 65
66 67
68 69
4 70
71 72
73 74
75 76
77 78
79 10
80 81
82 83
84 49
85 86
87 88
89 90
91 68
4 92
4 93
94 95
54 96
97 98
99 100
101 102
11 103
104 82
105 106
107 108
109 77
110 111
112 113
114 66
115 116
117 118
4 119
120 121
11 122
123 124
125 85
126 127
128 129
130 131
4 132
133 134
135 136
40 137
138 68
11 139
68 140
120 141
142 143
117 144
145 146
147 148
149 150
151 4
152 129
64 85
153 82
154 63
75 155
11 156
20 157
158 159
160 161
162 163
9 164
165 166
167 168
169 170
81 171
108 172
85 27
4 173
42 174
11 175
68 176
177 39
178 172
179 85
180 181
182 183
184 4
185 82
4 103
20 186
187 188
189 190
191 192
193 17
194 195
196 197
198 194
199 200
201 9
9 202
203 204
9 205
58 206
21 144
58 207
208 209
167 210
2 63
211 63
212 213
214 215
169 216
126 217
142 218
219 58
220 218
221 222
223 224
66 225
91 74
226 227
34 228
229 230
231 85
232 233
234 21
39 159
4 235
236 237
133 238
239 240
68 241
22 106
75 172
242 243
244 245
228 246
151 247
11 209
0 248
249 250
67 251
236 16
252 4
253 254
255 256
257 85
82 258
259 129
260 261
27 106
262 191
263 264
265 266
267 58
268 146
269 270
271 144
272 58
273 274
87 275
276 170
58 277
278 279
217 280
39 81
281 282
283 39
278 256
284 1
264 285
286 81
85 287
77 288
289 140
290 146
291 292
4 293
38 294
295 178
296 297
298 299
300 142
301 191
302 303
304 157
305 194
99 306
30 307
308 309
310 311
312 313
314 82
315 316
317 318
165 319
193 320
321 213
322 323
232 200
297 324
189 167
325 326
40 327
328 129
53 329
330 246
39 331
332 333
150 166
308 154
334 335
223 336
337 22
338 15
80 339
340 142
341 342
343 49
58 344
265 345
146 346
347 172
348 349
33 350
172 76
312 39
114 351
350 352
353 354
355 356
357 77
358 49
359 32
170 360
361 362
363 11
364 191
11 5
365 366
107 248
367 368
369 244
53 165
223 370
265 371
372 30
147 373
101 142
374 192
375 376
377 378
82 25
56 379
234 39
85 380
305 218
369 225
77 381
382 323
383 384
85 385
386 387
388 106
389 39
35 390
391 17
265 392
20 393
124 168
58 394
68 395
133 130
214 396
350 397
398 39
58 399
39 400
106 401
402 244
403 58
404 405
398 406
407 215
408 200
409 11
11 297
286 192
410 187
85 411
412 21
413 414
236 415
416 8
417 11
418 419
85 420
421 422
423 1
357 424
58 425
68 426
311 246
427 428
150 319
413 7
31 429
430 200
23 431
332 39
115 432
433 196
44 434
146 435
173 146
436 237
24 437
438 439
11 255
440 213
441 200
442 443
444 192
445 11
446 120
9 437
447 177
68 448
32 324
358 165
449 230
182 450
451 11
355 452
4 453
177 454
278 170
357 455
456 437
457 77
39 458
35 256
108 459
278 85
460 159
298 461
462 463
158 192
234 464
465 192
466 467
100 352
468 142
469 256
470 129
85 81
129 471
472 192
473 39
34 142
440 40
371 82
474 176
265 135
475 476
477 478
53 479
480 352
481 270
482 401
412 8
108 483
484 39
99 485
486 77
298 487
488 216
489 422
490 81
215 419
271 491
492 493
494 88
495 54
433 496
474 95
497 498
499 500
501 502
282 81
68 503
40 504
505 371
80 234
222 506
4 507
94 218
142 508
509 510
511 149
414 279
165 54
512 108
232 181
262 513
58 514
515 77
231 192
516 368
386 517
518 519
345 213
520 368
521 431
236 522
523 358
298 524
525 270
235 65
290 213
4 526
527 224
504 528
529 181
3 222
147 530
236 531
532 17
533 456
94 420
68 534
129 535
40 17
68 536
442 217
130 537
80 538
136 539
509 540
541 82
542 39
406 543
194 463
187 544
545 82
30 479
546 95
547 58
548 549
550 551
552 553
382 256
554 77
38 21
4 555
237 556
29 17
236 557
423 278
298 558
559 106
386 560
561 515
386 41
562 194
314 563
564 545
377 565
504 566
567 191
298 568
569 82
485 95
466 570
571 17
485 572
573 104
278 537
433 574
85 575
44 576
577 192
236 578
579 85
527 326
580 297
42 54
127 326
58 581
582 583
584 256
75 117
585 319
77 95
586 213
587 279
588 65
138 58
99 589
4 590
130 205
178 591
592 593
594 170
33 48
91 158
595 160
596 217
58 597
91 39
598 144
85 599
237 600
440 472
265 601
229 270
217 602
603 279
604 181
310 127
605 606
8 607
299 213
608 7
442 9
58 609
11 95
108 299
610 85
54 611
4 21
80 612
301 68
613 614
4 142
24 615
616 617
618 619
191 278
73 620
177 235
19 621
622 325
58 69
80 21
31 77
623 216
256 186
223 412
170 624
485 230
101 39
625 39
256 16
626 342
627 628
282 65
629 630
631 308
632 39
633 81
35 186
147 634
629 635
63 258
636 637
58 638
223 36
4 639
42 640
641 642
438 216
386 643
644 54
645 646
647 292
75 345
648 58
649 93
256 650
244 651
101 258
229 142
39 652
82 653
654 213
276 216
256 463
22 655
518 656
120 657
658 244
182 218
80 659
40 660
73 661
308 662
58 663
68 664
151 256
228 224
236 665
68 644
142 666
667 668
669 670
671 9
237 279
672 165
673 40
674 77
58 675
120 676
677 63
53 678
75 173
237 611
350 142
679 680
80 231
386 681
193 298
682 82
235 470
683 292
265 684
129 491
386 685
236 686
687 34
688 1
598 120
689 504
690 77
691 692
200 693
226 5
694 256
695 70
696 82
81 697
698 699
236 423
686 108
236 139
700 258
223 701
58 702
561 218
703 77
256 553
44 704
217 705
44 706
691 88
472 205
386 707
440 708
68 159
709 49
35 250
550 710
580 711
265 712
91 191
223 552
244 238
149 11
713 82
698 82
279 401
714 170
68 442
715 192
716 256
192 717
718 719
23 323
58 720
44 721
722 723
724 688
314 25
236 725
726 386
85 727
728 225
236 729
194 614
701 82
730 58
38 81
731 732
371 733
734 256
238 246
278 218
39 534
735 4
679 443
736 106
357 737
738 58
440 187
124 185
739 52
740 1
58 623
631 741
742 655
743 744
81 535
39 745
584 243
746 285
430 202
110 344
265 691
747 170
283 279
748 217
44 749
420 572
750 82
751 217
752 148
753 146
217 439
20 754
386 356
80 93
273 77
755 270
244 70
44 756
757 758
159 759
4 760
35 572
761 308
357 599
39 762
9 51
170 763
297 131
764 77
431 697
73 765
433 414
648 575
312 584
304 121
58 426
407 81
766 146
430 165
24 767
192 294
356 106
768 85
638 217
317 299
334 769
770 58
554 771
223 136
68 772
68 400
58 773
152 330
114 177
58 678
364 149
223 125
115 142
740 308
42 774
58 775
12 90
396 776
170 777
778 58
779 106
780 781
772 339
348 782
783 1
176 39
32 70
345 9
20 784
0 785
786 324
20 356
787 82
267 256
788 222
789 243
512 584
790 129
791 242
792 612
80 64
674 279
68 581
793 393
794 384
795 796
509 797
209 342
58 798
639 781
799 159
18 800
738 39
407 58
433 7
11 801
58 535
58 767
11 397
26 432
577 88
39 802
167 803
804 82
805 298
262 162
806 136
807 307
145 9
80 39
228 17
433 808
809 82
810 58
811 812
118 405
189 813
312 513
814 9
815 816
451 506
359 748
301 53
11 817
192 702
786 818
451 819
170 553
820 821
68 328
295 84
822 142
157 243
792 149
359 823
564 583
182 163
308 824
825 54
648 129
265 504
554 459
52 40
91 826
234 827
283 165
19 760
828 621
17 385
829 129
830 461
244 111
108 93
4 618
56 595
831 832
173 77
58 192
833 217
24 42
834 835
649 584
836 136
242 218
739 77
325 485
68 219
304 74
560 422
80 66
780 194
837 367
348 587
99 229
687 546
838 256
222 119
839 691
329 840
39 581
35 841
120 139
152 9
46 710
533 449
152 213
446 40
13 325
842 200
284 243
799 192
626 4
68 357
262 406
85 774
228 238
200 843
313 697
415 256
68 325
4 204
584 697
187 351
0 844
631 845
748 795
846 781
847 170
106 346
722 213
418 237
648 584
827 217
215 78
739 270
39 65
11 848
430 279
849 39
80 18
44 390
850 851
150 165
490 697
44 852
853 246
357 854
855 192
44 856
20 29
197 857
858 129
187 859
407 191
54 860
861 292
633 4
75 862
52 131
322 324
4 863
864 274
865 282
21 865
698 866
33 867
868 427
18 140
58 98
18 724
222 297
869 870
189 174
162 308
0 243
301 58
871 17
740 190
68 872
873 129
504 874
687 875
355 876
386 877
236 878
42 37
222 879
880 874
11 431
386 881
698 633
603 438
649 600
882 270
883 146
260 722
247 431
386 796
884 82
885 77
75 859
886 213
887 345
52 307
888 238
82 889
578 243
890 85
236 582
633 400
603 891
10 244
236 157
58 892
203 369
372 34
125 621
893 58
894 74
895 77
719 204
896 131
532 652
291 219
386 514
217 897
898 131
82 270
278 899
170 86
900 82
223 901
149 902
40 142
903 96
904 405
142 905
906 85
564 575
54 907
908 285
386 264
559 909
177 191
24 157
910 142
20 482
911 355
24 912
310 913
914 915
562 419
77 916
39 144
68 308
108 420
667 917
291 918
511 54
213 919
920 82
485 921
922 170
4 923
54 251
237 478
77 924
109 925
80 19
85 406
35 11
633 697
397 926
68 458
768 106
562 11
639 927
106 928
115 343
262 150
4 929
30 131
554 930
20 564
68 931
861 932
438 933
934 935
58 936
618 1
11 287
937 821
561 21
39 938
234 77
112 70
178 279
939 40
360 78
68 342
940 941
265 942
386 943
944 945
868 40
68 98
946 58
903 947
23 742
948 927
329 899
598 81
949 865
42 950
384 254
951 82
952 676
223 953
932 244
201 82
954 136
673 955
956 85
957 82
386 958
147 959
223 960
65 491
11 961
100 465
584 962
480 11
265 245
265 290
850 27
768 431
490 407
963 81
474 94
271 213
107 4
44 696
964 612
965 56
106 907
382 78
966 58
325 859
19 426
68 9
170 500
134 238
19 967
968 58
433 11
969 77
265 970
4 393
9 400
127 971
490 612
972 85
973 820
44 974
77 975
154 213
19 799
589 796
39 975
976 977
644 443
433 270
583 96
978 68
58 19
479 463
223 733
262 633
979 68
932 821
170 980
814 20
236 663
965 85
489 981
903 420
144 982
44 298
146 935
196 237
189 254
983 325
44 984
58 144
68 985
169 8
986 256
68 987
988 254
138 129
267 9
966 39
22 989
990 329
991 992
993 251
187 568
792 588
68 762
77 17
40 994
995 213
996 907
236 278
144 93
58 997
998 82
999 187
1000 72
146 1001
1002 656
191 1003
87 1004
415 174
222 352
444 106
231 65
234 386
1005 82
256 1006
342 513
85 186
633 664
1007 142
11 8
58 1008
578 1
1009 181
1010 54
1011 78
1012 379
1013 491
355 188
521 1014
262 15
433 472
991 697
811 237
1015 328
1016 674
262 1013
4 158
674 278
58 1017
386 1018
386 1019
158 237
134 311
198 913
260 245
13 945
304 1020
430 438
845 1021
1022 218
342 385
301 482
117 85
79 85
301 81
91 1023
236 527
903 881
11 1024
779 701
273 691
4 1025
603 1026
1027 81
922 256
128 1028
235 144
518 1029
63 1030
35 1031
1032 217
42 485
170 759
146 1033
433 256
1034 58
348 1035
1027 1036
4 1037
740 699
1038 82
473 58
674 297
1039 572
8 170
1040 136
1041 131
423 413
1042 11
158 144
120 41
301 129
626 335
509 1043
85 491
222 395
223 585
44 1044
117 799
398 513
185 899
934 244
265 553
1045 243
219 39
278 1
187 611
220 237
237 1046
403 170
305 329
1047 379
42 872
1048 39
0 438
1049 51
200 1050
667 1051
11 1052
4 1040
310 238
8 385
386 1053
1054 1055
48 121
1056 85
623 246
1012 1057
1058 501
295 85
1059 75
386 1060
515 81
1061 1062
265 1063
236 104
71 170
736 192
56 264
916 106
4 1064
783 1065
226 1066
1063 329
1067 17
644 442
85 1068
234 81
1069 142
433 179
355 370
1070 144
768 192
956 781
1071 192
215 1072
633 678
409 815
317 170
33 146
403 256
1073 77
124 17
48 1074
4 1075
1076 74
45 136
54 1077
1078 217
42 160
229 1079
236 1080
66 256
187 1081
320 1039
1082 9
150 58
1083 17
1084 129
87 330
586 655
492 1085
59 159
1086 68
68 1087
58 381
234 218
746 148
1088 886
361 396
42 482
255 39
329 611
371 76
167 1003
698 193
631 1089
1090 187
24 1091
757 324
1092 1093
1094 1095
130 88
629 880
35 230
554 86
892 54
1096 325
548 582
237 81
296 575
223 1097
1098 192
985 1008
237 1099
42 887
692 77
8 51
58 762
32 388
1100 187
138 117
187 345
308 172
11 1101
38 1102
1103 192
1075 136
323 9
39 1104
976 956
1105 697
1106 1107
58 1108
153 9
1109 292
203 285
150 54
792 58
162 85
1110 74
1111 192
1112 127
40 356
59 612
149 762
1113 472
969 58
1114 165
85 282
830 224
1115 81
120 553
358 270
825 985
236 1116
59 34
184 1117
217 1118
709 191
237 1119
119 899
1120 81
11 1121
1122 1123
952 246
237 39
317 142
1124 58
631 758
475 49
47 708
229 796
386 1125
30 368
562 146
887 278
631 1126
1127 1128
157 646
109 58
941 32
1129 283
813 106
9 866
77 572
20 546
228 1130
1131 4
482 836
562 36
682 187
828 1132
71 125
196 278
236 196
1133 81
8 1134
1135 82
1136 9
1137 376
39 192
196 8
1138 611
11 1139
783 7
647 17
298 420
340 56
262 81
262 258
320 216
81 65
4 1134
1140 1141
348 320
77 583
772 600
124 1123
223 838
328 58
466 1142
578 11
1113 218
124 697
1143 270
10 1057
495 755
554 671
113 1039
32 256
69 39
1144 81
260 631
518 1145
323 279
58 93
217 1146
223 299
960 478
1147 82
134 224
477 960
605 559
482 78
1148 1149
1150 39
48 278
39 146
839 504
192 385
410 82
228 198
87 359
1144 1
252 136
35 82
554 1151
217 1152
1153 697
673 278
648 39
944 776
1129 258
407 39
814 90
969 1154
256 148
40 130
457 170
1096 1041
81 458
304 196
446 386
1155 1156
58 1140
112 256
68 774
265 278
234 235
1157 129
133 29
1158 187
1159 368
170 422
1160 82
768 213
213 1161
1 1162
108 76
631 1163
4 663
33 40
108 817
125 422
334 237
77 479
262 341
85 346
103 205
149 144
130 1164
584 85
11 25
58 1165
1166 1167
1039 217
27 213
1168 217
351 9
223 1169
694 368
191 144
433 1027
742 1027
509 1170
146 81
1171 17
190 142
1172 1173
237 852
21 708
1174 341
146 606
58 1175
438 96
142 678
242 17
310 192
1176 58
58 1177
0 60
1059 85
357 974
1178 136
1179 11
301 77
906 984
217 250
192 1180
237 54
1181 77
121 49
206 129
808 8
31 112
884 11
640 217
191 442
403 142
120 30
1182 192
1183 82
58 1184
308 76
1028 1167
85 759
308 1185
900 167
108 651
838 63
1186 146
1117 131
629 270
237 1187
971 1188
108 753
58 1189
1190 192
1097 131
80 1041
58 1191
1192 47
734 4
1015 136
158 170
1193 324
142 802
903 299
285 1194
24 1020
32 271
689 967
80 599
691 192
144 491
32 247
407 162
11 1195
1196 782
223 1129
1197 82
68 283
53 4
1198 899
1199 213
894 1200
1201 77
470 1202
357 906
386 1203
126 1169
731 355
1204 420
265 1205
742 1206
956 213
1207 961
1208 82
1209 9
9 1210
79 4
256 646
58 398
1211 1212
134 913
149 81
11 299
397 82
187 1213
304 93
1070 65
191 162
506 741
433 1214
1215 77
149 357
170 243
80 144
561 500
314 106
1216 584
30 165
44 1217
698 1039
1218 200
1219 217
586 11
39 1220
20 796
1221 470
739 256
265 356
638 129
58 1222
1223 136
320 971
605 1224
68 101
1225 482
830 1226
42 478
68 966
481 142
1227 119
58 1228
114 1143
222 288
209 1229
187 585
1230 394
1231 129
332 170
772 545
462 419
1204 461
1158 708
562 547
945 1232
301 768
1233 840
1234 218
24 451
52 989
448 39
1235 39
110 1206
40 943
158 398
142 1236
1237 146
11 1238
739 308
554 1239
77 254
552 977
68 307
1240 81
1241 82
4 298
194 81
11 1242
1243 108
451 256
888 1039
989 759
1244 111
191 678
386 1245
403 85
998 213
223 1246
265 1247
187 419
1248 142
317 256
142 144
265 725
146 1249
166 81
298 1134
187 886
386 504
761 108
511 166
42 90
407 77
590 146
42 722
838 81
1233 213
358 1123
1250 546
1251 256
120 795
1252 465
790 575
1079 921
538 144
347 600
142 924
181 1050
32 170
236 1253
1254 422
1255 1206
58 1256
474 755
1174 39
567 1257
11 504
194 1258
222 1220
815 237
142 329
1259 217
357 671
58 159
75 990
1260 146
631 782
28 1261
58 1087
1262 68
1263 58
80 1264
603 218
79 11
11 1265
633 85
192 1220
690 142
75 431
236 677
433 618
406 65
178 131
1266 9
1204 70
633 357
87 864
38 406
1267 1268
22 40
423 279
1090 11
386 657
357 1269
433 51
990 194
44 1079
112 4
223 1270
39 1173
12 485
382 54
262 19
1271 77
1272 697
313 612
1273 1274
235 1155
198 17
776 401
1275 17
237 1276
42 254
371 213
1000 125
1122 1206
1277 600
818 244
913 238
1278 82
113 360
1279 103
272 39
85 1
75 351
561 545
1280 386
39 206
633 159
1281 1282
976 324
1204 298
75 245
433 1283
68 612
1107 397
976 170
1284 4
38 1285
304 615
198 224
1286 170
888 1287
46 104
1288 915
730 39
58 1289
124 106
149 88
10 111
1290 85
1291 37
708 1292
386 1293
1294 1023
267 279
1295 82
329 1296
158 865
1094 237
39 786
1297 697
819 478
192 1298
457 308
301 158
24 261
223 311
244 204
1094 819
1299 192
113 70
792 328
106 899
298 1031
97 85
20 360
292 733
406 192
629 485
1300 679
1301 1302
48 343
887 1036
480 119
196 213
80 328
39 664
1048 215
191 762
23 54
185 213
355 1303
8 279
1100 82
898 482
407 129
1304 200
19 1305
191 1155
1306 1307
1040 1308
4 1309
554 1310
279 439
383 803
567 494
509 43
236 22
358 899
603 1
178 646
1311 11
355 482
115 1312
1313 82
747 230
36 311
165 329
683 106
26 1314
304 8
1315 1316
332 1317
298 1318
1140 924
44 152
234 40
1319 49
53 319
178 819
747 250
297 54
483 106
58 176
314 255
511 53
858 39
166 319
792 39
191 65
845 1320
271 70
158 762
212 146
58 1321
94 77
1318 679
1322 190
1323 77
146 136
577 256
1169 1324
1325 129
1262 39
1326 1229
149 165
1327 200
1272 4
200 1328
182 932
107 40
146 535
271 1329
509 553
459 63
120 504
1204 903
466 1330
466 450
1331 17
142 1332
509 1036
258 1333
18 23
133 971
80 286
357 406
20 671
178 1334
1335 170
44 557
42 781
291 192
4 111
1153 192
1336 320
126 200
44 297
1337 292
667 1338
275 77
451 366
267 39
40 385
1339 85
1059 256
554 380
673 4
117 1149
865 405
236 706
312 821
1340 119
328 282
39 926
144 385
236 1341
913 246
149 319
580 1342
1343 1276
58 1344
554 157
194 238
861 865
1345 17
20 96
213 611
147 1346
147 1347
108 899
4 976
24 930
213 411
114 205
27 279
234 1348
1349 1350
1351 809
386 866
903 360
475 422
284 60
192 159
846 872
813 1352
1353 119
187 1354
644 679
265 658
1079 1318
120 245
1355 1259
8 646
223 439
75 459
372 148
470 991
1209 256
100 832
26 866
1011 543
433 67
649 39
120 1028
32 655
1356 1137
1357 655
200 1116
262 39
811 1095
1012 82
728 82
117 9
1358 217
212 9
969 49
40 676
892 323
649 982
1229 961
1359 1360
1361 77
304 935
406 453
288 248
838 1257
243 96
1362 1023
669 1028
396 225
598 404
605 49
433 1363
68 398
355 1036
33 60
260 482
1218 181
265 866
120 1364
1094 543
865 39
377 878
451 85
120 1063
1365 1366
1013 471
663 279
117 619
308 907
1211 1367
193 866
1368 192
142 213
236 85
152 106
1088 142
149 234
1369 1370
674 1371
786 244
273 270
239 77
345 329
343 213
868 386
329 1372
11 859
916 326
124 170
8 256
68 471
1373 127
119 17
580 1374
222 1014
1057 244
586 115
244 933
130 132
1375 68
80 262
884 4
1376 192
1377 270
1342 244
474 4
24 93
174 727
1117 478
33 82
985 502
1378 106
20 49
646 439
147 1379
42 9
35 876
158 663
1380 170
1381 170
1016 1211
214 77
30 488
8 414
527 238
573 710
547 1382
1174 191
703 1036
956 106
990 218
34 270
167 85
1383 933
554 783
100 796
861 200
409 1342
223 4
1384 106
232 82
224 246
1385 1140
196 1
976 230
304 1386
8 796
639 205
236 256
1087 899
1387 1388
1389 854
20 142
91 780
265 1390
670 9
1244 818
1057 213
1376 85
224 238
298 360
761 40
1094 619
509 1247
1391 82
234 1392
1393 368
110 244
550 112
1394 909
569 380
68 628
1395 161
1204 82
355 768
100 306
423 146
1396 246
1143 216
236 48
1397 108
1398 136
33 4
58 1399
305 200
489 414
198 246
960 237
1400 119
39 426
451 75
79 256
26 472
134 1318
44 1401
39 697
470 429
178 76
538 865
24 1031
696 9
595 161
556 106
198 238
768 136
68 720
223 8
11 624
752 27
633 256
200 77
68 491
1402 136
38 162
234 192
1403 82
308 771
54 1404
772 499
308 459
8 86
384 308
