3374 4068
0 1
2 3
4 5
4 6
7 8
7 9
7 10
11 12
11 13
14 15
16 17
18 19
18 20
18 21
18 22
23 24
25 26
25 27
28 8
28 29
30 31
32 24
32 33
34 35
34 36
37 38
37 39
40 41
42 43
42 44
45 46
45 47
48 49
48 50
51 52
51 53
54 55
56 57
56 58
59 60
61 62
61 63
64 65
64 66
21 67
21 68
21 69
21 70
21 71
72 73
74 75
76 77
78 79
78 80
81 82
83 84
83 85
86 87
88 89
88 90
91 92
93 94
95 96
97 98
99 100
101 55
102 103
102 104
102 105
106 107
108 109
110 111
110 112
113 114
115 116
117 118
117 119
120 121
122 123
122 124
125 126
125 127
128 129
130 131
132 133
134 135
134 136
137 138
139 140
139 141
139 142
139 143
144 145
144 146
147 148
149 150
149 151
152 153
154 155
154 156
157 158
159 160
159 161
162 163
164 165
164 166
167 168
167 169
167 170
167 141
167 171
172 173
174 175
174 176
177 178
179 180
179 181
179 182
179 58
183 184
185 186
187 188
189 190
191 192
46 193
194 195
196 197
198 199
198 200
201 202
201 203
204 205
204 94
204 206
204 207
204 208
209 210
209 211
212 213
214 215
216 217
216 28
218 219
218 220
218 221
218 222
218 223
224 225
224 138
226 227
228 229
230 231
230 232
233 234
233 235
236 237
236 238
236 239
240 241
240 153
242 243
244 245
246 247
248 249
248 250
251 252
251 253
254 255
254 256
257 258
259 260
259 261
262 263
264 265
264 266
264 267
268 269
270 271
272 273
274 275
274 276
277 278
277 279
280 281
280 199
282 283
284 150
285 286
285 287
288 289
290 291
290 292
290 293
290 294
290 295
290 296
297 298
297 299
260 300
301 302
301 303
136 304
305 306
19 307
308 309
308 310
311 312
311 313
311 314
315 316
315 317
318 319
318 320
321 322
321 323
324 325
326 327
328 329
330 331
330 332
330 333
334 335
334 36
336 337
336 338
339 340
341 342
343 344
345 346
347 348
347 349
350 351
352 353
354 278
355 268
355 356
355 266
357 358
359 360
359 361
359 362
363 364
363 365
363 366
367 368
369 370
371 98
372 373
374 375
376 377
378 379
378 380
381 382
381 383
384 385
386 387
386 388
389 319
390 223
391 392
391 22
393 394
395 396
397 398
399 400
399 401
402 403
402 404
405 26
405 406
407 408
407 409
410 411
410 412
410 413
410 414
415 26
416 417
416 418
419 420
421 422
421 423
424 356
219 425
219 426
427 428
427 429
430 431
432 433
434 435
434 436
49 437
438 439
440 441
442 443
442 444
442 445
442 446
447 448
449 450
451 452
453 454
455 456
455 457
455 458
455 459
460 461
462 463
464 388
464 465
466 467
466 468
469 470
469 199
469 471
472 473
394 474
475 476
477 478
479 480
481 482
483 484
483 485
486 487
488 489
490 491
490 492
490 493
490 494
495 496
495 497
495 498
495 499
500 501
500 502
503 504
503 505
223 506
507 508
507 509
510 511
512 94
512 145
513 514
515 516
515 517
518 519
520 266
207 94
207 521
207 522
207 523
524 525
526 527
528 526
528 529
530 531
530 532
533 534
533 535
536 537
538 539
538 540
541 542
543 544
543 33
545 546
545 429
243 476
547 548
549 146
550 551
552 553
552 266
554 555
554 435
556 557
556 558
559 560
559 561
562 563
562 564
565 566
567 568
567 569
567 570
567 114
571 572
571 573
574 575
574 576
577 178
578 579
580 581
580 582
583 101
583 584
585 586
587 588
589 590
591 592
593 594
593 595
596 12
597 598
599 600
601 602
601 603
604 605
604 606
604 607
608 609
610 611
610 612
613 614
615 616
615 617
618 619
620 621
622 623
624 98
625 263
626 627
628 629
630 429
631 632
413 633
634 635
636 637
638 639
640 641
642 643
642 644
642 645
642 403
642 646
647 648
647 649
647 650
647 651
652 653
654 655
656 657
353 6
353 540
658 659
658 651
660 627
660 661
662 413
662 663
269 664
269 665
666 667
668 487
669 670
671 672
673 674
673 675
676 677
676 402
676 678
679 680
681 682
681 683
176 684
685 686
685 687
685 688
689 504
689 690
403 691
692 595
692 693
694 695
694 662
694 267
696 697
698 306
698 699
700 701
700 702
703 704
705 706
705 707
708 102
708 709
710 711
712 147
712 713
714 246
715 716
715 717
718 300
719 577
720 721
722 723
724 725
724 446
726 727
726 469
726 198
728 729
728 730
728 388
731 732
733 734
119 735
736 487
737 107
737 738
739 740
739 741
739 742
743 744
743 745
743 746
747 748
749 750
751 752
600 753
754 755
756 483
756 757
758 759
758 760
761 762
763 764
765 766
765 90
767 768
767 769
383 100
770 771
770 772
773 544
774 460
774 775
776 12
776 777
778 779
780 781
782 783
782 327
784 785
786 787
238 788
238 789
238 790
238 619
791 792
793 794
291 795
291 796
291 797
798 799
800 801
802 803
804 805
804 806
804 807
808 809
810 811
812 813
812 764
814 815
814 669
816 470
816 817
818 279
818 819
820 799
821 822
823 824
825 689
825 826
827 828
827 453
829 830
829 682
831 62
832 102
833 834
777 585
777 835
836 837
836 838
465 839
840 841
842 89
842 3
843 844
843 845
846 847
848 29
848 849
848 655
848 850
848 851
848 852
848 853
848 854
848 549
855 0
855 856
857 858
859 527
859 213
860 861
860 862
863 346
864 602
864 865
864 92
864 265
864 866
867 868
867 414
867 869
867 847
870 871
870 872
273 873
273 874
68 875
418 75
876 877
876 340
876 878
876 879
880 881
882 883
884 234
884 167
885 886
885 887
888 889
888 890
891 892
340 893
894 338
894 577
890 895
890 896
890 897
890 898
890 899
890 586
900 901
900 902
903 904
903 905
906 907
266 908
909 910
909 911
912 129
913 914
913 915
916 917
918 653
918 422
919 813
920 921
920 922
920 923
924 925
926 927
928 929
930 931
930 932
933 934
935 936
937 876
253 938
939 940
941 811
941 942
943 944
945 946
947 948
949 661
950 951
950 534
952 953
954 955
954 956
742 957
742 958
742 959
742 960
755 961
962 963
962 964
965 966
967 386
968 877
969 970
971 972
973 974
973 747
973 317
973 975
976 468
936 977
936 978
936 979
62 980
981 88
981 539
981 3
982 132
982 983
984 985
984 986
987 988
987 604
987 989
153 990
153 991
153 992
153 993
153 994
995 996
995 997
998 999
998 1000
1001 1002
1003 1004
1005 1006
1007 1008
1009 1010
208 1011
1012 1013
1014 1015
915 1016
915 1017
915 1018
1019 1020
1019 1021
1022 426
1023 1024
1025 1026
1027 1028
1029 1030
1031 1032
1031 1033
1034 862
1034 1035
1034 1036
1037 926
1037 1038
1039 1040
1041 1042
1043 1044
1043 1045
1046 771
1046 1047
1046 1048
1049 1050
1051 887
1051 1052
702 1053
1054 1055
70 1056
1057 1058
1057 1059
1060 1061
830 1062
1063 495
1063 497
1064 1065
1064 1066
1067 1068
1069 1070
1069 1071
302 1072
1073 96
1074 1075
1076 1077
1078 1079
1078 1080
1081 1082
1083 1084
1083 1085
1086 48
1086 1087
1088 1089
1090 534
564 1091
1092 1093
948 1094
1095 530
1095 1096
1095 1097
1095 1098
1099 1100
1101 1102
1103 1104
1105 1106
1105 1107
1108 1109
1110 1111
1112 670
1113 1114
1113 1115
1116 1117
1118 49
1119 1120
1121 1122
1123 829
1123 1124
1125 1126
1125 1031
1127 1128
1127 1129
1130 1131
1130 1132
1133 1134
1135 1136
1135 1137
1135 1138
1135 37
1139 530
1139 1140
1141 1142
1143 1144
1145 1146
1147 1148
1149 308
1150 1151
1150 941
1152 1153
1152 361
1152 1154
1155 1156
1155 1157
1158 360
1159 1160
794 183
794 1161
1162 1163
563 1164
1165 1003
1165 518
1166 1167
1166 1168
1169 485
1169 1170
1171 1172
1173 444
1173 1174
1175 1176
1177 232
1177 1178
1177 1179
1180 1181
1180 1182
1180 1183
1184 1185
1186 1137
1186 1187
1186 1188
1189 53
1026 1190
1026 1191
1192 1193
1194 1195
1194 495
1196 1197
1198 1199
1198 1200
1201 138
188 1202
1203 271
1204 140
1205 133
1205 275
1205 1206
156 73
675 187
675 1207
675 1208
1209 1210
1209 209
1211 1161
1212 199
1212 1213
1214 1215
1214 1216
1217 1218
1217 1219
1217 622
1220 482
1220 1221
1222 1223
1222 1224
1225 1226
1227 1218
1228 96
1228 1229
1228 1230
1231 1232
1231 718
506 1233
1234 513
1234 1235
1 1128
1 1236
1 1237
1238 1239
1240 1007
1241 711
1241 1242
1241 1243
1138 1244
1138 1245
1138 1246
1138 1247
1138 1248
1093 1249
1250 316
1250 836
1251 1252
1253 1254
1253 1255
1253 98
470 1256
470 1257
182 1258
182 1259
1216 1033
1260 1261
1262 1263
1264 1175
1264 1265
1266 1267
1266 1268
621 1269
621 1132
1270 24
1271 1272
1271 1273
1271 1274
1271 1275
1271 1276
1277 1278
1279 353
1280 1281
1280 820
1280 635
1280 800
1280 1282
1283 118
1283 1284
1283 1285
1004 1286
1004 1287
439 1288
1289 1290
1291 1292
1293 1294
1293 1295
1293 1296
1297 1298
1299 551
1292 858
1292 1300
231 1301
231 762
522 1302
522 1303
522 208
522 1304
522 498
1305 1306
1305 949
1307 1308
1309 1310
1309 1311
1312 611
1313 1314
1313 684
1315 1316
1315 1317
1315 539
1318 1319
1318 1097
1044 1320
1321 1322
1323 806
1323 1324
1167 1325
851 850
851 796
851 797
851 853
851 854
851 498
1326 1327
1328 1329
1170 1128
1170 132
1330 1331
1330 1332
1333 1334
485 1335
1336 1337
1338 1210
1339 1340
1341 1342
1343 1344
1345 1346
1345 1347
1348 1349
1350 1351
1352 1353
672 1354
1355 1356
1355 580
956 1357
1358 1359
1358 598
1360 127
1360 1361
1360 215
1360 351
1362 1363
1364 1365
1364 1366
1367 1368
1367 791
1369 1370
1369 1371
1369 1372
1373 1374
1373 579
1375 1376
1377 1378
1377 1379
1380 1381
1380 1084
1382 1383
1382 1384
1382 1385
866 841
866 473
1386 815
1386 1387
1386 1388
1386 1389
1386 1390
1391 1392
1391 1393
1394 1395
1394 1241
1394 1396
1394 1397
1398 135
1399 1376
1399 1400
1401 1402
1401 1403
1404 1134
1197 1405
1347 1406
1347 1407
1347 1261
1408 1409
1410 1411
1410 795
1412 1413
1412 1414
735 1415
1416 67
1416 780
1126 926
1126 987
1126 1234
482 1417
482 1418
482 1103
1419 468
1290 1218
1290 1420
1421 1422
1423 1424
1423 1425
1426 1427
856 1428
1429 1430
732 768
732 1431
732 866
732 1432
1433 1434
1433 476
988 1435
988 515
1436 1437
1438 1439
1438 1440
1438 1441
1442 873
1442 1443
1444 1445
1446 1447
1446 700
1446 1000
1094 1448
1449 1450
1449 92
1449 880
1451 1452
1453 1191
1454 1455
1454 1134
680 538
680 1456
1457 1458
1457 1347
1457 1459
1460 1461
1460 1462
1460 238
1460 1463
1464 29
1465 1062
1465 1351
1465 1466
1465 1379
1467 1468
938 1469
1470 29
1470 1464
1470 1181
1471 1238
1471 1472
1471 1473
1471 58
249 1474
249 1111
1475 208
1475 1476
1477 1478
1477 1169
1477 198
1479 1480
1479 1481
1482 1483
584 1484
584 1485
1486 1306
1487 1488
1489 627
1489 1490
1489 1491
1492 1493
1494 1495
1494 1496
1497 1498
1499 599
1499 186
1500 1501
1502 100
1503 1101
1456 1114
1456 710
1456 1504
1505 1300
1506 1507
1506 1508
283 1509
1510 1511
1510 775
1510 1225
1512 1513
1512 1424
1322 1514
1515 1370
1515 856
1516 1517
1142 1518
1519 1520
1519 338
1521 1522
641 1394
641 1523
641 1524
641 1525
1526 1527
325 1528
1529 1530
1529 440
1531 1532
1531 1092
1531 1533
1534 1535
1115 1536
1537 1538
1537 1539
1540 481
1540 1541
1407 1542
1288 1543
1544 1545
1544 257
1544 1546
1544 1547
1544 1548
1549 1550
1549 1551
423 1099
423 1144
1552 1291
1552 1553
1554 1555
1556 1557
1556 833
1556 1558
1556 1559
1560 511
1561 100
1561 1562
991 1563
1564 1159
1564 1565
1566 1567
1566 1366
1568 1569
1178 342
1178 1570
1178 1571
1572 344
1572 1573
1480 961
1480 1574
1070 1575
1576 1577
1576 1352
239 1578
1579 202
1580 1581
1580 1582
612 1583
148 1584
148 1585
606 722
606 841
606 927
1586 1587
1588 1589
1488 1590
1591 1220
1591 45
1592 1593
234 1594
234 1595
234 1596
234 1597
1598 1599
1598 299
1600 1311
1601 1602
1601 1603
1601 1573
1604 1605
1606 921
200 1607
200 1134
200 1608
437 1609
437 1304
437 1610
197 1611
1612 924
1612 1613
27 1614
1615 811
1616 1617
1616 1618
1619 1439
1619 1440
1620 1621
85 1622
1623 1410
1624 1625
1626 1517
1626 1527
1626 1627
1628 1629
1628 1630
1631 1632
1633 1634
1635 334
1635 1636
1637 1638
1637 1639
1637 1640
1637 1641
1642 1643
1642 1644
1645 1646
1647 1648
1647 1649
1285 1650
1285 1085
1285 1403
1651 1652
1651 1060
1651 1061
1653 718
1653 1654
1655 738
1655 1656
788 130
847 1414
1224 261
1657 1658
1657 1659
1660 1661
1662 243
1663 1664
1665 1666
1665 1667
1296 1668
1669 1670
1669 1326
1671 455
1671 1672
1550 1673
1550 33
1550 1674
1550 1675
1621 784
1621 1676
1677 1678
1679 916
1680 1681
1680 743
1680 1682
331 592
298 1683
1684 1685
1684 1598
1673 1686
1673 1270
1673 1687
1673 1688
1689 1690
534 1691
1692 285
1692 94
1693 1694
1695 1696
1695 953
1697 1698
1697 1699
1700 1701
1700 1702
1700 1505
1703 348
1704 523
1704 498
1704 1705
1706 1707
1706 1689
1706 22
1708 89
1708 1709
1708 487
1710 1711
1710 1712
1713 1714
1715 1716
1427 1717
1427 343
1427 76
1718 1719
1718 1720
1721 1722
966 1723
1724 1047
1641 1158
1641 1725
1641 361
1726 1727
1728 1729
1730 1731
1730 1044
1732 1733
1734 424
1734 733
1735 18
1735 1179
1163 1736
1553 857
1737 1738
1739 1740
1739 7
1739 325
1739 1741
1739 1742
1743 829
160 1744
1745 1746
1745 1674
1747 1748
1747 1749
670 1750
670 524
670 1596
90 1106
1751 1752
1751 266
1753 157
1753 1754
1755 1756
1757 1134
1758 1759
1758 1760
1761 351
1762 1317
1762 1763
1762 1764
1077 1765
1766 701
1767 826
1768 1769
1770 1771
13 1772
1701 1292
1701 1773
1774 1775
1151 1390
1776 1777
1778 1779
1780 1025
1781 1782
1781 1783
1784 285
1784 1785
1784 1118
1784 207
1784 94
1786 1787
1788 1789
1788 949
1790 1791
1792 1488
1792 429
1793 1562
1793 382
1794 1001
1795 542
1795 1796
1797 1457
1797 636
883 1798
1799 1800
1801 57
1801 1145
1802 647
1802 1671
1802 1803
1802 1125
1804 1805
1804 1806
1807 1808
1807 1809
1458 1810
114 1811
114 1812
114 1088
1813 1814
1815 1816
1815 1817
1818 1819
417 999
1820 1821
1822 1075
1823 572
1824 1825
1824 375
1826 1827
1826 1828
1498 1829
1830 1398
1831 607
1831 1832
1831 442
1831 1833
1310 917
1834 1835
1834 1836
1837 1838
1839 91
1839 196
1840 118
1841 1842
1841 1843
1402 1844
1402 1208
1845 1846
1845 1847
886 1848
1849 1850
1849 1851
1852 1053
1852 1853
1854 1838
1855 977
1856 1857
1858 1859
1858 773
1858 237
1858 580
1858 543
910 491
1405 1860
1861 1584
1861 1862
1863 1383
704 1367
644 1864
1865 1368
1866 1673
1866 1867
852 29
852 324
852 1470
852 1464
852 216
852 28
1868 1782
1868 1869
1868 1870
1871 1872
1873 1874
1873 1403
1875 1436
1210 1876
1877 561
1877 1878
1877 1879
1880 1881
1880 1882
1883 1884
1885 1886
783 1119
783 1887
1888 1370
1414 1889
1890 1891
1892 1893
1892 1701
1894 195
1164 1895
1896 754
760 1897
1898 1899
1900 1901
1900 1902
1900 525
1903 910
1904 1905
1308 706
1308 1906
1907 1908
1907 1129
1909 1910
1909 1911
1909 1912
1909 956
1909 954
1430 1913
1914 1915
1914 1916
309 1917
1918 850
1918 851
1918 1623
1918 853
1918 854
1918 1411
1919 652
558 1920
1805 701
1921 1922
1921 1412
1244 1923
1809 745
1924 1925
1924 1926
1927 1417
1927 836
1928 1512
1928 366
1929 1930
1929 1931
1932 369
1932 876
1622 1835
1157 1927
1925 1933
1925 717
651 1934
651 1935
1538 1794
1936 14
1937 1597
1937 1779
1937 1938
1939 1872
1931 371
1940 222
1783 1661
1783 1941
1783 1942
1943 901
1943 936
1943 267
180 412
180 538
180 765
180 1755
1709 1944
1709 1106
1945 1594
1946 1947
1763 928
1948 1949
1950 800
1951 1952
1951 1953
1951 1954
1955 1956
1955 534
1957 1789
1957 1017
1690 71
1958 1959
1958 1960
1958 1961
1958 1962
1958 190
1963 941
1265 722
1265 889
1265 1315
237 1435
237 1964
1965 1185
1965 1207
1966 1967
1966 473
1968 1961
1302 1476
713 1969
1970 1971
1972 146
12 30
1973 1183
1974 1975
1974 1976
1977 1978
1979 1321
1979 1980
1979 608
1981 1982
1981 132
1983 690
1983 714
1984 1348
1985 1986
1985 1987
1985 1036
1988 9
927 1989
927 723
927 1253
452 1990
452 1730
1991 1992
1934 1993
1994 1995
1354 1996
1997 272
1997 1998
1997 1283
1997 1999
1997 2000
792 2001
1384 1227
1975 555
1975 2002
1975 2003
1975 2004
1975 1067
2005 2006
2007 2008
2009 177
2010 1390
2011 359
2011 1981
2011 45
2012 429
2012 1592
2013 2014
2013 2015
279 2016
279 448
2017 2018
2017 2019
2017 2020
2017 1278
2021 2022
2023 272
2023 2024
2023 1647
2025 2026
2027 1877
2027 2028
2029 1080
2029 2030
1219 525
1947 766
1947 2031
1947 539
1947 1862
82 1060
82 1061
2032 2033
2032 2034
1504 1613
1859 544
1859 1964
2035 2036
2037 2038
2037 2039
2040 778
2040 2041
1978 2042
1978 936
2043 429
1746 2044
1557 2045
2046 637
2047 2048
2047 2049
603 2050
2051 1497
2051 409
57 2052
57 54
57 2053
2054 466
2048 430
2055 2044
2055 2056
824 498
2001 2015
2057 197
1719 2058
1996 2059
2060 941
499 496
2061 1882
398 2062
2063 2064
2065 183
2066 2067
2068 1666
2068 696
1174 1249
1174 2069
342 766
342 2070
342 680
2071 1449
2071 2072
1024 1864
2073 2074
2073 2075
2076 2077
2078 1621
2079 2080
2081 2082
2083 2084
2085 2086
1533 2087
2088 1673
2089 2090
1644 508
1644 1923
2091 1215
2091 156
2092 624
2092 505
667 2093
2094 2095
2094 2096
905 2097
1982 2098
1982 1001
1982 2099
1982 2100
1982 2101
1982 2102
759 1252
66 2103
2104 1749
2105 2106
2105 2107
1608 941
2108 2033
2108 1060
2108 2109
2110 1587
2111 1983
2112 776
63 1587
2113 942
2114 2115
2114 1856
2114 2012
2114 1593
2114 1043
2114 2116
2114 2117
2118 178
2119 2120
2019 2121
2122 285
2122 94
2122 204
2122 2123
41 617
41 3
2124 2125
707 2126
2127 1223
2127 264
2127 2128
2129 2130
1722 1093
1584 2131
1584 2132
1933 1160
1638 1725
896 2133
2134 1236
2134 1908
2135 2029
2136 831
2136 1667
1842 2137
2138 1314
2139 1331
2139 2140
2141 2142
1727 2143
1473 2144
1473 1181
1473 2145
2146 817
2146 2147
2148 2149
2148 1452
959 2150
2151 1670
2152 2153
2152 1970
2154 2155
2156 1081
2157 808
2157 2158
2159 2160
2159 548
2159 2161
2159 1097
2159 1096
2162 2163
2162 1884
2164 1462
2164 2110
1643 2165
375 2166
375 2167
377 2168
2169 2170
2169 1296
2171 944
2172 1256
657 512
225 1927
2173 948
2173 511
2173 1421
588 2174
2175 788
2176 1241
1096 1098
44 2177
44 1011
2178 1790
2178 2179
2180 2181
2182 2183
2184 2185
2186 1968
2186 1056
2186 2187
2186 1554
2188 2189
2067 1627
2067 2190
1777 1229
2191 126
975 1226
2192 2193
2194 1622
2195 2196
2195 2197
52 1084
2198 2199
978 863
2200 2201
2200 2158
2202 2203
2202 2204
2205 1708
2206 1774
2207 245
2208 2209
2210 3
1061 2211
1061 2109
2212 2213
2214 1698
2214 1441
2215 1284
2215 828
2216 2217
2218 2219
2220 1727
2220 462
2221 1510
2221 2222
787 664
1752 2223
2224 943
2225 2226
2227 1228
2227 373
1183 2228
1183 2229
2230 94
2230 2231
2230 512
2230 2108
2232 2166
2232 1493
2232 2233
2234 2235
2236 2237
2236 540
2183 1098
2238 2239
2238 437
853 850
142 1351
551 2240
2241 1666
2241 2242
1148 2243
2244 2106
2244 2245
2246 1941
2246 2247
2246 2248
2246 1468
1916 1147
2249 2250
2249 2114
2251 532
2251 2252
2253 1715
2253 2254
2255 224
2255 763
2256 656
2256 2257
2258 572
2258 1044
2258 2259
2258 2260
2261 1386
2261 2262
2263 2264
2265 1389
2265 1377
2266 1483
2266 942
2267 2268
2267 1583
2269 1835
2269 565
2270 145
2270 854
2270 2271
1117 1355
1258 1480
1258 2272
1370 1371
1370 361
2273 332
2274 2275
2274 2204
2276 2277
2278 1237
2278 2279
2280 189
2280 2281
1195 495
1971 2282
2283 345
2284 441
2284 2125
2285 2286
1582 858
2287 2288
2287 414
2289 2290
2289 1340
2291 513
2291 1588
2292 2293
1683 2294
2295 1076
2296 2103
2296 2276
2297 698
1995 858
2298 1122
2298 620
2298 1432
276 275
2299 350
2299 2300
2301 1496
2301 2302
2303 1128
2303 1236
2304 2305
2304 1877
33 2059
33 2306
33 2307
605 2308
2309 2310
2309 2311
140 108
1481 489
1944 2312
2313 2314
2313 370
2315 285
2315 286
2315 287
548 1044
548 2316
548 2317
548 1183
2318 2233
1850 2319
2320 2321
2322 1713
2323 2035
320 380
2324 2157
2324 623
2325 2326
2327 972
2327 2328
221 2329
221 2330
2331 2332
2331 527
1387 1778
2024 1284
2024 889
2024 927
1681 2333
575 2334
2335 244
2336 2337
2155 2338
105 2339
795 2340
2144 2341
2144 572
2144 1347
2144 2115
2342 588
2343 1733
2343 2178
2343 1589
2343 513
2343 2344
163 1328
2345 2346
2347 931
1190 2348
1087 824
1087 48
2349 1132
1181 1464
1181 1488
1181 2350
1881 1218
1881 2351
2352 2353
2352 2354
2352 2355
2352 1542
2080 640
2356 458
501 560
501 168
501 2357
2358 91
173 2359
2360 655
2361 710
1072 2362
1072 2131
2363 1254
2363 2364
2363 116
2365 518
649 2120
2366 1508
2174 1332
2367 2368
2367 950
2369 2370
2369 299
992 1917
2371 2266
2339 2204
1013 356
1013 2372
2373 2374
2373 134
822 2072
822 881
1563 1167
542 1230
2375 2376
2375 597
2377 514
2377 2178
2378 1801
2379 1624
2379 1821
2380 2381
2222 2382
1511 807
2383 2384
2385 1878
2386 1353
2386 1605
1893 2387
2388 616
2388 393
1585 2389
2390 1507
2391 49
2391 1059
2391 2122
2392 686
2392 2393
2394 2395
2394 1975
2394 1372
1520 1210
2396 2397
2396 1674
2398 89
2314 1660
2314 838
294 49
294 1087
1723 2399
2400 411
2400 468
175 616
2401 2332
2401 2240
2402 941
388 2104
388 2403
388 1694
2404 1585
2404 2405
2406 534
1015 1340
2407 2408
2407 618
2409 105
38 2410
2411 1465
2411 2412
2411 2096
2411 143
2413 1945
2413 623
2414 2415
2002 2416
2002 960
2002 2102
2417 968
2417 1156
2418 12
2418 2419
2420 2421
2420 2422
2355 1269
2355 1542
2423 326
2424 1684
1711 2425
1711 2426
2427 2428
2429 2258
2430 1498
2430 2431
2432 2433
2432 2434
2435 2196
2436 59
2436 802
47 2142
47 2437
2438 1896
569 534
569 1607
889 723
889 411
2439 1060
1048 2440
307 1663
307 2441
307 22
2442 2443
2442 1550
2444 2350
2445 2446
2447 2199
1223 1232
1223 2090
2448 611
2449 1617
2449 2450
1720 78
2451 1626
2451 239
2451 2452
922 2041
2272 2226
2453 112
2453 1216
2454 2455
2454 375
387 227
2456 537
2456 1851
2456 2457
1179 2458
1179 1571
2459 2460
716 2461
716 717
2462 1181
2463 2464
2463 2465
653 2466
2467 2468
2467 156
2469 2470
2217 2471
2472 699
2472 1720
1079 2473
1079 2019
1079 2156
983 2390
983 2474
1036 2475
1036 2293
1036 1409
2476 2477
2478 447
2478 1846
145 313
2479 492
2480 98
1832 2481
1832 46
2482 2483
2482 2484
2485 2042
1559 1579
2486 2347
2239 2487
2239 1610
2488 347
2488 1890
2488 1891
2489 308
2489 2490
329 2491
329 2213
1361 591
695 1223
695 1872
695 1101
299 1119
1590 1528
895 596
2460 2492
2493 337
2493 907
2494 1702
2494 2495
2494 2496
2497 402
1694 2498
2499 100
2499 964
165 535
2500 1271
2500 1946
2500 2272
2501 1439
2168 131
2502 96
2502 2503
994 1696
2504 12
2504 2505
2506 2507
192 1468
1759 1676
2508 231
2508 2509
8 9
8 1131
1650 1510
1650 612
1650 2510
1188 1610
2511 121
2512 2513
2514 1241
516 731
516 2515
2516 199
1478 484
1478 2517
1478 2518
2519 1491
229 530
2495 231
1193 2520
2521 2167
2185 1098
2522 2523
2522 2524
2525 70
2525 1773
2526 2527
1664 1727
2528 221
2529 1436
429 29
429 2530
429 1488
1032 111
1032 996
2531 172
1760 2532
2533 670
2533 2385
2533 2534
2533 477
2535 1527
2535 2536
2537 2538
2537 1621
878 2539
2540 580
2541 2542
2543 1474
2543 947
2544 2545
2546 2547
2546 2548
2546 2549
2550 2084
2550 2551
2550 2552
2553 2554
2553 2555
2556 379
2556 507
2557 1711
2558 2339
1128 133
1999 2268
1999 240
1999 2559
1999 1803
2560 375
2561 1521
2561 884
2561 1219
2562 449
2562 1959
2562 2563
2564 530
2564 2565
2566 634
2566 715
433 14
433 2567
2568 1010
1952 1219
1952 2569
2570 1277
2571 2572
2571 1110
2571 2077
2573 191
2573 443
2573 2574
2573 2575
2576 2577
2576 2204
1567 1117
1555 2193
1853 2578
1450 2579
2580 2175
2580 439
1833 2581
1833 876
2582 842
2583 110
2583 1791
1605 2422
2584 682
473 1860
2458 1398
2458 2585
2458 2586
2458 1534
537 2587
989 647
989 2588
2589 917
2589 485
2590 611
2132 288
2591 1365
146 145
146 2592
146 2593
2594 1596
2595 2596
2595 1460
112 2597
2598 2300
2599 2464
2599 1566
2599 282
1206 1738
2600 2601
2602 2603
2602 2526
2395 997
2395 593
2604 184
2605 726
2605 2606
2605 1591
133 2311
2607 998
2607 2608
2607 2609
2607 2610
2611 2612
2611 2613
2614 1586
2615 2486
2616 1903
2616 490
2617 969
2617 914
2617 389
2617 2331
2618 2298
2618 840
2618 620
2619 971
2619 2079
2620 2621
2622 2623
2624 2625
2624 2626
2627 2085
2627 1020
2627 2628
2629 2630
2629 879
3 2631
3 2632
2633 2369
1281 2634
2635 258
2635 493
1756 1316
511 948
511 1448
511 2263
511 2636
2637 1664
2317 1181
2317 2638
1769 2639
1769 908
1233 1143
2640 2641
2642 244
2643 1119
1707 2644
2645 1726
2645 1580
2646 1077
2646 2647
2648 2600
2648 1376
1089 2234
1949 2649
1949 1919
2650 34
2651 2652
519 2597
2653 2426
2653 2013
2653 1967
2654 2655
2654 2656
986 1010
986 682
986 2657
1771 1452
2658 2201
2658 2659
2658 2660
1030 959
2661 1172
2661 2662
2661 2663
2664 2044
2664 2665
2666 2667
2527 2227
2527 95
2545 2491
2668 959
2669 1605
2669 1604
2670 1327
2671 810
2672 1486
2672 2673
267 2074
921 1050
65 2484
2674 2099
2674 2668
2674 2675
1658 2415
263 2007
263 825
2203 1787
2676 734
2676 2295
2677 2678
2677 2679
2677 2075
2680 1813
401 2681
2682 1739
2682 1488
1047 2446
2683 2684
2685 2686
2685 939
2687 1508
2688 1395
2688 2689
2690 2691
2690 2692
1428 2693
2694 582
2694 2695
2696 2697
2698 143
2699 2700
2359 2687
2359 2279
1098 2701
2702 2703
2704 2580
2704 152
766 616
2705 491
2705 1898
2034 2033
2706 2221
1199 2074
2707 1132
2708 2709
2710 1369
2710 2359
2710 2474
2711 1738
1392 1393
2510 224
2510 2452
2510 198
292 2712
292 2713
2714 726
446 2715
446 2481
446 1174
446 2575
256 2716
1532 1846
1065 1190
1960 2717
2718 375
2718 2560
2070 2719
2070 2514
2070 2009
2070 185
2465 514
2465 882
2720 491
2340 853
2340 850
2721 2104
2722 1827
2305 1465
887 1414
2000 2723
2000 675
2000 1085
2724 1749
955 2725
2726 2727
2726 2109
568 2550
568 2728
227 2729
2730 2731
1411 853
1411 850
2732 697
2732 789
1899 2733
2515 2734
2515 1867
2515 1827
2735 2107
2374 2515
2736 2737
2736 2738
1513 221
2739 2740
2739 1888
2739 1154
478 1455
1595 2741
2742 2226
2743 2025
2743 1031
2743 154
2744 1034
2744 1220
2744 996
1682 2130
2745 1720
2746 2747
2748 2714
2748 2749
2748 1608
877 340
1273 1584
1273 2733
1273 303
1400 2750
2751 2653
2752 2753
2752 221
2754 2755
2754 2756
2754 891
2757 1761
2757 1991
2757 5
2757 1677
2758 534
2758 2735
2759 1272
2759 798
2760 2761
1006 12
2016 2651
1630 1174
2762 1729
2577 2763
2747 2764
2747 2072
2765 1365
2765 2120
2766 2418
2723 100
2723 610
2767 1841
2768 633
2769 2331
2468 1668
803 2318
1066 5
2770 26
730 56
730 2771
730 264
2772 666
2772 1108
2116 2773
2116 2774
2116 2360
2116 2251
2775 1848
2776 919
2776 2749
748 2667
2777 1161
1836 2106
1242 2778
1040 2779
1040 414
2534 1482
2780 2529
2781 26
2782 2783
2784 1969
2785 746
2785 1767
2786 523
2787 2788
2787 2606
84 941
2572 1356
2572 2789
1168 2326
555 2101
2790 1549
2790 2307
2791 2792
2791 2793
2794 507
2794 2795
426 368
2796 1600
2796 2797
2796 2798
2799 2492
2684 457
199 2800
199 475
161 2082
623 1340
974 1349
2801 3
576 1211
576 1729
576 2802
2803 78
2804 2805
2806 2807
2806 887
2808 367
2808 2620
582 671
1132 217
2086 2809
2810 2811
2812 1298
2812 1954
2812 2813
2814 1106
2815 2305
2815 984
2816 1708
2816 1614
1902 750
1902 1340
772 1658
2817 1389
2817 2818
2819 1480
2819 2622
2820 1334
2821 2686
2821 1771
2822 873
2823 1443
2823 752
1432 22
2370 2764
2824 2825
2824 2826
2827 1761
2403 261
1882 670
1882 2828
1772 777
1772 2829
1772 2830
2831 609
2832 118
166 1134
2833 250
2833 582
2834 1655
2834 698
2835 419
2835 2118
2140 2836
2837 1099
2838 2531
1472 1042
2813 794
2813 2839
281 2163
69 769
2840 2841
2840 1445
2842 2843
2842 2844
2842 293
2842 498
2845 2846
333 2598
333 1336
333 2022
2847 2848
2847 468
2849 2542
2849 1425
2850 2312
2850 736
2656 2655
744 2851
2852 773
2852 2198
2852 308
1607 1835
1741 2853
1741 1542
2854 2749
2854 1124
2855 1224
2856 2857
2856 1524
2858 1924
2673 2083
2673 2859
2673 113
1252 553
2860 2861
2860 136
2862 2147
2862 764
2863 2864
2863 1662
2863 470
2865 2657
2866 1792
2867 2414
2867 2868
2869 2870
2871 2838
2872 1892
2872 1964
2872 232
2872 1962
1286 1033
380 1363
380 527
2873 1726
2873 536
2874 602
2875 14
2875 2876
2875 2677
2875 2877
2878 2630
2878 339
2878 2879
2880 2881
2031 64
2490 2325
2490 2882
2490 2883
2490 934
2884 1509
2885 1646
2885 2264
2886 2531
2886 2887
2888 2362
2471 2421
1342 1041
1342 2889
1342 2353
796 853
796 850
796 797
2890 129
2890 2609
2890 2547
2891 676
2891 633
2892 2893
2892 2894
2895 121
2895 1578
2896 2476
2896 2897
2898 1747
2899 419
2899 2861
2899 304
2237 26
2581 878
2581 1221
2523 2802
996 1036
2900 2901
2900 429
2902 1570
2293 1913
15 2903
2904 1272
2905 322
2905 323
1571 304
1571 2906
897 397
897 2907
897 2908
897 2909
897 1670
2910 413
2910 629
2910 2911
2912 2913
2914 2915
2916 454
723 2917
2918 2869
2918 790
2586 392
2586 1830
2586 2899
2586 1398
2919 1312
2919 1185
1038 2175
1038 2920
2921 529
2922 941
2100 1639
1102 603
1102 2810
2387 2923
2387 858
2924 2446
2924 2925
2926 2514
2737 452
2737 2927
2737 1044
2737 2928
2737 2929
2737 530
2737 2930
2931 1893
2931 1699
39 2410
408 509
2137 266
184 1729
505 2846
2321 1551
322 1303
2932 1055
1618 1409
2933 762
2934 1452
2935 1483
1800 2177
1800 1011
203 2936
2937 2938
2788 242
2788 2939
2788 2940
1535 1301
854 145
854 796
854 797
854 853
854 850
854 549
2941 1710
2942 750
2606 2796
2606 1662
2897 1989
2897 163
2897 871
706 36
2943 2044
1775 395
2341 1488
2341 2944
2945 2108
2945 2946
1634 1666
2042 2545
2264 2077
2947 2948
2947 2158
2947 2949
2279 1236
2950 809
2064 2951
2952 2728
2952 1217
2952 1608
1033 1447
2953 2954
2955 1817
2956 354
2957 2031
2957 2958
2957 410
1870 1853
2717 948
2959 2960
2959 1257
2961 706
2961 2322
2170 688
1035 2962
2963 94
849 2964
849 145
849 2965
849 2966
849 146
2967 580
2967 2665
2968 2969
2968 2585
2970 2189
2970 2971
2864 2431
2294 2811
2972 1610
2973 2671
1107 26
2974 2592
2974 2109
2975 259
757 484
579 426
2976 2977
2976 1497
2976 1490
2978 2071
1314 1426
2800 2979
2800 1495
2800 1498
2980 1578
727 17
1298 2981
1298 2383
1298 2755
1298 2982
1298 2983
1298 2470
1298 2984
2310 2985
2133 2845
2986 547
2986 2161
1678 1360
87 1074
595 1034
595 2578
595 1409
138 271
138 2603
138 1795
150 608
2987 118
2987 2832
2036 104
222 2181
2988 144
768 2319
768 2644
768 22
2989 402
2243 358
2243 2990
2991 799
493 2992
2993 1347
2994 833
2995 2996
2995 2004
1911 2997
2998 92
2998 2643
2999 517
2457 70
2536 1516
3000 718
1287 1838
1287 2884
925 1243
2452 46
2452 3001
2452 1591
2452 3002
2851 2532
2715 2247
3003 1098
3004 1240
3004 1733
3005 958
3005 3006
2740 3007
3008 2232
2763 639
2763 1278
2763 2197
2763 1787
2763 1621
2549 120
1574 2389
306 1895
306 2058
3009 2533
3009 3010
3011 489
3011 3012
3013 292
1267 310
2481 2825
2481 3014
2481 1629
3015 469
2621 365
2354 9
2179 2914
1381 2477
2807 86
3016 518
3016 513
3017 2614
3017 376
3018 141
2940 1883
364 3019
3020 57
3020 15
3021 2888
3021 1714
721 581
946 1211
946 2804
1980 3022
557 2148
2142 193
2142 1357
2142 2826
2142 1721
3023 1386
3023 2304
2830 3024
3025 3026
3025 3027
3025 1568
844 1854
1942 445
3022 3028
3029 2653
2569 2948
2569 3030
2569 2760
2569 891
907 2778
907 244
907 2207
116 2435
116 102
116 2121
116 1621
1717 1603
1084 1648
3031 2912
3032 297
3033 2891
3034 2355
2520 1685
3035 2695
3035 3036
3037 3038
3037 2574
1218 3039
729 412
729 218
3040 2763
385 986
2709 2518
3041 2730
3042 1513
3042 2994
3043 2839
3043 2533
3043 3023
2954 1743
2753 1821
3044 256
3045 255
3045 2871
3046 2155
3046 468
3047 1484
3047 3048
60 3049
60 2284
875 349
111 590
111 75
3050 1701
3050 450
525 1863
525 2760
3051 828
3051 1329
753 711
2498 3052
3053 2403
1191 2277
1191 1196
1191 2273
1191 2022
1435 510
2126 1109
3054 1995
3055 3056
2559 1514
3057 234
3057 3058
3057 1879
3059 3060
3059 2098
607 724
607 3061
3062 815
436 2069
3063 1825
3063 1493
1562 3064
3065 184
3065 2524
3066 3067
3068 1575
3069 89
2771 1373
2771 1233
2771 3070
2771 3071
3072 1268
3072 1091
3073 2294
3074 1304
3074 437
3075 1239
3076 3077
3076 1871
3078 131
3079 3080
3079 532
2466 786
151 128
643 479
643 3081
502 170
338 3082
2641 194
602 3083
602 3084
2030 1814
2030 2274
2030 3085
3086 1611
1654 2990
2552 2235
26 3
3087 614
3087 2483
3087 1992
3088 1128
3088 3089
3088 3045
3090 880
3091 345
3091 356
3091 978
1176 12
1176 2400
1742 1041
1742 3092
1742 2444
1742 2513
1254 2305
1254 265
1254 1459
3093 3094
3093 2394
3093 607
3093 1369
2056 2193
2228 3095
2228 1098
1247 2381
1247 3096
1247 1644
1712 1469
3097 2666
3097 3056
3098 1584
3098 2742
1828 2969
1828 70
2277 3099
3100 3101
303 36
3102 2550
3102 1162
2798 1518
2798 2147
2798 1434
2008 2062
1525 2642
3103 1304
1666 3104
3105 648
2364 1054
2364 2082
2364 2893
2364 638
3106 3105
3107 291
3107 3108
3107 290
2894 708
2894 3109
31 3067
202 3110
1998 905
1998 99
1998 3111
1998 3112
1998 1840
2161 2820
3113 1656
2097 3111
1547 910
1547 2093
1547 2132
1106 77
3114 2962
3115 124
3115 1202
1122 211
1122 1891
544 1550
3116 277
3116 45
1501 1536
1501 1818
1325 2883
3117 820
3118 1218
3118 3119
3120 3121
3120 2433
3120 2217
3120 3122
3120 2541
2262 2334
2262 2762
3123 1664
3123 1727
3083 839
3083 3052
3124 3125
3126 79
3126 1869
3127 1134
3128 3129
3128 1213
3130 514
3130 3131
3132 2459
3132 1451
1493 3133
1493 1658
3129 944
683 2412
2818 1835
3134 1843
3135 2693
3135 1371
3136 2681
3136 868
3137 621
3137 158
3137 3138
2306 3139
797 853
797 850
304 1819
304 3140
523 145
523 206
523 3141
523 498
1803 2595
1803 2198
1803 236
3142 1094
3142 1262
3143 3038
3143 741
3144 3145
3144 1335
3146 1798
3146 3147
3146 2178
3146 3131
1441 450
1441 1645
3148 2685
2712 3149
2712 295
2181 3150
206 3151
206 3152
3112 2640
1625 220
3153 935
3153 3154
2160 3155
1403 1172
1403 3156
1953 2754
1953 3118
1953 2611
1953 809
1953 3157
1543 3158
3159 89
1425 3160
801 2461
3161 438
3162 1744
3162 785
3162 2323
3162 2880
92 299
3039 2612
2879 1541
463 1703
400 1419
3163 73
3163 2915
3164 1263
3164 511
1008 2809
2473 103
2226 2615
2226 3068
2226 2676
2226 396
1396 2951
3165 892
3165 2984
1215 861
3166 1808
3166 505
3166 3024
2087 3167
2649 520
1812 2224
3168 1956
3168 2551
2397 2933
2397 2515
2397 1270
2397 2734
2397 2219
2397 2218
3169 300
3169 3170
1599 3171
940 711
1583 2510
1583 3026
1583 1591
3172 572
3172 3173
3172 1730
2749 2960
2749 3174
2749 2783
2749 3175
2749 3176
3177 3178
3177 2666
2601 3090
650 651
1368 540
3179 1106
1245 2380
1245 2427
1245 2165
629 2208
629 2191
629 3180
629 3181
3182 3015
3182 2390
3183 1426
1221 482
3184 388
614 215
1359 2913
3185 3186
3185 3056
3187 1573
3187 2857
1371 3007
3188 3139
3189 1343
3189 2110
3190 3191
3190 1183
158 2889
158 3192
158 1754
3193 682
3193 2095
3194 916
3194 2797
3195 1203
3195 1679
3196 464
3197 3198
805 611
3077 1915
3060 1068
235 1779
235 1466
3199 3140
3199 136
3200 1935
3200 1587
1431 1241
1431 840
3001 1569
3001 2938
3001 1228
3001 2503
3201 828
3201 874
590 845
3202 2996
2636 1959
2911 56
2911 402
2213 1897
2213 908
3203 1934
3203 2342
3204 3205
3206 288
3207 3208
3207 3209
3210 2662
3210 383
1926 1548
3211 2295
3211 979
414 1822
1187 38
1187 3212
1187 507
1187 2331
655 29
655 854
655 549
335 2689
2779 2750
3213 2005
313 2946
3214 260
2881 2339
2153 2810
3215 1984
3215 2865
3215 2953
663 2506
663 2955
663 1222
1962 1960
1962 1263
1962 1448
1962 2192
1962 2281
3216 630
3174 3217
1676 3218
3110 3219
3220 2956
1602 2731
2353 3221
3222 2408
3222 305
3223 3100
3223 2993
2426 3041
2426 3224
3154 2646
3154 1198
3155 2820
904 118
3181 1337
3170 2724
2121 3225
2268 306
2839 2286
2839 2285
3226 1066
2631 252
3227 3003
2907 3228
3229 710
3230 306
3230 990
3231 2108
3231 2946
3232 837
3232 1418
3233 1106
3234 1323
3234 1631
3235 817
406 89
1806 80
2257 512
2257 657
3236 941
178 780
178 3237
3238 2662
3239 3085
2554 454
3240 1153
3240 1640
3241 402
1611 2811
1930 2382
1930 247
3242 2938
2659 3243
2659 623
3244 2440
3244 3199
532 531
532 654
532 655
3071 3245
3094 3246
3094 742
2245 2084
2245 3247
2189 595
3096 969
2848 1887
3248 70
3248 632
841 1414
3249 3169
1976 1982
1976 3250
1976 1539
1976 3006
1577 1024
1577 2697
1577 1049
1303 498
2006 2579
2006 3251
3252 1434
3014 370
2346 1211
2346 2805
566 2783
3253 3254
3253 3255
3253 2563
3256 479
3256 402
3257 3258
3257 532
2538 2333
2936 3150
3259 530
3259 1792
3259 3260
1058 1118
2652 3261
3262 2700
3262 2129
3263 2634
3263 2206
1843 3264
2728 2285
2728 2813
2728 200
2728 1219
2728 576
1748 2282
2199 2870
2199 2242
2199 720
3265 2927
3266 1034
3266 1444
1523 2063
3267 1598
3267 881
2026 687
2026 2628
3268 1134
2625 2155
1573 1920
1573 303
3208 1514
3269 1653
2681 3270
3271 711
3271 2335
3228 3067
3272 1762
3272 3031
572 3197
3273 2368
3273 810
3274 1493
1990 3275
193 3261
193 1912
193 3276
193 1847
3277 2005
3277 976
1876 20
2286 1392
3278 1601
3279 547
923 2784
2505 2376
1987 3280
1987 1408
1987 3114
3281 1883
3282 2074
3282 1768
2090 1749
3283 111
3283 3284
1570 1431
1570 731
1071 2623
2039 2684
2971 686
351 2209
3255 948
3285 2637
3285 2143
3286 2819
3286 965
3287 871
686 1430
3288 374
3288 889
3288 3289
3288 543
2906 3274
2906 1658
3290 1270
3290 2521
3290 2337
3290 3291
3292 3158
3292 609
3293 2680
1085 1265
1085 606
616 1108
616 36
3294 2438
3294 2295
3295 3296
3295 3297
3295 3058
3298 1882
1295 1021
3299 459
2608 2548
2399 932
957 3205
957 3204
3300 1835
123 2320
123 582
3301 1489
3301 568
3301 3302
3301 1186
3301 3303
711 1716
3304 2316
3305 1359
3305 2376
3306 1006
2793 2030
3289 1316
3289 2902
3289 3274
2308 78
2308 3307
3308 1396
3308 2254
1874 2382
3309 3071
3310 431
3310 2049
3311 16
3311 2959
1659 2455
2328 1241
3291 1530
3312 2201
3312 1886
3313 1736
3314 2517
3314 1829
17 1141
17 817
1699 449
1699 3254
1699 1440
1699 1441
3315 1422
3315 2717
1137 3182
1137 1188
1137 1016
2115 3316
2115 532
2115 1043
1816 358
3317 3188
3317 2336
633 364
633 1557
633 3318
3319 2654
3319 3320
3319 1692
3319 3321
3319 1392
1844 3156
3322 3204
3322 359
3323 347
3323 462
3324 115
3324 2699
1905 12
3325 980
3326 2905
3326 43
3326 323
3327 710
2020 2932
1507 3328
1507 2871
1507 2716
1507 2887
2052 2372
3329 387
3330 973
3330 3331
1255 263
740 2996
740 2841
740 2450
3332 2288
2626 3333
2626 3084
2443 2125
3334 1029
3334 1531
2593 3335
779 1276
3336 828
3337 107
3337 2190
3338 2062
1463 1633
1052 3339
3302 2692
3302 1736
3302 550
3302 2302
2248 693
3340 3341
3340 2038
459 934
3342 2506
2496 2587
3343 1366
3344 659
3344 2610
3345 1503
3345 2874
2405 3206
2434 3245
3346 2288
3346 1192
3347 2799
3347 474
3347 1572
819 2725
3348 193
3349 2519
2925 2632
3350 2946
1317 3270
1317 3351
1317 3352
1317 2775
2703 491
2703 2479
902 1861
3353 3267
43 49
43 1799
2868 1358
1327 1905
3339 929
1028 1855
1028 2491
828 1328
2789 1356
2789 2076
3354 388
1632 461
3028 993
3355 676
3355 3356
3355 3357
3355 3358
3355 402
2917 1406
2917 265
3359 3340
3359 284
3352 869
3360 1336
3049 3361
3049 1649
3362 429
3363 168
3125 2780
3125 629
3364 1193
2223 3048
2082 1676
3365 3366
3365 3217
2053 3012
3367 2696
3367 909
3368 616
3368 668
3369 102
3369 622
3369 2763
3369 2128
2338 3171
2338 3370
3371 2287
3372 530
3372 2654
3372 2439
3372 431
3372 1060
3372 146
3372 3319
3372 94
3372 2592
3372 2049
3372 1061
775 3186
775 3373
3318 3357
