278 394
0 1
2 3
1 4
5 6
7 8
9 10
11 12
12 13
14 15
16 17
18 19
20 21
22 23
24 25
26 27
28 17
29 30
6 31
32 33
34 35
36 37
38 39
40 41
42 43
44 45
46 47
48 7
49 50
51 52
53 54
7 55
56 57
58 59
8 60
61 62
63 64
65 29
66 2
67 68
1 16
69 18
70 71
72 73
74 27
75 76
77 45
78 79
80 81
57 35
82 59
46 83
58 82
84 85
86 87
88 10
29 40
89 90
59 91
51 20
92 93
94 95
7 96
6 97
46 98
99 100
101 102
21 41
103 104
105 106
99 107
22 108
109 110
92 111
112 113
114 92
115 116
6 117
118 119
4 120
121 58
122 123
124 125
126 23
118 127
56 128
129 34
130 131
88 132
36 133
134 56
135 111
136 137
51 65
138 91
60 55
87 139
65 7
24 33
65 122
140 61
51 141
77 142
143 144
140 48
145 146
69 147
110 148
146 54
149 150
16 28
1 80
65 151
152 79
106 16
106 88
153 58
48 65
154 32
68 137
155 156
145 157
158 94
159 160
56 34
100 161
56 104
116 136
104 57
149 74
11 61
134 129
107 162
163 164
165 43
166 133
167 168
51 48
169 170
171 172
1 79
112 158
162 165
92 173
174 175
176 177
48 178
85 179
12 180
134 79
126 22
51 181
182 147
183 184
65 185
143 163
186 167
1 78
146 187
127 111
48 112
188 146
76 100
48 94
1 56
50 189
13 98
168 190
24 76
191 192
193 159
39 194
195 196
197 100
108 23
24 136
198 169
6 199
200 173
144 146
51 201
91 202
88 9
203 125
25 22
100 138
91 170
21 29
14 204
205 100
166 206
105 133
62 207
100 58
191 139
140 117
131 117
196 208
209 190
48 210
188 211
212 173
172 213
50 214
189 215
166 208
37 84
212 216
164 54
217 166
218 29
135 71
27 191
62 28
88 90
105 25
219 38
220 221
16 25
54 64
133 111
12 222
65 20
91 223
7 210
224 115
225 183
38 165
19 30
203 226
25 33
115 67
91 150
73 227
217 118
130 172
179 228
24 75
52 151
51 229
12 230
50 231
7 95
232 233
229 181
234 235
22 236
43 100
237 117
238 239
48 240
212 111
241 66
242 204
76 146
50 243
96 244
50 28
213 5
16 79
184 156
24 105
161 91
100 91
175 201
119 245
246 141
99 205
247 134
230 248
21 218
54 249
61 28
105 117
227 193
250 219
251 222
252 124
51 7
50 234
200 92
253 254
117 176
4 79
142 225
9 242
48 209
155 124
10 204
255 256
91 257
0 4
225 252
24 146
209 258
10 90
142 230
259 186
260 6
261 148
123 8
147 141
67 262
76 140
111 216
48 113
172 260
140 28
118 245
157 249
120 152
65 263
264 265
258 182
133 266
7 263
255 133
85 195
6 177
11 140
70 253
65 21
51 182
101 75
207 17
72 99
94 244
51 18
254 133
83 251
256 133
267 127
160 257
102 268
194 197
269 270
15 242
48 168
56 81
248 203
271 73
271 265
134 152
272 273
175 246
262 136
85 118
57 128
84 109
28 221
197 121
245 114
132 10
223 73
274 50
140 106
217 267
3 53
228 261
9 14
106 25
182 259
270 153
7 122
62 275
75 140
273 112
187 63
174 240
247 81
257 26
264 276
207 275
257 169
268 11
44 47
271 276
113 178
229 185
12 142
276 99
48 272
59 149
192 86
100 269
242 277
50 215
211 241
24 140
105 140
230 180
226 233
162 250
50 238
100 59
