110 364
0 1
2 3
4 5
6 7
8 9
10 11
12 13
14 4
15 16
0 17
18 9
0 19
2 20
0 5
4 10
6 10
9 21
6 18
9 22
23 24
9 25
26 27
2 28
0 29
9 30
31 32
33 9
34 8
35 13
0 35
36 9
0 37
9 38
2 9
39 40
9 41
2 42
0 4
13 43
44 45
46 5
8 1
47 48
5 38
0 49
0 22
0 41
6 50
32 43
15 50
51 52
25 53
15 45
54 53
50 40
9 55
13 56
6 51
57 58
45 24
6 49
59 47
6 27
13 1
6 60
25 54
44 0
61 62
13 63
9 64
44 23
65 40
61 23
66 67
10 68
6 17
25 62
9 46
49 3
67 3
69 68
55 64
67 42
70 9
6 53
61 64
33 0
6 9
27 23
0 71
4 3
1 68
6 72
14 3
11 1
73 3
31 14
0 55
74 5
75 9
6 52
76 77
27 61
39 1
6 55
14 77
69 7
47 13
75 11
3 78
79 74
80 10
9 5
0 32
3 68
0 72
6 81
38 1
69 25
82 3
54 77
43 10
12 9
23 55
83 40
51 1
17 14
84 27
66 85
0 3
9 42
0 86
61 4
0 62
13 29
87 7
27 64
6 5
49 9
0 7
44 84
15 26
50 55
26 75
0 40
81 3
13 10
69 13
86 87
43 85
32 68
9 3
13 5
13 88
45 9
26 24
9 24
0 52
31 66
9 89
50 90
9 91
54 3
53 7
10 3
6 67
2 25
2 85
0 18
31 9
31 3
91 77
9 73
50 10
8 32
0 74
13 92
34 3
9 16
93 3
50 53
61 1
59 13
74 8
74 3
13 83
33 1
51 93
2 51
6 3
0 9
59 1
94 9
54 1
82 85
93 78
77 67
49 22
9 72
9 1
0 95
34 9
9 96
53 3
2 79
15 40
45 64
6 95
9 97
0 67
6 86
0 77
24 58
27 45
27 9
9 77
9 98
86 74
15 64
6 2
9 61
90 16
50 3
43 3
9 81
68 99
62 68
12 50
79 40
26 65
43 29
53 77
66 25
31 1
20 17
50 51
2 1
79 13
100 27
9 4
13 77
9 85
49 86
74 9
9 71
6 14
2 67
77 101
2 13
13 46
40 5
58 16
0 2
0 82
6 31
51 3
13 85
13 98
9 102
76 9
13 72
8 77
2 22
0 50
22 77
86 22
24 16
33 10
83 3
0 13
21 1
0 53
35 1
6 68
9 58
12 21
2 77
97 3
50 94
13 102
66 9
9 65
10 29
25 67
0 24
13 40
9 11
13 9
0 81
100 16
50 34
0 78
59 17
0 27
32 3
49 87
9 19
9 103
9 104
23 88
9 14
6 0
79 20
44 50
95 3
2 5
79 9
14 58
72 3
9 39
9 93
74 105
15 23
9 7
0 8
9 60
79 85
9 92
0 10
40 72
59 10
106 13
90 9
23 16
19 107
80 77
88 40
80 9
6 32
50 74
29 11
89 3
6 56
75 7
25 42
93 58
102 108
9 43
2 66
106 9
15 84
62 3
75 21
9 107
25 77
21 62
84 9
34 77
24 64
0 93
79 22
13 22
6 4
2 40
0 23
66 42
9 67
9 53
35 9
5 7
13 109
46 7
17 3
95 1
