620 694
0 1
2 3
4 5
6 7
8 9
10 11
12 13
14 15
16 17
18 19
20 21
22 23
24 23
25 23
26 23
27 28
29 30
31 32
33 34
35 23
3 36
37 30
38 32
39 23
40 41
42 43
44 45
46 18
47 48
32 49
50 51
52 53
54 55
56 32
57 58
59 60
61 62
63 64
62 65
32 66
67 68
69 70
71 32
72 73
10 74
75 51
32 17
22 76
77 18
78 79
80 51
81 23
18 82
83 84
85 63
10 86
62 87
88 89
55 90
91 7
9 92
93 94
32 84
95 96
21 40
97 9
63 98
23 99
63 100
63 101
69 102
103 7
104 105
31 23
106 10
107 69
37 10
108 84
21 80
109 40
104 110
23 111
83 112
113 114
115 116
117 118
63 119
120 121
29 122
123 83
124 125
69 126
127 128
63 129
120 130
84 87
32 131
32 132
133 18
134 135
136 18
137 23
138 139
9 102
140 141
57 142
143 51
144 145
146 147
148 141
149 1
32 150
151 18
80 152
7 153
154 63
155 156
157 96
158 32
61 9
32 159
160 3
37 51
97 1
30 111
161 83
120 162
163 164
165 128
120 166
63 167
168 23
169 115
32 164
32 170
10 171
172 173
174 51
62 175
109 130
176 69
93 177
178 179
57 180
181 182
72 183
51 184
185 30
181 186
187 188
23 189
63 7
190 191
192 193
134 9
194 128
29 195
196 41
62 83
197 198
54 199
32 200
32 167
201 28
202 32
203 204
205 18
104 206
207 23
51 1
208 57
51 209
210 57
23 211
212 213
214 62
215 32
39 30
134 199
216 51
217 218
6 3
62 219
23 220
120 29
221 3
222 9
223 224
225 32
226 139
212 1
32 227
228 23
146 229
230 231
232 233
234 235
236 171
120 237
238 62
202 23
239 240
130 1
236 241
242 140
243 224
244 245
134 246
247 248
75 3
249 30
57 250
251 218
196 252
103 32
0 253
207 32
23 197
62 254
4 87
193 255
256 257
258 40
163 259
21 140
57 260
261 262
263 10
232 264
23 30
265 83
23 119
130 10
266 1
267 30
268 269
224 270
271 272
3 273
274 275
37 276
57 277
278 198
279 40
280 281
14 282
120 235
23 98
283 284
181 105
175 29
185 245
120 285
21 30
32 211
286 240
287 32
288 48
289 290
51 291
292 275
265 293
294 163
295 7
296 32
297 163
30 298
299 34
63 99
32 300
254 301
302 303
304 305
306 83
203 307
308 32
309 1
310 9
120 51
311 312
3 313
314 32
315 13
316 10
7 317
55 318
319 218
320 1
167 23
181 6
2 321
322 140
135 32
323 48
324 69
283 23
325 63
326 193
324 79
162 327
328 311
329 284
95 54
330 331
96 199
328 332
268 23
63 333
334 335
268 336
4 143
30 337
338 57
192 339
40 340
341 342
219 343
344 345
346 347
348 291
344 349
350 163
32 351
352 170
327 353
225 23
324 23
354 140
21 32
218 355
154 23
32 356
134 157
357 62
34 358
359 360
23 361
362 163
302 299
23 363
364 111
365 23
4 23
366 48
135 55
104 102
268 32
367 368
63 240
32 369
370 34
371 311
284 10
304 372
32 373
374 7
4 375
376 377
93 378
51 379
380 172
381 30
326 382
224 383
75 32
196 384
197 385
21 386
387 388
324 163
389 155
261 274
51 390
316 391
392 218
203 152
34 393
394 51
29 23
57 395
71 140
396 32
236 102
397 398
33 399
85 400
283 401
23 402
63 403
404 173
405 157
406 155
2 23
232 248
72 407
408 32
409 195
235 18
410 411
9 412
236 413
32 163
32 276
7 414
7 415
416 168
62 221
128 122
417 40
63 202
63 25
23 170
181 418
334 419
420 18
421 422
423 7
424 425
23 403
324 426
427 79
23 163
407 6
368 428
23 150
57 102
130 3
429 430
234 188
370 40
23 337
431 128
22 432
64 23
433 327
434 435
436 437
438 155
130 51
266 439
385 232
440 62
63 441
175 163
63 93
69 442
443 163
366 257
444 23
269 32
103 360
104 445
446 447
448 424
449 198
450 112
118 172
451 23
244 23
452 339
453 18
454 18
455 384
456 255
203 79
178 128
69 110
457 458
181 459
460 33
144 246
461 40
271 462
23 463
464 411
344 293
465 23
466 372
4 16
467 255
468 18
452 29
63 469
456 467
470 23
104 471
472 473
474 23
475 163
261 476
477 47
63 478
175 84
479 18
55 480
481 482
4 324
62 483
218 484
304 485
95 134
486 111
157 55
21 23
228 379
487 163
488 414
134 324
63 489
32 489
333 490
491 492
493 494
181 407
378 495
496 327
32 450
497 128
498 57
80 34
9 499
500 23
185 32
501 502
503 3
504 505
63 252
190 506
507 508
509 510
511 69
57 512
32 513
196 514
57 515
245 516
23 517
518 62
460 178
63 200
519 18
284 51
9 520
32 521
522 224
523 524
525 41
367 271
353 526
140 298
527 218
528 51
196 7
286 529
245 84
37 99
247 232
32 530
62 531
532 235
29 533
534 63
535 418
536 40
537 32
538 539
253 90
243 128
23 540
541 224
542 32
32 543
544 40
330 51
545 546
30 463
69 83
547 492
548 155
344 62
185 40
120 549
550 173
211 140
551 6
519 9
552 10
553 104
554 83
477 83
6 555
40 556
557 385
63 34
558 559
261 560
29 561
257 173
562 563
507 564
565 89
196 178
172 257
32 566
565 567
568 224
304 569
62 570
4 336
72 571
27 232
187 572
261 573
51 378
341 9
574 575
4 576
577 578
84 141
120 97
579 51
466 294
430 580
9 581
155 116
552 246
344 582
63 405
120 14
511 62
244 135
583 436
32 584
78 155
464 585
477 586
587 466
534 32
236 588
130 360
589 422
284 111
40 590
32 591
316 592
9 593
61 10
32 594
85 23
553 84
51 576
595 111
326 360
118 550
343 596
134 30
29 546
57 597
598 599
498 69
245 80
46 7
600 578
6 10
601 602
603 270
604 36
293 128
605 284
606 83
261 607
32 608
120 186
609 18
610 353
611 18
23 84
63 141
63 22
39 80
185 63
185 175
63 31
612 83
34 613
421 614
541 51
545 615
346 457
616 18
617 48
34 508
618 619
32 64
