240 1971
0 1
2 3
4 5
6 7
8 9
10 11
12 13
14 15
16 17
18 19
20 8
8 21
22 11
23 24
25 26
7 27
28 29
30 31
32 33
34 9
11 35
36 17
37 38
39 40
41 42
43 44
45 46
47 17
48 49
50 51
52 2
53 8
0 54
4 20
55 56
57 58
59 35
60 61
58 62
52 63
64 65
66 67
68 26
57 69
70 71
55 72
2 9
23 73
74 71
55 75
76 77
7 17
78 75
79 80
81 82
55 83
22 84
44 85
0 86
7 37
87 11
88 84
7 65
32 48
32 89
23 90
14 33
11 91
92 69
87 65
93 7
94 50
7 95
96 97
55 98
36 32
17 21
45 27
11 8
39 11
99 21
25 5
100 9
55 41
11 21
101 102
55 100
39 3
103 47
11 104
105 106
57 92
107 108
72 51
48 7
109 110
59 12
111 112
113 17
55 62
103 114
18 14
115 11
116 21
72 114
18 5
66 7
14 117
100 8
111 63
39 118
47 119
32 120
57 5
18 121
39 122
59 123
3 82
124 95
88 53
88 125
68 126
45 74
127 69
74 128
120 129
130 131
57 127
109 132
108 131
50 133
100 65
11 134
25 102
55 19
39 121
30 11
46 129
1 74
135 27
39 62
122 84
12 11
0 58
28 109
136 35
59 91
51 27
7 137
68 44
138 126
57 139
140 75
94 69
4 141
142 88
55 22
47 63
138 23
103 84
123 11
143 144
136 120
8 145
76 75
39 84
23 35
100 63
58 126
32 11
32 146
39 147
73 133
68 148
4 129
63 91
123 142
0 135
39 114
149 150
68 57
151 116
125 35
152 68
114 153
109 8
41 83
120 154
5 21
138 43
135 5
55 155
32 156
85 83
92 154
122 35
143 75
88 21
39 74
101 97
157 17
158 19
74 129
32 126
39 88
55 159
160 143
152 74
10 97
55 161
70 51
119 162
35 9
79 45
47 121
10 96
163 149
32 8
108 128
116 137
24 8
6 21
62 11
164 165
101 130
166 167
23 140
12 168
35 169
119 170
108 130
92 5
142 97
88 111
20 14
7 73
171 33
47 8
103 88
24 42
11 130
64 11
141 172
2 21
173 129
23 170
39 89
174 163
59 8
23 89
111 125
50 80
23 171
104 8
28 19
152 128
3 21
50 61
118 8
2 175
0 128
110 102
55 136
176 115
23 106
173 121
108 177
73 61
163 147
28 158
135 46
4 92
109 178
8 154
0 2
50 26
169 13
101 61
163 164
179 71
163 158
55 70
54 74
126 99
47 11
45 61
162 121
96 8
84 8
127 5
5 86
163 180
0 181
39 112
14 63
182 183
52 7
56 121
75 184
7 99
171 178
55 6
23 7
185 186
7 187
103 12
119 13
46 181
188 121
54 69
103 111
124 99
12 111
55 189
11 42
163 190
100 147
12 16
39 94
109 191
50 126
189 153
119 17
125 91
1 192
127 74
75 183
103 170
174 175
135 126
38 11
120 61
45 127
47 163
92 61
127 50
32 128
193 15
52 47
185 118
39 66
7 115
50 172
185 11
50 21
194 69
45 177
163 195
58 102
163 77
74 196
65 154
76 158
107 70
103 34
55 109
55 74
55 197
55 177
22 17
94 5
32 2
188 82
120 99
143 8
101 65
14 183
53 91
27 71
25 7
32 191
101 44
176 43
109 115
23 161
52 12
37 11
121 13
55 116
5 61
120 172
198 165
155 140
50 65
17 153
39 123
86 61
7 162
199 75
127 61
18 101
200 201
108 46
142 27
86 154
62 89
51 181
108 74
82 75
7 189
23 8
32 202
198 8
127 135
69 102
94 26
14 182
23 191
23 175
18 133
14 78
23 101
109 194
133 177
54 7
79 21
74 194
56 75
107 176
7 72
55 96
19 156
12 118
17 168
32 49
7 43
141 42
55 81
102 61
12 63
101 176
10 37
55 176
142 53
203 89
79 26
175 183
50 25
120 148
164 35
14 204
7 205
23 172
53 97
30 114
201 132
30 141
72 147
23 48
50 154
39 193
185 3
41 153
136 187
47 122
101 133
163 21
206 90
54 46
23 158
14 125
18 75
2 90
39 136
4 61
138 74
58 154
59 11
109 207
136 146
2 7
187 89
14 86
176 14
202 72
116 30
203 8
23 127
67 169
96 111
159 102
7 207
84 35
129 61
123 91
165 8
127 51
14 75
7 92
201 21
201 147
55 14
110 172
37 12
55 114
2 106
46 208
7 209
108 139
101 111
37 63
108 194
10 165
32 26
46 131
46 148
203 169
185 199
4 46
109 41
95 8
45 71
39 90
92 102
97 21
17 9
29 145
0 136
43 26
210 127
68 127
124 116
122 76
111 8
168 21
80 65
32 174
121 183
68 61
14 140
14 163
37 97
124 7
57 74
55 110
74 17
68 181
123 2
109 129
39 177
41 14
108 69
68 75
7 148
92 139
43 181
18 27
14 195
164 12
211 7
23 178
137 189
4 27
103 142
72 145
102 154
7 169
152 46
123 12
27 86
46 102
57 86
29 148
171 172
72 8
23 168
2 163
65 99
17 147
57 181
159 33
189 49
212 148
103 27
116 35
109 106
23 129
60 180
7 89
43 172
142 8
29 7
83 153
59 185
0 57
53 63
5 73
127 115
55 38
59 37
170 11
116 8
163 206
2 136
213 2
21 13
10 88
149 77
50 43
55 199
136 21
55 88
39 97
212 7
23 11
7 120
68 71
59 63
214 136
189 8
23 115
69 61
103 164
103 7
88 12
7 215
55 37
171 191
128 130
39 104
92 40
4 45
68 58
176 50
194 172
55 129
163 183
139 102
55 125
152 70
12 27
199 147
39 109
2 203
10 123
75 192
32 92
79 50
35 104
152 130
106 35
69 11
163 7
55 216
106 11
120 46
43 217
142 73
111 11
114 189
68 194
165 12
74 11
8 218
165 118
23 19
176 54
55 167
7 8
32 24
210 108
109 32
138 58
55 59
54 185
2 11
39 7
94 74
164 125
149 7
55 97
71 172
216 17
100 112
37 185
32 194
73 139
69 26
37 88
70 181
37 164
18 76
74 102
145 9
18 171
39 23
12 91
68 135
27 38
152 5
159 8
149 21
152 50
55 35
55 142
31 199
101 142
79 126
55 79
27 181
51 139
0 129
193 219
92 46
11 153
2 96
44 154
45 58
100 170
166 121
4 50
193 35
43 183
171 7
110 133
55 170
0 194
57 194
141 139
8 147
0 196
4 130
199 8
103 8
0 71
108 7
55 147
123 111
69 139
39 21
11 175
30 7
23 29
58 46
123 7
46 139
2 37
7 106
107 139
69 128
0 44
14 25
55 115
2 97
109 101
2 91
27 11
152 212
193 168
39 42
55 45
136 183
55 145
103 52
27 102
30 120
75 178
178 102
216 62
55 220
46 133
7 5
14 196
68 45
55 213
27 128
11 17
107 102
27 97
79 92
11 63
39 149
79 46
32 140
7 110
122 14
109 11
111 168
212 176
17 24
59 142
72 13
5 148
103 3
122 125
20 65
68 176
194 71
55 137
69 86
163 90
39 95
163 209
14 71
135 86
68 70
65 148
37 53
138 32
23 221
163 222
74 181
14 51
101 86
22 38
103 204
212 32
120 126
135 69
123 27
110 11
152 107
28 76
155 89
55 53
80 154
211 166
0 172
59 53
163 16
18 127
68 92
10 53
166 207
55 85
55 9
31 132
55 107
122 112
97 147
101 71
55 122
50 181
55 87
18 135
55 174
76 140
90 35
94 92
198 11
10 91
10 111
72 178
58 27
74 133
5 181
83 13
109 119
67 223
48 17
14 92
163 110
65 189
101 108
88 35
75 17
189 83
0 148
54 5
55 112
27 172
72 42
126 141
107 148
167 147
18 156
220 83
14 121
113 163
121 42
45 70
224 58
69 172
74 51
92 51
120 75
103 112
7 201
122 169
190 169
70 58
65 26
7 24
142 35
60 11
8 153
129 42
23 75
176 46
55 166
165 22
37 125
157 23
44 225
126 132
65 11
123 53
104 168
102 181
70 139
55 3
23 194
59 2
217 51
23 64
0 94
102 177
119 8
55 80
74 126
35 42
173 154
101 172
114 141
204 17
226 189
32 63
5 130
159 181
72 86
10 2
53 104
2 227
103 22
0 133
0 139
54 194
135 70
136 19
180 17
164 198
57 51
12 97
4 73
109 175
17 8
31 183
108 50
28 55
103 76
101 54
135 73
219 8
120 181
103 100
39 50
37 111
107 79
228 0
2 42
4 18
116 141
27 61
57 54
2 38
103 95
5 26
14 102
74 58
101 70
55 141
14 84
14 223
55 76
100 193
139 61
109 121
36 163
45 65
0 51
74 183
182 150
163 185
69 181
123 8
4 115
68 18
7 102
12 53
224 135
97 13
163 84
7 140
50 208
123 88
94 73
159 172
161 31
110 181
2 53
11 15
55 89
142 11
63 8
12 38
21 42
113 7
165 84
174 229
58 172
28 18
2 165
210 130
101 135
0 26
7 175
46 199
101 50
68 54
111 27
68 32
50 199
58 33
7 44
115 208
43 92
125 8
119 175
137 83
188 95
142 7
163 49
74 25
6 193
18 110
2 218
7 170
43 86
109 13
14 129
186 132
23 92
50 131
4 75
142 205
52 164
109 120
109 220
203 7
128 223
115 230
109 127
57 120
27 199
50 130
51 154
163 215
0 23
142 91
108 102
74 92
46 61
12 84
50 117
55 175
53 35
118 35
32 189
142 111
109 174
58 73
32 84
50 70
10 27
136 170
55 30
39 220
126 42
171 27
164 22
88 104
50 194
8 13
45 154
68 172
109 72
92 62
60 172
93 17
29 155
159 26
32 97
55 173
216 130
23 74
108 61
112 21
75 231
25 70
55 219
58 218
185 95
199 129
39 170
23 141
93 209
136 26
135 181
127 131
76 2
213 121
107 208
25 43
127 43
55 183
30 153
8 168
107 65
64 83
136 8
20 62
32 161
23 174
14 128
7 33
55 131
178 172
55 221
0 130
68 25
101 154
25 110
32 27
55 42
62 21
92 64
90 8
163 74
68 139
232 105
12 22
143 209
7 26
58 5
47 164
169 42
51 82
16 8
7 15
88 91
109 62
165 35
166 187
53 84
7 49
163 216
39 201
92 120
2 50
55 168
0 176
158 17
58 69
36 100
171 70
194 181
111 91
79 65
93 14
123 35
0 70
42 147
5 131
100 21
5 129
11 13
52 22
14 216
47 72
55 162
101 58
2 30
43 129
121 147
70 133
69 126
74 87
70 154
168 42
164 17
18 0
152 51
0 32
7 155
95 21
64 130
171 74
0 102
32 201
26 178
233 11
5 133
55 117
120 80
4 210
18 108
86 177
127 70
5 172
73 172
107 7
121 8
12 125
8 42
64 153
59 88
7 9
125 63
122 12
234 7
213 21
194 86
112 8
228 50
76 125
64 95
136 121
55 217
22 35
55 40
23 32
45 50
7 118
235 201
55 222
50 86
91 21
45 139
37 27
120 139
79 25
119 31
151 7
32 57
135 33
66 2
136 119
7 167
105 201
206 17
103 63
29 200
0 21
107 130
174 147
70 102
25 73
76 7
124 14
31 147
39 116
0 87
2 77
92 27
125 77
114 83
122 17
54 61
70 172
139 192
93 145
122 22
55 104
175 8
171 110
109 19
76 156
46 128
226 7
25 154
194 5
7 11
101 7
109 75
55 2
73 86
7 12
2 142
174 215
127 194
190 164
45 194
136 11
138 102
122 164
10 63
55 10
50 129
26 130
7 184
92 132
59 21
123 185
101 129
14 194
111 97
61 177
25 141
50 178
20 154
67 72
52 11
175 121
20 40
141 130
203 112
7 150
152 55
122 100
7 111
28 156
37 90
185 141
53 21
74 130
68 23
11 84
4 43
68 102
38 35
28 8
163 24
194 102
68 1
55 11
101 170
2 12
152 177
55 231
149 35
8 131
188 147
223 13
152 141
39 59
1 50
57 70
59 97
68 4
7 87
30 185
119 83
46 172
7 82
152 101
116 189
25 92
103 122
74 61
108 172
122 11
176 74
135 61
181 61
14 17
109 23
142 38
110 17
90 147
201 8
226 177
14 167
37 13
26 33
105 195
181 154
111 38
55 73
55 50
157 7
103 6
59 38
55 66
103 59
45 5
118 63
12 35
30 168
193 21
19 140
224 208
55 25
74 44
2 112
236 136
55 99
39 13
149 8
144 17
181 71
127 177
164 84
70 86
58 133
84 17
109 2
193 8
129 223
105 185
7 81
79 154
53 13
6 8
213 7
120 130
47 12
107 61
190 114
151 8
7 21
39 6
109 187
25 65
175 35
10 142
4 131
138 0
72 24
57 224
2 8
88 11
57 61
57 50
30 13
100 11
163 22
70 5
29 65
62 8
120 71
107 92
174 96
170 38
32 219
157 100
39 175
1 237
185 63
157 163
160 7
136 147
135 7
50 128
55 63
135 92
20 92
143 145
122 63
120 65
127 154
39 91
122 8
55 179
105 136
17 77
25 120
102 133
83 21
47 165
48 163
79 58
32 158
23 26
58 87
185 187
43 61
76 38
31 209
211 143
7 161
25 33
101 26
119 132
164 8
39 0
58 51
105 7
127 120
50 102
1 56
120 156
204 8
5 51
10 164
190 17
120 58
55 201
124 8
174 136
194 27
123 21
27 139
109 26
109 89
125 53
157 34
144 8
18 61
214 55
55 26
73 102
50 71
88 63
135 26
32 175
88 97
114 82
14 119
74 172
64 131
108 43
17 195
136 3
16 11
7 220
174 97
93 143
163 17
68 109
123 37
55 20
0 45
55 232
73 199
55 171
32 42
45 26
19 42
1 139
108 120
10 12
136 185
54 108
176 130
213 147
122 13
104 21
0 61
107 172
102 172
164 11
23 27
163 9
155 19
53 38
226 171
7 204
111 35
55 44
55 24
92 86
31 21
127 102
39 55
41 147
30 8
142 125
94 33
93 163
120 86
163 119
55 121
173 8
122 96
100 149
116 114
41 7
126 201
100 7
39 83
50 7
7 141
18 120
203 9
2 62
86 102
163 168
142 12
55 123
55 229
32 132
3 75
55 21
35 8
109 158
150 118
143 200
137 153
78 133
93 75
35 91
64 154
1 133
38 21
54 50
49 148
55 57
152 102
152 92
228 43
17 209
43 128
142 126
7 64
94 14
58 177
30 189
7 153
1 120
2 147
23 187
68 129
165 17
109 185
29 164
11 222
7 147
122 163
50 58
76 23
114 21
36 23
108 27
52 198
103 201
30 137
39 2
55 95
31 223
151 161
137 114
55 144
74 199
74 148
6 2
142 37
39 10
50 135
37 35
32 168
45 102
23 2
25 27
137 64
97 91
3 8
2 173
32 220
103 198
4 110
23 128
112 35
142 185
23 185
23 120
205 223
82 11
39 8
4 26
179 11
129 130
6 185
14 215
88 38
100 35
63 97
39 38
171 92
103 165
2 22
32 170
57 130
22 8
43 102
92 70
94 65
55 119
0 92
53 11
152 210
75 172
50 196
7 19
55 13
141 131
151 32
114 8
55 94
73 181
1 7
55 92
55 154
107 135
55 193
68 117
109 35
68 86
163 165
194 58
69 71
194 61
135 120
151 143
55 226
0 108
211 100
4 212
30 83
94 159
46 65
170 121
171 26
51 102
238 7
32 62
116 153
59 10
185 106
111 53
108 60
107 88
57 108
122 2
37 106
2 100
75 218
100 118
52 165
58 110
18 155
28 7
208 131
25 51
55 8
32 129
152 27
93 100
109 147
34 7
55 108
105 222
7 42
171 120
100 17
151 233
163 11
233 32
2 201
239 183
68 154
55 23
101 45
23 62
14 180
23 207
127 27
64 141
174 2
92 58
225 128
54 177
143 114
55 84
108 148
45 69
14 7
23 110
23 21
157 32
7 191
136 141
163 170
25 69
55 118
219 17
35 99
227 38
39 168
57 46
127 130
68 108
39 213
27 126
74 26
5 128
163 144
109 21
55 120
100 190
20 74
28 200
74 135
7 53
182 7
186 11
152 120
7 71
140 42
181 130
76 193
185 111
100 90
55 5
39 99
143 164
12 104
74 204
46 26
23 33
18 70
59 170
7 56
92 177
17 222
4 0
94 120
43 139
32 90
123 97
74 208
11 218
228 73
48 2
139 133
55 200
165 63
0 25
161 153
7 131
41 137
116 131
125 11
185 42
18 7
14 31
220 8
50 92
14 237
37 91
185 218
70 199
25 61
7 185
55 12
68 133
74 86
55 227
101 10
200 153
163 75
174 51
55 93
2 17
7 46
163 219
59 111
116 7
100 163
185 8
2 117
135 102
92 110
73 33
109 138
17 183
50 139
62 154
176 131
171 159
55 32
11 97
39 53
45 7
27 53
238 167
49 17
116 95
174 60
197 133
76 32
101 92
152 0
96 11
185 154
79 120
25 46
142 21
5 199
55 65
55 7
211 96
233 8
109 212
79 7
109 24
7 173
55 111
143 15
109 157
109 73
5 49
7 119
70 61
133 172
74 139
26 154
32 187
65 132
7 181
15 177
72 156
11 169
39 32
232 98
2 164
10 38
5 102
165 11
46 130
194 148
155 156
4 74
35 218
0 199
23 212
47 22
7 190
5 139
0 127
30 35
100 206
143 21
61 172
174 129
39 142
146 42
1 73
55 90
27 133
118 11
108 5
171 117
120 102
171 50
92 65
55 91
109 0
101 32
201 168
82 145
6 140
57 159
20 11
68 87
55 4
39 30
109 170
163 153
116 83
107 100
43 201
85 181
82 99
163 204
7 133
4 101
32 115
101 181
129 181
34 11
97 168
