754 895
0 1
0 2
3 4
3 5
6 7
6 8
4 9
8 10
11 12
11 13
14 15
14 13
16 17
16 18
19 20
19 21
20 22
23 24
23 25
25 26
27 28
27 29
30 26
30 31
31 32
32 33
33 34
33 35
33 36
34 37
38 39
38 40
38 41
38 42
43 44
43 41
45 46
45 47
48 49
48 50
51 52
51 53
51 54
55 56
55 57
58 59
58 60
58 42
57 61
57 62
57 63
57 64
57 65
66 67
66 68
67 69
70 71
70 72
73 72
74 75
74 76
76 77
69 75
69 78
69 79
69 80
81 82
81 83
82 84
82 85
86 87
86 83
88 89
88 90
90 91
90 79
84 92
84 93
92 94
92 95
92 96
40 97
98 99
98 100
101 102
101 103
103 100
100 87
104 105
104 106
107 59
107 105
107 87
102 108
102 60
105 87
87 72
87 109
110 111
110 112
110 113
114 115
114 28
115 116
117 118
117 119
118 120
121 122
121 123
121 124
125 119
125 126
126 127
126 128
126 129
129 130
129 131
132 133
132 134
132 135
128 136
136 137
137 138
111 139
140 141
140 39
140 142
29 143
144 145
144 146
144 147
148 149
148 150
151 85
151 152
152 153
152 154
152 155
153 156
157 158
157 155
159 154
160 155
161 162
161 163
162 164
165 166
165 167
168 169
168 170
168 171
63 172
63 173
172 174
142 175
175 141
175 176
177 178
179 180
174 178
181 182
183 184
183 141
180 185
186 184
186 187
186 141
188 189
188 141
189 190
141 191
191 182
192 193
192 194
195 196
195 197
197 198
194 199
200 201
200 202
201 193
193 203
193 204
203 205
199 77
206 207
206 208
209 210
209 211
133 212
133 213
214 215
214 216
138 215
217 131
217 215
218 5
218 219
50 219
9 220
220 1
221 222
221 223
222 224
225 226
225 223
223 227
228 229
228 230
231 232
231 226
233 234
233 229
233 232
235 236
235 232
232 237
232 238
239 240
239 241
242 243
242 216
244 245
244 246
245 247
170 248
170 249
250 246
246 251
116 252
116 253
254 255
254 256
256 257
258 259
258 260
258 261
262 263
262 264
265 89
265 266
265 267
268 269
270 271
270 272
270 273
270 274
275 276
275 146
277 278
277 279
277 280
281 282
281 283
284 285
284 286
284 287
284 288
285 289
289 290
289 291
290 287
290 292
130 293
293 294
294 288
295 127
295 291
296 297
296 298
296 299
297 300
297 301
297 302
303 304
303 305
106 306
106 307
307 44
307 308
308 309
309 306
309 299
310 311
61 312
313 169
313 314
313 312
315 316
315 56
316 317
318 319
318 320
319 321
322 323
322 324
324 325
325 326
326 327
326 112
326 292
327 328
328 329
328 330
331 332
331 333
330 333
334 335
334 336
334 337
337 338
241 339
241 340
340 341
341 342
342 343
338 37
344 345
344 346
347 348
347 349
347 18
347 320
347 350
351 352
351 314
351 52
351 349
351 353
354 355
354 356
354 357
358 359
358 360
358 361
300 362
300 363
190 362
190 302
190 364
365 362
365 363
366 362
366 367
366 368
367 369
364 370
364 368
368 370
368 187
371 372
371 99
371 373
374 375
374 376
375 377
68 378
379 380
379 381
380 382
383 381
383 167
384 22
384 382
377 385
385 382
96 71
94 93
95 386
387 388
387 386
93 389
390 72
72 391
386 391
392 391
392 393
394 395
394 396
394 389
394 388
394 397
394 398
208 17
399 400
399 401
399 402
1 273
273 46
402 17
403 404
403 405
403 406
89 91
405 17
406 350
49 10
49 407
408 362
408 409
410 411
410 412
372 373
99 413
414 415
414 416
416 417
416 418
416 419
413 85
420 421
420 422
421 417
422 423
424 425
424 97
278 426
279 427
279 428
287 429
430 243
430 431
432 85
432 433
434 435
434 436
434 437
433 438
433 439
154 438
440 441
440 431
24 442
443 444
443 445
446 158
446 447
447 164
448 449
448 264
450 451
450 452
135 451
453 158
453 454
449 454
455 204
455 283
455 456
457 458
459 458
459 460
459 461
423 462
463 464
463 462
463 465
333 176
462 466
462 176
460 323
108 60
108 373
467 468
467 469
468 397
470 471
470 472
185 473
185 474
473 475
474 476
477 476
477 478
476 478
479 475
479 480
480 478
15 481
482 91
482 483
484 485
484 35
35 442
426 335
426 486
485 487
488 489
488 486
488 483
486 12
486 427
112 490
491 207
491 492
489 493
489 280
494 495
494 496
495 257
497 252
497 498
498 499
499 500
500 501
500 502
501 503
503 504
505 226
505 255
224 255
506 507
506 508
255 507
509 230
508 230
510 230
510 511
317 314
317 369
39 512
182 513
451 514
343 345
123 515
123 122
516 517
516 518
519 429
519 286
520 521
520 522
286 523
286 524
525 515
525 521
526 515
526 524
524 527
304 528
528 529
336 13
530 531
272 532
272 531
357 210
435 529
529 533
533 534
533 535
535 534
64 536
65 537
537 538
536 538
539 540
539 541
538 540
542 541
542 248
543 544
543 412
353 545
352 56
247 546
547 339
547 548
547 549
240 251
396 550
396 551
389 550
348 552
348 553
56 554
555 556
555 511
511 557
558 146
147 149
149 559
560 561
560 562
561 563
540 564
540 565
564 566
567 411
567 568
568 356
362 569
362 570
411 565
571 572
571 471
569 573
574 575
574 576
566 577
409 578
578 445
579 580
579 581
580 582
583 584
583 581
585 487
585 456
586 487
586 456
586 587
582 487
283 456
456 588
496 589
496 590
589 591
590 150
150 592
150 593
592 594
559 595
559 594
559 596
597 518
593 518
596 518
563 598
563 599
7 599
598 600
600 601
601 602
602 603
603 604
604 21
605 606
605 607
213 134
213 124
606 608
606 609
606 124
610 611
610 608
124 134
612 613
612 614
612 615
616 611
493 428
493 617
263 261
260 238
618 514
618 614
618 452
234 619
620 621
620 622
238 619
619 623
624 625
624 626
625 627
628 629
628 626
514 439
514 452
629 630
629 522
441 630
631 622
631 632
631 633
632 634
633 613
635 613
635 636
556 637
637 621
636 638
639 640
634 641
634 642
42 643
42 644
643 644
645 644
645 465
646 465
465 176
647 573
647 648
649 369
649 650
301 651
301 652
652 653
653 654
654 299
404 573
404 650
266 655
267 91
267 656
656 17
656 360
656 655
361 17
359 657
481 657
502 382
173 658
659 145
659 504
660 661
660 662
663 664
663 661
665 492
665 47
650 576
650 666
667 664
667 492
444 207
444 668
668 669
670 671
670 253
672 671
672 504
591 673
673 674
673 675
674 671
205 617
253 675
617 282
562 676
562 677
236 259
259 678
259 679
259 163
678 679
678 680
237 681
681 682
227 682
227 680
680 518
552 553
407 683
143 684
113 490
345 355
685 546
685 686
546 687
546 119
688 686
688 549
548 689
687 689
687 690
691 692
691 693
691 513
690 694
695 249
695 211
677 696
677 697
697 696
698 699
698 696
700 701
212 702
212 703
676 704
676 166
696 704
696 276
439 705
439 706
706 702
702 707
85 703
703 707
376 684
169 708
709 321
709 475
475 53
305 710
305 436
346 711
711 712
712 577
425 651
302 97
658 52
713 714
713 715
714 716
716 196
378 717
717 91
202 715
534 532
627 572
269 718
269 710
46 47
46 274
699 719
699 720
393 721
452 638
398 719
395 722
722 595
701 723
701 724
725 551
725 726
720 723
437 718
437 271
271 669
669 727
311 727
469 728
728 729
729 721
518 730
291 694
415 323
323 466
523 527
527 417
466 731
731 732
732 417
733 734
733 472
734 735
557 735
726 736
730 736
737 517
737 736
492 662
623 642
623 641
642 615
738 613
738 640
551 156
156 736
207 739
207 666
693 249
584 740
248 741
692 249
329 742
742 249
249 741
249 139
743 744
743 36
13 744
745 554
745 746
745 747
745 553
747 369
747 648
369 746
401 400
588 748
588 198
740 749
739 662
662 78
80 400
683 2
750 751
751 752
752 753
753 198
748 749
