221 704
0 1
0 2
0 3
0 4
0 5
0 6
1 7
1 2
1 3
1 8
1 9
1 10
1 4
1 5
7 11
7 9
7 12
7 13
7 10
7 4
11 14
11 9
11 12
11 15
11 13
11 10
14 16
14 12
14 17
14 18
14 15
14 13
2 3
2 19
2 20
2 5
2 6
2 21
3 8
3 9
3 19
3 20
3 22
8 9
8 20
8 22
9 12
16 12
16 17
16 23
16 24
16 25
16 18
16 15
19 20
19 26
19 6
19 21
19 27
20 26
20 22
20 28
20 29
20 30
12 17
17 23
17 24
23 24
23 31
23 32
23 33
23 34
23 35
23 25
23 18
26 28
26 36
26 30
26 37
26 21
26 27
26 38
24 22
24 29
24 32
22 28
22 29
22 32
28 29
28 30
28 39
28 40
31 41
31 42
31 34
31 43
31 44
31 35
31 25
41 42
41 45
41 46
41 34
41 43
41 47
42 45
42 46
42 48
42 49
42 44
42 35
36 30
36 50
36 37
36 51
36 27
36 38
36 52
36 53
29 32
29 40
29 33
32 40
32 33
30 39
30 40
30 54
30 37
45 46
45 43
45 47
45 55
45 56
45 57
46 48
46 58
46 56
46 57
46 59
39 40
39 54
39 37
48 58
48 60
48 61
48 49
48 44
58 60
58 57
58 59
60 62
60 63
60 61
60 49
60 59
60 64
50 65
50 51
50 38
50 52
50 66
50 53
40 33
33 34
34 43
43 67
43 47
67 54
67 51
67 68
67 47
62 69
62 70
62 63
62 61
62 59
62 64
62 71
65 72
65 73
65 52
65 66
65 74
65 53
72 75
72 73
72 76
72 77
72 78
72 79
72 80
72 53
75 76
75 77
75 81
75 78
75 79
75 82
75 83
75 84
54 37
54 51
37 51
51 68
51 47
51 80
51 53
69 85
69 86
69 70
69 63
69 64
69 71
69 87
69 88
69 89
73 76
73 90
73 66
73 74
73 91
76 77
76 90
76 92
77 90
77 92
77 93
77 83
77 84
90 92
90 94
90 74
90 91
90 95
92 94
92 96
92 97
92 93
92 83
94 96
94 97
94 98
94 91
94 95
94 99
68 47
68 55
68 80
68 53
47 55
47 56
85 100
85 101
85 86
85 70
85 88
85 89
85 102
96 103
96 97
96 104
96 105
96 93
103 106
103 97
103 104
103 107
103 102
103 105
103 93
106 100
106 104
106 107
106 108
106 102
106 105
100 107
100 108
100 109
100 101
100 86
100 89
100 102
97 104
97 98
97 110
97 111
104 107
104 111
104 112
104 113
107 108
107 113
107 114
107 115
108 115
108 116
108 117
108 109
108 101
98 110
98 118
98 99
98 119
110 111
110 118
110 120
111 112
111 118
111 120
111 121
112 113
112 120
112 121
112 122
113 114
113 121
113 122
113 123
114 115
114 122
114 123
114 124
115 123
115 124
115 116
118 120
118 125
118 99
118 119
118 126
120 121
120 125
120 127
121 122
121 125
121 127
121 128
122 123
122 127
122 128
122 129
123 124
123 128
123 129
123 130
123 131
123 132
124 116
124 129
124 130
124 117
124 131
124 132
116 130
116 133
116 134
116 135
116 117
116 109
116 131
125 127
125 136
125 119
125 126
125 137
127 128
127 136
127 138
128 129
128 136
128 138
128 139
129 130
129 138
129 139
129 140
130 139
130 140
130 133
136 138
136 141
136 126
136 137
136 142
138 139
138 141
138 143
139 140
139 141
139 143
139 144
140 133
140 143
140 144
133 144
133 145
133 146
133 147
133 134
133 148
133 135
133 117
141 143
141 149
141 137
141 142
141 150
143 144
143 149
143 151
144 149
144 151
144 145
149 151
149 152
149 142
149 150
149 153
151 145
151 152
151 154
145 152
145 154
145 146
145 147
145 155
145 148
152 154
152 156
152 157
152 150
152 153
154 156
154 158
154 146
154 155
156 159
156 158
156 155
156 157
156 153
156 160
159 158
159 161
159 162
159 157
159 160
159 163
158 146
158 162
146 147
146 162
146 164
147 134
147 164
147 165
134 165
161 162
161 166
161 167
161 160
161 163
162 164
162 167
162 168
164 165
164 169
164 167
164 168
165 169
166 170
166 167
166 163
166 171
166 172
169 168
170 167
170 173
170 174
170 171
170 172
170 175
167 168
167 176
167 174
168 176
176 174
173 174
173 177
173 178
173 172
173 175
173 179
174 178
177 178
177 180
177 181
177 175
177 179
177 182
178 180
178 181
180 181
180 183
180 184
180 179
180 182
180 185
181 183
181 184
183 184
183 186
183 187
183 182
183 185
183 188
184 186
184 187
186 187
186 189
186 190
186 185
186 188
186 191
187 189
187 190
189 190
189 192
189 193
189 188
189 191
189 194
190 192
190 193
192 193
192 195
192 196
192 191
192 194
192 197
193 195
193 196
195 196
195 198
195 199
195 194
195 197
195 200
196 198
196 199
198 199
198 201
198 202
198 197
198 200
198 203
199 201
199 202
201 202
201 200
201 203
155 157
155 204
155 148
157 204
157 205
157 206
157 153
157 207
157 160
157 208
204 205
204 148
205 206
205 209
205 148
205 210
206 209
206 153
206 207
206 160
206 208
209 210
148 210
148 135
210 135
135 117
117 109
117 131
109 101
101 86
86 70
70 63
63 61
61 49
49 44
44 35
35 25
25 18
18 15
15 13
13 10
10 4
4 5
5 6
131 132
6 21
21 27
27 38
38 52
52 66
66 74
74 91
91 95
95 99
95 211
99 211
99 119
99 212
211 119
211 212
119 212
119 126
119 213
212 126
212 213
126 213
126 137
126 214
213 137
213 214
137 214
137 142
137 215
214 142
214 215
142 215
142 150
142 216
215 150
215 216
150 216
150 153
150 207
216 153
216 207
153 207
160 208
160 163
160 217
208 163
208 217
163 217
163 171
217 171
171 172
172 175
175 179
179 182
182 185
185 188
188 191
191 194
194 197
197 200
200 203
55 56
56 57
57 59
59 64
64 71
71 218
71 219
71 87
218 81
218 82
218 219
218 87
81 78
81 82
81 219
78 79
78 82
79 80
79 53
80 53
82 219
82 84
82 220
219 87
219 88
219 84
219 220
87 88
87 220
88 89
88 220
89 102
102 105
105 93
93 83
83 84
84 220
