61 248
0 1
0 2
0 3
0 4
0 5
6 7
6 1
6 8
6 9
6 10
6 11
6 12
6 13
14 7
14 2
14 15
14 16
14 17
14 18
14 19
14 20
7 21
7 22
7 1
7 8
7 2
7 15
7 9
7 10
7 5
7 11
7 12
7 13
7 23
7 16
7 17
7 18
7 24
7 19
7 20
7 25
7 26
7 27
21 22
21 28
21 8
21 29
21 13
21 23
21 30
21 24
21 25
21 26
21 31
21 32
33 22
33 15
33 34
33 35
33 27
33 36
33 37
33 38
22 28
22 39
22 15
22 34
22 24
22 20
22 25
22 26
22 31
22 35
22 27
22 36
22 32
22 37
22 38
22 40
22 41
22 42
28 39
28 43
28 26
28 31
28 32
28 40
28 41
28 44
28 45
46 39
46 34
46 47
46 48
46 42
46 49
46 50
46 51
39 43
39 52
39 34
39 47
39 32
39 38
39 40
39 41
39 44
39 48
39 42
39 49
39 45
39 50
39 51
39 53
39 54
39 55
43 52
43 41
43 44
43 45
43 53
43 54
43 56
43 57
58 52
58 47
58 59
58 55
58 60
52 47
52 45
52 51
52 53
52 54
52 56
52 59
52 55
52 60
52 57
1 2
1 3
1 9
1 4
1 5
1 11
1 12
1 17
8 10
8 29
8 12
8 13
8 23
8 30
8 24
2 3
2 4
2 5
2 11
2 16
2 17
2 18
15 18
15 19
15 20
15 25
15 35
15 27
15 36
34 36
34 37
34 38
34 40
34 48
34 42
34 49
47 49
47 50
47 51
47 53
47 59
47 55
47 60
3 4
3 5
9 11
9 12
10 12
10 13
29 23
29 30
4 5
5 11
5 17
11 12
11 17
12 13
13 23
13 24
23 30
23 24
16 17
16 18
17 18
18 19
18 20
24 25
24 26
19 20
20 25
20 27
25 26
25 27
26 31
26 32
31 32
35 27
35 36
27 36
36 37
36 38
32 40
32 41
37 38
38 40
38 42
40 41
40 42
41 44
41 45
44 45
48 42
48 49
42 49
49 50
49 51
45 53
45 54
50 51
51 53
51 55
53 54
53 55
54 56
54 57
56 57
59 55
59 60
55 60
