250 1607
0 1
2 3
4 5
6 7
8 9
10 11
12 13
14 15
16 17
18 19
20 21
22 23
24 15
25 26
2 27
12 28
15 29
6 30
31 32
17 33
34 35
36 37
21 38
20 39
4 40
41 42
43 32
44 45
9 46
47 48
49 50
41 11
51 52
53 54
12 55
4 50
28 56
57 58
59 21
60 29
61 33
15 62
63 64
65 66
12 67
68 40
51 27
12 17
12 69
70 71
28 15
36 7
72 73
44 74
28 75
76 77
78 79
12 6
12 37
80 81
12 82
55 83
84 6
85 86
15 87
41 46
45 50
88 41
15 89
90 91
92 30
28 93
72 94
6 43
12 95
3 96
12 85
68 97
83 98
89 51
4 38
41 48
99 15
100 101
92 102
103 64
3 33
104 7
28 105
44 43
15 106
18 104
107 108
28 109
110 42
90 109
15 111
112 27
28 21
36 113
16 18
114 38
68 21
35 37
30 42
115 50
4 116
36 117
16 73
12 89
12 44
6 42
60 12
118 114
65 71
12 100
99 28
9 113
92 119
91 120
41 98
86 96
121 96
61 15
28 122
12 2
90 114
75 123
124 125
81 109
58 126
81 95
85 121
12 127
41 128
129 41
118 104
36 130
25 43
63 15
15 13
117 42
131 132
15 133
36 85
44 110
134 117
15 123
12 7
11 23
45 33
119 43
129 32
88 11
66 40
90 64
15 135
97 136
59 85
125 137
36 138
110 139
71 103
4 127
64 128
12 140
45 141
127 15
56 142
16 139
141 74
118 35
129 103
81 66
70 106
143 75
144 145
12 8
2 46
146 109
12 96
147 148
149 122
29 58
109 48
109 108
44 77
100 130
15 103
35 33
98 50
73 131
129 86
150 85
21 19
151 152
137 153
130 154
155 139
58 108
45 156
12 157
15 121
71 106
15 94
158 132
159 11
160 143
12 83
15 161
162 120
127 28
161 33
15 30
163 38
110 50
28 33
77 19
22 6
134 15
20 55
12 164
28 112
129 71
12 25
165 15
68 57
14 8
47 124
166 145
167 168
45 42
44 169
43 96
12 154
58 170
171 172
91 87
44 46
33 123
99 123
85 37
61 0
125 173
16 41
9 20
77 126
160 0
4 46
25 49
174 69
171 79
139 66
117 148
12 33
129 175
129 100
25 132
12 29
83 108
162 123
127 43
176 66
15 110
28 74
72 41
12 36
165 12
12 50
165 159
143 142
12 177
121 130
28 178
99 7
45 18
28 172
155 163
179 180
124 174
139 1
129 154
44 108
149 63
12 145
12 93
45 181
12 182
183 100
148 104
34 43
12 40
36 21
178 40
4 34
0 20
92 43
117 19
55 42
184 88
12 122
118 139
12 168
185 186
151 187
28 77
136 178
15 58
151 74
188 189
190 123
191 154
88 142
12 192
15 140
41 192
193 191
6 48
4 25
86 178
15 145
40 33
154 96
88 43
42 170
17 45
194 136
78 152
195 15
196 46
28 111
118 117
36 114
197 41
18 198
79 108
146 53
73 189
12 88
4 61
188 156
12 123
150 12
165 51
114 33
12 116
98 126
4 23
166 62
108 96
129 187
88 126
199 108
129 138
4 100
12 71
81 27
5 114
76 7
105 169
73 161
150 154
72 67
200 187
150 191
149 201
202 159
203 94
45 11
121 33
4 59
118 59
4 19
9 23
12 45
189 142
12 59
141 58
12 53
149 79
92 126
204 40
43 7
195 21
24 33
21 40
45 1
28 102
205 30
83 154
65 33
41 171
28 164
149 206
116 79
71 154
16 30
15 148
98 87
172 207
184 81
129 66
44 6
191 97
20 83
4 98
157 108
137 136
0 68
137 142
129 85
126 177
95 66
139 178
156 126
16 45
104 123
0 75
22 164
165 4
37 32
12 75
100 163
181 21
31 208
66 128
43 161
61 1
44 68
148 19
179 66
28 208
9 33
0 142
8 95
36 35
4 24
41 15
129 88
44 15
36 118
12 21
16 56
90 32
209 66
196 190
136 210
4 107
12 211
165 89
212 145
198 33
14 104
93 123
45 93
207 159
155 171
176 33
93 182
57 50
198 7
85 96
213 15
66 120
12 43
17 214
166 82
158 171
176 116
141 154
45 6
41 26
178 123
30 215
15 83
201 126
88 128
109 107
28 216
15 70
15 40
129 111
114 138
86 33
12 134
171 107
154 123
45 97
81 21
84 96
165 217
54 210
20 142
6 138
99 89
165 92
205 215
184 218
190 91
119 190
15 20
82 101
6 50
129 105
90 86
57 40
22 9
12 166
37 198
26 211
5 90
63 100
20 154
15 31
47 100
15 219
158 58
44 220
12 51
142 100
31 82
78 41
12 112
60 45
81 11
202 91
4 117
43 215
15 221
6 100
21 23
21 113
93 85
13 120
95 27
77 66
17 175
28 126
6 101
1 39
81 9
149 119
16 171
81 92
12 52
55 64
15 177
68 52
188 169
192 126
15 64
58 100
177 40
12 14
41 18
147 64
161 215
12 118
125 9
45 46
61 20
129 74
17 187
126 130
112 105
42 113
200 6
9 203
200 15
28 181
97 1
171 126
12 222
12 136
186 100
223 91
158 19
28 29
141 126
8 22
108 23
16 58
6 224
49 42
212 15
12 86
4 30
155 130
59 32
158 28
20 120
134 17
31 87
45 126
100 133
86 64
19 130
41 77
217 51
124 15
185 3
154 33
88 15
125 138
165 8
225 100
132 56
212 84
134 148
28 48
129 167
147 130
68 80
200 27
77 142
176 226
68 78
76 79
140 154
5 33
59 86
186 7
138 120
193 15
80 79
6 19
34 50
88 78
34 37
91 173
129 126
43 40
227 46
60 176
76 45
127 21
19 33
15 224
12 63
59 148
78 92
30 46
28 65
95 50
151 58
176 43
35 32
152 13
66 108
89 154
115 103
34 32
15 113
12 224
28 228
12 229
100 27
64 96
15 211
21 178
136 67
48 7
44 176
116 15
55 170
41 19
149 12
136 64
40 46
160 1
12 108
147 15
126 227
45 192
16 201
6 40
30 126
12 163
4 42
139 85
80 167
28 108
15 174
213 48
6 126
12 114
178 108
34 7
63 6
12 22
104 19
4 121
139 33
68 100
117 138
4 8
68 48
126 50
90 148
196 15
8 52
12 66
142 23
4 64
28 101
230 208
22 110
5 37
211 109
161 52
12 16
204 100
117 104
87 145
110 108
41 126
84 144
81 48
160 25
230 166
88 28
226 48
6 58
41 141
98 51
173 50
18 130
29 199
225 128
129 3
28 86
4 176
86 32
4 123
231 133
15 208
24 43
17 11
15 7
149 186
232 215
68 108
16 50
117 18
35 15
160 23
151 233
16 26
132 48
35 19
4 15
114 19
15 198
80 28
87 62
36 153
88 66
149 108
41 21
1 182
186 172
129 234
15 189
12 235
64 38
99 44
66 33
28 131
93 66
129 84
41 151
68 9
126 11
58 50
72 81
4 113
21 51
151 126
17 50
4 7
146 210
162 66
217 52
188 199
72 126
15 109
14 148
160 7
4 3
194 28
47 148
12 78
71 173
44 66
28 209
165 52
171 23
53 69
230 87
89 82
15 143
43 42
88 123
45 30
12 121
18 138
4 58
43 115
12 138
14 18
15 229
97 187
9 6
1 143
14 19
5 43
136 96
89 43
129 13
6 121
21 58
235 46
145 174
36 45
12 3
137 15
15 86
6 52
16 28
81 108
17 41
133 23
211 108
36 34
214 48
35 104
16 68
134 33
15 175
6 183
178 128
127 86
85 32
44 41
12 9
12 32
183 130
58 11
28 57
135 170
4 205
30 48
236 40
159 142
41 6
139 126
88 92
118 85
28 180
136 48
34 33
142 234
109 66
25 202
36 141
129 230
6 33
4 85
44 21
36 127
129 82
41 224
15 215
114 198
2 116
28 64
191 120
29 169
3 7
237 109
238 239
176 15
121 66
87 240
108 46
21 128
15 93
220 233
12 130
118 15
81 133
42 27
62 82
231 142
64 130
94 115
144 208
95 43
109 23
171 199
88 45
235 39
55 108
15 168
155 108
149 211
129 50
28 159
217 199
28 239
15 156
139 123
4 81
155 46
157 48
45 227
185 100
118 138
15 126
59 114
28 69
85 64
51 42
12 31
12 203
12 115
17 87
12 189
10 28
43 123
61 154
98 43
199 202
160 21
112 6
15 241
128 222
83 170
12 198
97 171
15 206
237 135
118 21
4 43
148 33
154 27
212 214
129 96
72 154
60 41
45 217
87 11
129 122
24 151
4 95
15 170
22 15
171 15
125 162
72 217
83 57
183 113
36 68
12 38
139 86
201 15
149 227
139 91
19 7
4 12
44 28
35 21
15 1
34 148
42 126
16 126
15 96
12 113
218 48
87 54
15 181
104 133
142 39
97 15
129 40
129 12
57 42
15 56
197 126
117 35
15 183
14 45
15 102
26 126
4 22
205 15
45 120
129 120
44 190
160 48
85 33
15 166
6 26
25 89
12 174
125 139
242 186
41 138
15 38
15 57
16 142
38 46
81 15
41 58
15 188
76 94
18 126
155 182
88 201
220 15
28 17
41 169
15 243
5 66
242 108
129 89
147 7
17 7
78 6
129 68
14 17
24 220
244 56
149 111
97 48
12 161
12 139
17 46
191 56
12 84
4 89
28 41
121 3
138 130
218 142
15 37
15 163
127 66
89 108
57 136
6 161
28 199
44 33
15 132
129 186
149 15
95 33
155 190
16 21
78 211
193 25
31 136
151 220
233 152
24 233
127 139
12 42
3 245
118 37
36 67
28 139
87 82
127 219
129 36
6 173
122 33
88 21
64 7
34 86
139 21
91 58
86 198
12 109
28 70
12 142
41 156
30 187
126 169
4 84
3 66
246 136
92 111
171 178
34 68
129 178
157 7
32 33
66 169
45 26
13 48
146 46
71 122
28 230
88 182
81 139
6 203
20 1
148 198
29 21
28 123
28 132
28 27
60 141
4 215
221 215
43 51
186 111
68 6
12 81
4 92
41 136
176 139
58 169
138 19
41 92
127 33
17 108
190 40
45 21
12 101
47 42
44 136
130 123
204 15
4 138
24 112
8 81
8 15
4 33
45 66
21 138
57 11
213 112
172 142
61 142
149 59
36 178
97 112
196 66
12 98
61 143
139 154
12 35
81 46
176 63
35 43
171 46
224 126
4 9
100 108
15 216
4 88
9 92
85 43
17 109
85 154
8 33
149 142
21 130
4 203
117 130
60 217
36 65
59 33
85 114
213 92
160 238
183 21
246 115
118 148
165 43
4 112
44 221
147 21
14 199
15 207
88 9
0 15
12 24
25 56
217 189
22 17
89 64
139 182
226 71
12 226
237 132
191 185
182 123
21 136
149 247
189 48
59 15
12 221
160 63
44 88
72 8
103 100
18 148
62 101
98 71
21 7
6 154
217 43
36 128
148 100
165 14
176 21
129 153
6 113
9 186
6 128
77 136
17 126
81 142
200 97
104 138
12 169
126 138
226 15
15 46
58 227
230 101
9 43
45 86
59 35
47 90
127 32
12 74
15 77
31 166
6 51
179 103
28 120
14 117
8 43
188 217
45 41
129 21
6 21
4 139
15 228
191 64
142 128
145 123
190 248
41 182
14 138
20 143
209 7
55 135
76 200
22 33
36 43
72 179
87 224
12 46
138 198
129 236
160 28
35 85
97 109
107 48
12 87
35 148
99 68
14 52
4 67
0 132
6 177
159 136
12 27
12 230
149 66
0 39
28 87
63 133
204 199
72 101
59 19
12 176
191 85
44 29
143 241
35 114
12 20
1 75
154 178
4 44
85 21
188 64
124 73
15 108
14 170
42 79
129 95
126 48
171 211
180 48
154 128
59 37
167 19
24 152
192 6
201 43
4 35
142 148
73 136
165 6
95 6
12 181
10 97
129 181
93 178
124 21
41 50
95 136
157 142
97 95
76 15
21 32
129 123
99 102
116 7
242 171
12 61
125 93
191 15
4 36
28 136
123 120
88 171
55 57
148 130
147 19
36 96
9 30
125 109
15 55
0 238
4 68
165 33
65 123
142 75
36 154
1 100
12 215
155 48
129 34
48 169
191 100
15 173
17 9
58 48
22 46
88 108
77 7
129 104
64 234
16 227
91 123
218 133
12 48
67 113
78 23
61 6
104 33
114 32
78 7
36 33
187 222
235 247
15 32
81 210
21 123
143 39
57 123
130 33
126 46
28 187
47 68
44 64
76 41
71 67
15 100
81 33
129 49
160 20
160 95
213 142
57 135
208 82
121 21
186 108
139 121
129 90
15 154
85 7
186 136
117 198
24 28
75 39
184 6
246 203
60 247
15 190
34 21
230 82
15 182
160 75
53 15
151 231
81 190
88 109
41 177
114 21
15 209
228 50
193 49
119 58
136 126
117 57
93 139
195 33
44 141
97 108
28 156
4 101
19 198
17 207
45 139
95 154
43 50
129 128
4 115
12 64
4 161
41 227
126 19
15 21
56 202
99 21
28 240
130 7
20 135
160 39
4 32
12 191
4 51
171 186
41 30
176 126
129 118
63 66
242 78
21 33
160 191
151 15
209 100
20 75
96 33
15 112
220 152
28 171
12 234
184 7
12 92
90 48
247 130
43 113
80 203
30 109
117 123
78 46
83 51
6 215
147 104
17 133
230 136
72 127
68 33
15 65
41 220
137 28
129 33
136 182
135 136
28 183
64 206
42 58
129 87
41 249
81 119
249 126
242 15
28 182
203 103
12 39
34 59
145 82
201 41
12 216
44 126
149 226
15 180
34 85
220 126
43 100
34 114
12 15
45 64
12 5
5 21
83 40
12 119
155 123
213 28
191 79
176 141
155 109
28 81
193 84
147 118
45 15
15 71
191 78
41 130
195 108
17 6
9 95
28 192
83 135
8 27
28 140
141 29
136 69
2 142
21 3
58 109
165 21
15 122
99 92
72 113
5 50
93 21
41 139
76 126
121 140
176 6
4 119
20 40
15 114
48 23
28 3
199 207
136 174
43 64
100 69
139 50
16 224
15 74
26 21
172 108
121 123
239 168
129 62
4 96
160 77
12 34
127 123
12 236
21 224
126 128
12 210
155 78
104 130
1 142
15 236
114 37
71 113
135 154
9 100
165 45
184 15
242 64
15 202
136 133
178 32
28 133
0 143
115 82
76 211
16 76
73 217
179 21
129 44
186 48
