198 2742
0 1
2 3
4 5
6 7
8 9
10 1
11 12
13 14
15 16
17 18
19 20
21 22
23 24
25 26
27 28
29 30
31 32
12 33
34 35
36 37
38 39
40 41
29 42
37 43
11 44
45 21
16 46
47 48
49 48
50 40
13 47
51 52
53 54
55 56
41 56
57 58
59 60
61 52
46 48
62 63
16 64
65 66
67 68
69 70
71 72
15 73
74 20
15 32
75 64
4 76
77 78
31 14
79 19
80 24
81 82
83 84
85 86
87 88
89 30
17 78
16 90
91 92
48 26
63 40
93 32
94 41
95 32
88 1
78 7
71 95
50 39
71 26
89 96
4 97
98 41
99 18
1 33
48 39
31 25
100 86
38 2
73 101
102 61
103 104
105 38
18 97
1 106
62 41
100 107
108 46
109 21
110 32
38 15
111 106
74 112
48 42
83 7
19 43
38 86
98 86
90 3
113 114
16 73
98 108
23 21
115 116
77 35
117 35
62 83
63 104
118 117
59 119
120 39
121 122
10 123
62 29
34 20
87 44
88 119
85 124
87 22
99 4
118 81
98 90
61 123
82 56
125 126
37 5
117 111
24 43
127 28
128 77
23 59
89 7
86 67
15 64
129 130
15 48
131 71
123 132
73 95
23 79
40 46
133 61
134 96
98 73
59 37
76 77
12 54
135 136
93 46
134 7
86 137
61 51
1 30
118 28
138 86
58 139
91 9
85 47
110 46
83 71
123 122
83 123
75 96
37 90
71 96
10 122
130 109
71 63
140 141
111 96
115 78
142 143
144 82
10 22
85 120
79 88
48 30
64 39
145 136
90 68
85 146
17 13
113 147
148 149
150 130
19 54
145 35
88 37
117 63
41 97
151 56
147 100
40 30
9 30
102 23
152 115
124 14
83 132
85 15
153 52
61 154
75 93
45 44
100 98
123 24
83 104
155 30
56 6
71 50
20 6
156 157
158 159
25 30
45 36
156 7
50 48
127 56
50 73
101 48
128 111
122 52
71 84
143 160
30 96
161 13
122 60
13 32
124 108
124 110
142 135
10 162
24 37
163 164
58 55
94 46
165 60
151 7
66 3
166 108
57 106
121 22
63 78
64 73
167 98
132 51
77 116
156 77
156 10
110 94
135 74
105 57
168 40
169 30
4 20
28 96
12 21
23 122
170 48
49 73
40 56
142 42
15 95
57 128
171 145
124 168
41 160
57 152
135 172
75 173
53 59
82 26
52 30
117 3
63 82
94 48
111 97
28 106
171 96
56 7
48 106
123 30
174 61
0 121
124 26
157 112
2 86
57 2
6 134
139 86
118 9
139 62
174 102
56 96
175 121
138 32
158 7
162 116
137 134
38 72
116 66
147 90
111 6
152 96
153 121
118 176
14 32
148 5
86 96
146 175
155 116
31 69
18 86
57 67
5 119
158 145
110 47
144 124
139 63
135 96
110 72
85 98
155 106
20 3
56 160
111 116
88 148
117 68
27 111
162 176
9 39
152 41
21 44
117 30
124 72
12 43
23 141
106 3
144 127
117 74
153 0
134 136
12 5
17 75
14 138
140 130
130 121
83 134
56 116
8 177
144 178
16 108
2 172
15 63
0 22
33 22
179 70
34 55
165 80
113 66
27 39
99 78
47 95
156 142
85 103
114 160
135 127
113 61
131 69
110 73
85 16
95 106
63 41
178 180
133 154
27 26
98 64
62 55
118 20
181 149
98 173
74 66
62 84
128 4
102 164
111 90
23 119
16 138
110 95
142 29
105 29
130 1
92 26
23 153
97 160
128 78
4 41
43 106
124 50
124 84
100 73
124 103
24 149
84 48
49 86
17 83
97 35
182 122
71 43
105 58
171 41
74 3
62 160
77 111
117 178
99 20
4 0
118 144
15 101
117 41
131 118
91 48
85 41
118 108
131 124
21 59
63 32
135 145
57 3
183 102
17 128
48 115
4 23
99 176
80 43
140 1
21 36
131 46
73 46
178 116
144 157
1 54
178 106
4 77
89 28
144 134
167 30
38 106
58 35
0 5
105 40
6 136
131 72
171 57
172 178
155 42
184 145
19 5
2 145
13 168
71 110
75 46
85 110
100 64
74 111
17 138
111 7
140 88
110 48
148 54
83 124
126 185
108 41
32 46
34 76
40 96
50 101
16 39
117 67
93 39
83 51
155 2
124 101
89 41
38 26
145 106
41 42
20 86
10 130
2 96
16 167
31 173
4 56
172 29
156 116
121 60
7 136
118 110
80 123
87 0
176 134
113 146
144 116
186 7
18 77
60 149
80 119
34 77
176 111
57 117
80 148
145 115
131 39
44 96
67 3
120 160
89 137
40 78
17 160
74 136
117 116
15 56
135 76
169 60
62 116
156 57
77 86
125 130
138 40
155 57
75 39
30 56
75 107
71 64
32 48
48 7
58 106
19 77
128 106
101 46
161 187
171 67
75 71
100 90
142 57
115 42
130 5
16 161
147 98
17 82
27 3
30 141
75 166
12 148
19 21
21 60
110 64
95 39
34 99
28 7
12 44
156 171
94 120
2 76
31 101
124 173
15 14
118 71
19 51
188 48
128 76
117 25
139 41
89 78
137 7
104 43
36 60
62 7
123 119
98 14
107 90
135 106
100 167
123 51
13 30
104 116
142 115
131 40
106 42
34 4
75 13
15 82
71 73
64 40
0 52
30 116
40 157
142 96
81 32
28 116
2 36
77 68
75 41
83 180
183 80
2 111
147 91
172 30
19 1
40 32
55 32
71 14
98 166
167 25
71 104
144 71
156 145
87 1
75 120
13 56
156 67
144 68
42 160
115 28
117 128
181 1
139 55
118 15
32 72
123 60
153 122
181 125
101 173
44 60
19 59
156 3
41 78
144 81
29 106
0 51
66 7
117 92
131 189
16 31
89 110
117 97
23 22
2 56
110 120
2 41
180 30
110 170
153 51
115 86
148 0
38 143
19 60
93 41
115 176
123 44
158 2
139 84
76 30
57 145
123 52
172 96
145 122
144 2
118 7
190 60
75 40
89 149
168 39
55 170
123 121
73 40
167 31
130 122
118 40
27 67
98 50
110 78
82 189
166 138
98 47
144 145
31 86
63 7
2 6
16 168
51 122
144 41
121 30
176 137
130 80
60 56
14 48
145 3
100 93
117 62
13 69
178 96
1 60
130 148
19 24
100 49
167 116
60 154
117 10
70 7
120 157
57 86
171 169
99 137
115 106
75 48
93 48
142 41
86 143
85 172
138 95
128 145
85 168
146 114
15 124
122 33
13 173
14 173
82 30
23 132
118 166
98 46
44 106
12 122
130 52
33 30
48 72
178 28
127 106
21 122
16 107
113 65
13 46
144 176
177 9
10 33
140 44
120 106
58 152
110 101
75 124
150 53
130 180
118 89
17 110
118 124
156 27
86 97
55 82
10 30
19 149
30 60
75 43
87 59
58 115
17 151
105 96
85 48
121 141
36 5
18 93
114 25
116 106
100 13
86 112
167 103
117 122
122 141
85 100
49 179
85 152
123 180
53 1
120 96
105 30
53 122
155 3
64 173
176 90
81 78
128 137
31 95
65 55
135 122
67 96
146 191
131 38
13 73
152 29
128 96
85 104
74 28
156 20
85 113
4 78
120 86
15 75
14 40
75 95
4 22
13 41
121 180
155 128
44 154
87 23
20 160
124 78
97 134
123 0
85 63
139 178
142 139
108 138
10 86
53 123
58 95
105 42
2 40
45 24
86 111
55 93
100 151
176 6
75 82
117 120
124 82
93 47
38 41
115 19
161 167
32 56
138 168
158 76
71 170
128 116
123 1
107 138
56 136
57 35
85 95
34 151
152 2
81 56
4 12
139 180
167 63
22 149
146 187
16 35
6 137
130 96
79 37
156 135
17 176
89 134
4 32
169 139
177 13
11 33
67 66
161 73
58 2
108 73
117 38
115 35
0 30
15 78
87 36
61 122
14 101
13 138
128 48
61 121
117 86
156 4
69 48
75 73
95 40
71 173
156 42
17 41
6 116
192 49
144 111
17 30
71 188
61 153
152 86
37 22
23 52
14 168
148 60
24 36
93 72
71 138
128 179
85 93
18 176
120 72
144 63
180 122
117 176
124 81
41 30
13 63
43 60
108 48
18 78
21 37
118 93
6 112
192 13
38 84
30 86
55 96
182 12
22 5
124 63
140 54
152 120
76 35
117 83
15 41
168 32
128 60
49 9
175 60
28 86
12 60
2 136
23 51
170 86
111 67
165 133
115 134
27 134
85 13
15 83
83 10
109 24
157 66
12 0
4 87
16 48
166 86
139 104
89 124
109 123
170 188
70 134
65 48
109 119
152 172
122 54
17 111
10 12
101 86
110 40
35 106
100 120
162 20
38 160
76 116
110 168
52 60
161 146
17 46
20 68
77 7
64 108
123 141
13 101
128 151
2 120
127 122
22 141
38 110
144 32
4 10
169 62
122 96
83 82
149 119
144 86
61 44
101 39
24 148
50 168
128 100
2 48
10 97
55 30
117 96
35 3
28 3
54 5
124 93
38 111
110 39
118 128
100 101
173 40
17 15
146 14
128 70
139 42
80 60
71 30
139 151
101 47
59 36
32 84
67 116
27 9
36 148
19 52
108 25
21 1
99 7
34 30
50 95
63 103
108 40
139 113
66 160
95 41
145 86
155 83
19 176
166 72
116 96
23 12
180 154
3 68
110 7
128 136
105 111
100 170
153 60
110 84
78 35
89 15
10 96
181 61
4 176
117 103
178 77
111 134
83 9
27 112
47 46
80 88
56 97
31 39
193 64
23 60
148 43
131 120
118 63
91 98
85 108
178 30
192 69
131 48
118 69
5 60
18 35
15 93
100 39
74 68
129 149
78 97
38 32
79 80
88 36
127 115
128 56
170 41
118 72
49 47
83 30
138 46
41 48
124 95
12 119
40 39
57 158
37 60
46 26
155 169
105 62
61 5
52 141
130 45
73 188
38 83
27 48
167 188
30 42
34 18
21 5
30 154
115 77
20 66
127 145
38 48
0 119
64 168
57 111
130 37
166 55
116 3
135 117
4 1
98 179
156 35
144 66
110 41
158 111
83 43
46 72
2 134
93 173
110 30
36 0
130 119
155 7
161 91
130 60
16 101
31 64
13 39
15 84
71 108
17 96
142 38
19 109
18 56
83 63
2 7
55 151
144 67
43 1
18 160
85 39
85 142
118 30
124 56
139 65
23 37
4 35
135 3
82 40
34 86
161 37
79 36
15 30
62 42
110 31
46 120
152 30
118 56
4 122
98 55
28 136
142 178
73 120
95 7
43 30
91 100
41 72
100 31
94 86
56 106
10 44
139 66
155 144
118 192
12 22
82 32
124 138
131 157
123 59
83 6
166 32
89 128
50 46
138 39
89 27
30 106
10 20
38 169
23 33
193 30
76 97
176 66
4 18
176 35
83 32
49 13
163 185
88 43
30 134
118 8
34 56
140 122
44 22
168 30
124 64
101 41
54 22
113 100
168 86
161 47
131 84
4 43
69 189
85 66
59 22
111 137
31 40
14 46
71 32
74 144
161 107
13 31
58 96
80 21
17 63
128 18
105 172
130 12
176 67
108 101
130 149
144 110
12 1
130 0
142 58
48 86
104 96
171 2
118 6
61 60
16 71
35 160
78 111
83 52
188 86
96 7
82 41
19 80
21 0
155 135
55 41
178 41
74 145
20 60
100 50
125 24
103 194
156 30
105 106
101 95
39 26
115 96
50 32
16 50
64 138
4 30
113 37
142 106
41 143
55 176
124 41
9 157
98 124
55 106
57 172
69 120
156 152
192 31
96 42
60 119
62 178
114 66
16 124
60 134
42 143
19 30
41 9
128 6
122 136
66 112
113 91
28 176
4 115
108 86
91 37
18 76
122 154
94 39
139 160
17 29
40 143
38 75
151 134
84 39
182 33
63 30
135 56
89 53
47 168
50 187
56 176
16 95
86 116
15 7
191 61
100 187
155 38
87 12
40 9
85 2
47 39
146 160
62 176
114 7
59 122
146 66
2 77
87 123
55 189
171 3
96 136
171 83
28 112
107 166
118 134
15 13
101 138
10 41
32 39
20 116
83 103
85 64
156 32
51 180
148 1
92 86
111 66
135 115
147 161
77 176
41 176
77 96
31 168
43 22
71 194
118 78
99 77
144 97
179 151
31 41
23 148
44 5
105 160
124 46
85 138
17 71
87 60
144 137
195 186
132 52
4 119
179 134
32 97
166 93
156 2
191 60
58 42
140 148
117 6
93 168
85 75
84 120
23 36
108 173
144 122
62 106
115 6
102 185
85 143
86 26
155 111
77 56
86 42
77 160
109 44
110 188
161 179
17 99
81 30
41 106
126 129
55 72
46 86
27 40
155 28
139 71
23 80
13 82
29 96
80 37
166 73
146 50
122 5
17 40
71 103
120 26
13 95
41 46
162 7
192 8
123 153
83 26
76 111
90 66
109 22
120 42
13 78
65 165
10 23
24 22
75 83
48 56
15 81
62 48
156 74
155 145
61 88
27 7
19 12
83 141
108 32
74 96
166 94
71 168
115 97
87 119
189 30
22 119
192 177
98 37
19 76
144 96
50 14
65 114
180 116
114 92
192 9
56 78
168 95
124 120
128 99
30 26
128 28
140 0
23 0
40 26
156 96
75 106
171 86
156 172
17 48
115 160
90 116
2 116
0 43
88 0
4 166
28 111
61 80
137 35
139 61
93 160
17 89
62 103
131 110
108 168
49 50
86 3
55 42
111 35
24 5
32 86
139 143
17 81
117 166
28 30
29 56
85 40
2 35
34 17
17 168
31 138
168 173
80 45
79 21
180 141
50 41
94 188
64 48
89 176
144 3
111 3
89 20
80 36
144 112
40 120
74 115
48 111
71 47
91 86
76 78
56 111
31 188
123 21
100 47
96 143
184 115
101 32
92 96
144 106
128 160
79 24
75 84
10 119
93 73
28 157
140 5
87 30
156 55
30 111
142 152
48 143
139 29
153 141
173 86
36 44
118 55
168 48
79 53
11 122
104 30
34 78
50 179
130 22
142 111
173 46
20 176
88 123
110 108
75 110
147 86
79 109
144 78
135 30
71 56
91 107
2 30
82 173
31 48
157 67
84 86
85 42
16 98
132 180
173 48
98 39
145 67
118 189
74 67
83 40
19 196
155 178
16 41
142 55
67 35
43 96
47 41
191 121
84 46
35 96
136 3
188 25
28 60
93 86
2 106
75 31
109 60
69 26
0 60
158 96
147 48
188 41
44 30
142 120
124 13
15 40
38 100
145 28
125 149
152 106
47 32
130 36
2 83
58 29
23 53
36 1
62 61
2 67
118 97
71 98
17 6
83 120
105 48
85 71
86 7
74 30
88 44
113 16
146 49
98 26
144 13
85 61
15 86
80 5
113 107
173 32
161 50
180 60
18 20
135 143
45 5
92 30
80 149
130 132
92 136
45 148
179 7
115 60
117 28
175 191
6 96
17 39
135 77
155 134
100 95
17 56
167 108
109 37
23 123
155 158
71 124
29 143
17 95
2 143
73 47
73 138
4 137
121 51
144 128
105 55
130 30
117 145
15 71
41 120
100 188
38 96
10 5
73 41
100 7
12 53
16 91
170 39
89 71
91 175
144 28
148 122
59 5
127 136
1 116
15 138
151 30
142 116
48 160
173 41
23 44
111 42
38 42
85 73
79 12
171 117
16 40
98 48
135 67
176 160
86 35
124 7
132 122
1 119
156 136
110 56
71 81
17 55
156 117
58 62
157 3
38 120
171 30
85 114
106 136
95 46
17 32
157 111
85 96
15 110
169 7
74 157
62 194
74 27
19 123
107 37
75 101
135 144
171 111
93 25
61 1
142 86
166 189
37 44
139 114
108 50
61 130
92 76
16 32
62 114
13 86
79 123
113 160
71 93
110 82
64 46
20 97
100 37
178 104
61 19
89 32
114 48
27 120
38 40
144 40
40 42
108 95
63 26
43 119
62 146
132 60
105 120
71 41
10 55
57 30
85 31
188 39
130 88
118 82
79 45
19 154
168 46
53 22
2 62
144 6
178 176
130 43
114 30
27 69
135 128
88 21
43 149
89 88
76 20
93 138
34 139
156 97
19 153
124 86
172 86
109 148
44 33
83 115
110 81
12 59
39 157
28 66
4 123
16 93
2 42
110 86
128 67
13 93
45 123
144 56
9 189
55 97
19 122
19 37
161 98
139 56
92 48
132 141
167 37
12 123
22 30
45 22
17 139
144 136
168 41
115 136
48 96
128 176
117 137
61 79
33 54
98 32
34 29
98 101
146 48
4 44
43 122
146 98
111 160
178 86
142 2
85 32
101 25
65 160
178 83
50 173
91 167
180 22
172 111
180 44
100 46
122 106
61 148
85 106
71 10
1 22
135 86
88 59
19 22
10 11
61 54
75 104
176 78
32 20
84 30
4 86
72 86
34 176
40 86
20 56
89 60
52 22
33 60
20 90
124 30
169 86
188 120
67 106
71 9
118 32
77 90
85 46
10 87
89 40
0 141
91 90
107 49
30 5
20 7
75 30
153 22
130 44
63 194
110 63
135 42
178 48
77 137
156 144
156 41
17 97
65 98
169 120
19 0
86 176
139 96
77 30
9 72
135 171
62 71
46 9
15 168
13 110
135 116
108 72
158 178
116 68
75 14
74 6
111 112
75 168
4 55
12 109
108 47
32 41
120 111
53 148
155 86
101 188
38 49
166 20
124 48
93 95
74 176
100 134
124 32
171 128
169 176
167 101
11 182
53 21
53 149
131 70
40 160
93 35
156 128
23 180
15 46
89 81
19 88
76 176
156 68
98 187
98 49
172 143
98 13
100 168
19 121
19 53
53 44
124 47
171 35
2 55
83 106
51 30
100 70
19 141
28 20
44 1
18 115
144 83
9 86
99 86
147 107
133 80
44 119
31 9
124 9
70 72
158 116
142 172
83 78
73 94
76 137
17 20
142 105
100 41
100 40
135 158
98 168
142 1
176 97
117 20
19 56
171 7
47 173
32 7
117 56
20 77
23 30
0 54
12 45
10 32
173 30
147 37
32 176
16 100
144 20
13 40
142 122
36 54
106 160
75 138
13 81
139 83
2 139
175 61
39 86
2 29
130 59
4 60
38 30
99 97
88 122
117 127
10 104
155 171
55 29
88 22
1 122
130 53
16 47
14 73
100 138
27 66
40 7
83 110
45 37
88 149
23 154
64 95
20 137
44 149
38 98
95 48
105 143
44 54
135 2
142 40
38 124
88 53
109 45
13 64
156 106
55 108
79 59
12 30
151 70
109 43
124 31
61 23
146 179
110 14
171 106
16 173
30 119
128 7
2 122
107 167
131 15
14 179
83 13
100 32
172 120
117 144
14 41
17 137
88 5
6 97
23 1
74 127
64 93
152 42
146 65
21 33
71 86
75 98
99 43
174 23
121 132
71 39
48 66
8 26
47 40
74 106
105 152
8 13
36 22
8 31
161 90
71 101
27 157
110 173
155 117
82 7
131 9
73 48
123 43
117 7
27 46
123 5
165 61
188 46
38 172
74 90
122 119
24 60
37 119
178 122
155 35
56 137
130 19
31 46
105 115
20 67
73 86
142 62
67 90
128 20
74 122
69 46
100 173
75 108
108 188
156 86
169 41
23 5
187 197
28 137
118 137
24 21
48 9
82 9
118 41
47 138
30 7
46 157
64 50
51 141
77 3
20 134
125 1
64 32
13 48
117 114
156 166
88 109
17 2
172 40
23 88
128 3
19 44
34 115
172 55
19 45
87 122
16 13
142 160
114 26
155 120
23 43
61 22
15 173
144 7
131 32
62 86
117 151
8 49
20 111
80 59
24 119
89 63
186 96
57 28
89 116
24 59
84 72
155 89
41 111
34 6
156 176
124 73
122 30
17 28
114 61
111 136
117 55
86 160
74 56
118 86
171 120
92 9
87 43
85 65
93 40
81 7
108 189
71 7
13 9
162 86
174 130
91 26
100 110
158 30
130 153
83 56
128 97
107 173
76 86
118 13
161 100
50 47
71 94
30 143
89 83
115 122
85 105
118 177
1 5
74 77
53 33
45 59
107 168
135 57
121 52
169 77
14 187
166 48
137 97
156 99
15 50
85 50
0 122
144 77
166 97
169 84
2 127
14 86
172 115
96 160
75 47
13 108
15 100
13 50
113 167
59 1
2 28
122 22
16 86
172 41
85 14
158 77
130 79
28 6
10 106
10 0
156 178
135 111
124 40
65 61
71 120
130 33
46 39
123 33
78 137
73 170
132 44
139 194
64 101
117 2
20 35
31 47
178 120
120 30
62 113
45 53
53 0
145 56
148 44
73 173
89 97
31 93
178 7
142 48
106 96
19 132
32 30
15 31
16 110
88 45
152 143
19 148
83 116
53 60
147 160
9 26
71 78
130 21
101 168
110 138
118 111
98 110
144 17
148 22
176 68
139 146
51 60
110 50
88 54
2 128
16 18
164 185
138 41
165 183
172 106
91 49
86 106
181 126
30 176
184 28
183 61
10 176
61 141
83 81
166 176
105 41
146 100
86 56
58 30
87 54
17 7
156 111
116 134
131 86
117 90
77 66
139 103
105 2
23 45
59 154
5 149
83 86
115 137
64 14
80 22
49 187
81 40
34 137
148 119
128 115
139 48
16 49
85 30
118 83
115 20
130 123
139 116
15 39
117 4
141 60
89 13
24 44
85 194
108 39
156 155
10 182
38 178
50 86
98 93
172 139
2 186
99 116
140 132
169 83
107 73
140 36
53 30
37 149
151 29
62 30
166 160
34 97
19 119
60 116
15 72
194 30
166 170
17 173
89 111
182 44
144 30
30 78
17 124
17 115
14 47
111 143
31 50
7 160
89 56
144 89
117 17
49 14
131 26
156 66
91 191
66 68
152 139
76 56
0 44
61 66
71 13
166 173
144 90
152 160
15 108
99 56
123 37
176 3
152 55
131 27
138 173
176 116
173 95
8 69
106 143
83 60
71 46
107 98
73 168
128 86
117 134
88 12
152 48
43 44
166 10
108 35
71 100
32 78
182 30
75 16
55 143
82 78
55 94
55 20
44 122
69 39
140 61
155 96
13 7
172 48
28 122
60 7
145 96
88 24
83 121
132 154
19 78
113 98
14 39
98 138
22 60
101 40
161 14
132 30
23 121
71 40
49 69
34 128
93 14
38 71
75 100
17 134
146 61
58 111
99 35
128 66
104 106
74 116
177 69
98 95
156 90
135 152
93 108
99 66
85 173
55 86
111 68
117 89
16 14
15 47
28 134
152 111
130 24
115 143
2 115
180 52
56 134
88 60
48 120
158 28
113 161
10 60
62 66
75 50
0 33
118 17
117 77
15 98
62 96
132 22
187 179
71 31
16 160
135 105
103 30
144 115
172 160
85 62
100 179
50 138
172 42
100 48
156 143
38 152
40 111
115 56
41 39
49 31
71 82
107 32
83 96
16 37
126 149
120 143
139 7
178 60
152 40
122 56
89 6
128 134
37 148
89 2
135 35
123 148
100 14
93 101
100 94
62 104
166 41
71 106
81 41
18 108
139 106
48 61
115 76
28 56
48 157
20 78
128 35
166 168
117 66
67 136
100 124
144 15
133 183
86 6
138 48
78 6
41 7
69 72
123 22
80 109
113 48
89 82
135 58
109 5
31 73
93 50
19 36
96 3
81 63
99 115
41 86
14 95
123 36
170 120
64 47
4 130
59 44
61 160
57 96
97 7
110 93
43 5
27 136
75 10
170 46
49 26
39 72
59 148
62 77
194 104
77 97
84 41
74 178
171 178
69 9
28 97
117 26
155 67
18 137
61 0
69 40
85 101
100 108
62 143
41 96
73 39
135 28
87 5
120 9
99 76
108 14
64 86
156 105
71 48
86 78
2 22
19 33
74 2
113 90
40 106
77 67
89 115
131 41
130 23
105 86
177 31
124 39
19 180
104 180
108 160
58 172
38 91
189 72
36 122
157 136
177 49
64 41
87 148
32 120
40 48
176 7
95 86
2 160
157 26
115 7
109 149
178 84
75 86
144 27
85 111
11 30
145 111
117 136
147 16
173 39
62 65
93 188
38 46
130 154
1 7
63 56
117 32
139 30
142 30
85 160
87 140
167 90
169 178
127 96
94 170
58 143
152 62
10 43
85 38
117 48
117 106
41 20
117 169
83 41
47 86
34 111
116 7
87 130
161 49
75 32
51 22
105 139
172 62
23 19
85 139
93 189
70 189
31 108
63 9
74 86
117 115
98 40
76 96
15 120
73 32
102 130
171 38
56 35
147 167
80 44
69 157
98 31
