193 1650
0 1
2 3
4 5
6 7
8 9
10 11
12 10
13 11
14 15
16 17
18 19
20 21
22 23
24 25
26 27
28 29
30 31
24 32
2 33
34 31
35 36
37 38
39 40
20 41
42 43
44 45
46 47
6 48
49 50
51 52
53 54
55 56
57 58
30 59
21 60
61 55
62 63
64 50
65 63
37 12
66 7
46 36
13 67
68 61
69 70
71 72
73 74
75 32
76 70
10 67
24 77
78 57
79 80
81 69
30 8
41 5
79 77
82 56
83 84
37 10
2 61
85 45
60 86
87 22
47 88
89 90
91 62
92 93
94 76
68 95
90 45
46 32
3 96
97 98
6 74
65 99
23 100
68 101
85 56
102 80
9 27
14 69
51 103
71 104
105 24
28 70
106 27
107 52
108 11
109 9
23 64
110 59
111 112
113 55
28 114
115 31
108 60
47 116
8 56
117 112
118 5
96 119
100 120
121 58
122 123
2 124
4 96
125 108
89 126
127 128
22 19
30 110
129 130
68 45
131 98
132 133
61 54
131 56
114 93
77 134
44 75
110 131
14 129
64 59
112 80
135 32
61 136
46 45
122 72
12 98
137 6
130 52
87 96
30 109
138 139
109 115
51 109
140 141
142 50
142 38
42 143
5 141
61 19
78 123
121 144
26 9
145 92
2 146
24 128
134 128
137 62
54 98
103 27
121 147
148 109
149 150
17 5
36 127
125 115
75 35
14 51
75 135
18 84
133 119
151 55
30 70
26 152
21 115
3 19
47 32
97 45
21 126
30 86
19 131
6 153
39 99
140 4
154 155
46 35
40 156
101 96
15 157
64 54
121 57
150 25
21 109
125 158
133 140
159 87
16 140
56 27
125 60
30 60
160 150
70 72
94 115
137 161
162 163
109 45
113 68
164 165
85 32
77 25
108 166
78 111
92 86
123 27
103 135
52 45
19 54
161 117
33 95
15 52
106 155
51 78
52 56
136 23
98 56
160 167
37 100
103 150
168 112
169 135
145 29
170 108
92 60
41 131
91 171
36 32
70 27
168 104
30 90
1 38
168 172
21 94
35 32
50 143
55 110
173 139
90 60
133 19
137 80
152 74
174 150
76 123
161 102
59 120
103 117
44 32
68 119
61 98
158 38
145 83
79 163
40 7
106 74
9 32
12 100
135 45
154 48
175 172
87 136
176 165
87 53
126 9
38 67
26 169
78 148
97 64
8 47
7 139
159 95
32 27
61 101
136 97
73 172
81 177
105 178
126 115
115 98
78 175
69 148
97 110
168 71
142 42
169 25
145 59
113 146
101 54
41 90
147 74
130 98
22 53
66 173
137 169
126 123
168 179
4 84
65 128
142 10
28 59
14 107
41 119
12 23
138 128
152 9
136 59
136 131
134 40
60 11
37 54
86 31
96 19
138 66
173 164
161 150
4 83
111 63
65 102
46 169
126 76
22 64
34 163
179 70
159 33
24 46
87 95
83 19
34 70
26 137
169 156
133 131
134 147
101 136
89 141
172 58
180 29
7 164
181 63
71 144
12 90
51 161
182 52
126 148
174 15
23 53
69 51
21 70
59 29
76 115
10 64
62 134
161 63
128 7
35 47
76 31
175 117
183 130
119 131
169 128
121 163
153 176
65 77
162 58
88 155
1 184
28 93
122 74
121 172
133 84
46 156
109 32
52 109
26 77
137 152
136 19
8 106
163 185
186 170
187 64
41 98
152 163
145 30
29 116
28 116
97 19
37 187
73 117
134 25
140 107
117 123
187 19
91 66
174 25
136 43
177 188
83 54
131 45
67 11
181 25
187 43
148 172
124 54
189 139
177 78
174 102
61 33
69 21
88 106
160 149
125 21
79 62
20 141
44 135
78 117
30 29
28 60
20 125
10 120
91 128
140 45
126 179
85 110
41 19
160 15
60 67
10 50
35 27
2 54
174 161
180 123
113 3
136 64
132 16
179 71
159 146
26 47
81 51
170 1
127 134
147 173
28 31
30 56
24 169
130 32
2 53
115 27
145 98
82 115
107 167
110 32
190 112
127 25
175 71
115 86
17 107
79 111
122 189
126 94
130 27
35 169
149 52
159 2
118 96
140 41
91 65
21 90
8 88
8 34
8 93
0 38
108 98
177 103
55 131
129 160
130 135
22 143
17 41
154 153
41 56
182 69
12 60
140 119
162 172
182 17
103 63
35 127
79 134
118 84
191 4
1 60
69 82
62 99
38 108
14 9
127 88
135 150
8 154
88 156
179 72
147 176
22 124
12 114
13 94
10 42
89 69
18 5
149 15
87 124
14 130
168 57
91 181
168 175
182 14
8 70
105 150
182 160
186 1
37 23
192 181
36 116
122 144
159 124
1 83
175 58
12 145
148 76
73 180
87 187
64 98
91 102
77 128
1 67
30 11
77 171
182 109
108 54
0 18
177 157
21 31
90 82
145 11
105 25
96 124
116 156
21 82
47 156
116 155
184 158
110 29
89 109
128 173
140 5
73 34
23 43
149 181
122 57
49 120
186 118
28 180
78 168
119 19
29 154
30 97
34 72
12 38
191 118
119 167
73 31
187 146
26 8
20 5
186 18
163 173
132 4
169 40
16 141
116 6
81 117
24 39
46 56
36 45
92 29
162 74
184 166
180 86
121 74
45 98
175 104
14 89
62 138
91 63
145 120
69 109
95 146
77 66
105 35
175 112
85 36
184 67
158 166
34 123
30 82
137 9
110 36
148 168
35 156
38 166
160 52
37 50
51 126
138 63
124 53
89 41
16 4
18 54
168 9
118 53
186 60
42 64
82 32
177 190
140 96
63 80
152 122
186 5
71 123
4 124
35 150
174 80
28 11
14 81
138 80
117 25
20 108
79 152
152 112
107 160
26 127
179 123
106 164
61 146
174 63
60 115
73 70
4 3
180 116
20 60
70 31
159 61
14 183
46 178
177 149
34 144
134 138
152 189
97 131
42 120
26 63
51 168
57 144
137 162
32 56
103 109
137 57
33 146
151 96
17 133
90 19
15 103
188 111
129 140
163 153
149 174
42 100
101 131
8 153
22 136
99 128
142 100
92 108
145 136
55 98
172 144
190 161
159 19
35 178
2 187
64 100
59 114
188 112
78 190
162 147
89 60
70 56
127 164
152 34
116 48
6 163
137 123
8 115
152 138
52 167
26 32
83 108
81 149
177 112
130 119
77 63
9 117
110 27
137 111
122 6
170 158
8 123
182 20
92 64
175 144
163 164
73 106
179 172
132 5
162 189
180 34
147 164
74 165
90 141
21 76
76 86
115 11
188 78
190 57
68 167
12 11
73 155
187 143
167 131
9 70
23 49
190 175
130 90
113 33
55 119
91 77
189 165
150 181
180 154
96 131
92 67
30 28
26 25
161 157
26 172
171 66
137 127
162 122
73 72
112 172
130 109
8 31
52 9
127 116
69 9
187 124
23 50
139 176
187 22
122 147
74 185
36 88
115 56
109 56
68 87
0 83
24 35
85 27
161 80
175 57
170 18
192 80
30 92
73 122
83 5
72 144
127 40
109 25
90 108
134 173
186 108
36 6
41 130
101 98
138 164
79 57
6 155
51 123
164 176
65 66
82 109
77 99
117 57
79 162
187 136
184 38
79 63
127 106
145 64
78 161
110 116
26 103
183 107
17 141
34 153
36 29
60 98
122 172
0 118
145 60
152 172
140 167
148 117
73 109
8 109
148 72
124 19
2 96
91 150
13 60
134 163
36 156
145 56
47 25
152 58
101 97
10 108
46 40
177 15
192 63
152 127
41 96
83 141
79 138
191 5
92 11
160 135
87 19
94 70
76 179
168 58
62 102
105 46
168 144
65 171
60 54
4 98
45 56
159 96
41 167
161 112
181 102
105 135
77 80
51 9
164 139
148 9
2 22
91 80
147 165
158 67
181 80
158 13
113 101
12 67
36 56
65 181
111 181
180 153
186 38
177 111
26 106
113 119
128 66
0 108
109 70
81 52
22 42
14 160
119 45
78 172
26 70
97 54
168 123
182 130
121 189
89 21
104 58
4 131
137 163
4 141
36 106
37 42
64 143
83 60
16 84
45 32
82 131
24 63
131 54
133 118
8 82
178 40
12 18
0 5
185 176
61 22
78 103
182 90
161 111
136 95
73 9
6 176
8 155
18 108
105 32
130 82
70 123
30 180
163 165
120 143
79 112
21 11
64 120
29 56
190 172
85 131
145 97
117 80
145 82
163 147
21 86
99 66
74 139
129 107
104 172
89 70
133 124
87 33
110 98
136 42
169 47
16 5
152 123
0 84
126 70
12 136
61 119
160 103
167 45
182 82
111 117
78 112
180 115
169 150
29 27
145 28
133 4
30 98
85 135
26 35
136 54
137 63
81 15
83 90
94 31
6 164
75 45
182 89
170 166
77 39
104 144
9 25
81 78
76 72
116 93
187 54
30 93
73 153
62 128
151 119
150 63
153 185
147 7
1 90
118 3
68 55
81 9
1 13
91 25
125 94
147 139
62 66
145 90
81 157
167 32
81 183
12 97
107 41
52 32
4 119
8 116
99 40
123 144
152 153
191 96
106 7
2 136
101 95
94 86
10 23
151 19
160 45
24 178
172 57
115 70
46 127
26 52
163 156
180 88
46 110
122 58
155 48
186 4
90 131
83 124
149 32
16 118
73 47
52 135
4 90
152 121
145 54
73 163
68 85
73 123
75 24
10 92
134 6
133 96
91 40
138 7
8 29
182 41
169 181
162 134
187 53
149 63
92 28
132 191
187 95
151 87
77 150
61 95
186 20
20 82
73 27
92 120
61 187
169 63
137 147
44 167
32 25
134 7
52 103
136 146
151 68
186 125
12 166
44 119
101 55
169 27
12 142
127 156
125 90
191 133
36 47
106 153
90 98
103 157
12 53
140 130
106 6
18 53
89 125
179 144
174 111
161 181
126 31
31 72
128 156
65 80
44 131
64 49
4 19
101 19
6 185
64 114
73 134
177 174
26 161
34 88
8 110
130 141
189 176
171 128
34 106
20 130
29 98
20 83
62 173
103 32
14 149
77 181
122 163
169 39
77 102
85 46
90 5
162 138
169 178
174 181
42 23
156 164
29 93
118 19
130 167
4 18
138 147
26 163
138 173
137 117
116 106
17 4
25 27
144 58
69 103
26 117
145 10
38 53
85 119
148 123
174 103
152 117
163 189
136 98
20 4
44 85
134 164
41 83
182 140
107 141
88 48
97 59
142 67
46 135
97 29
116 154
84 5
136 143
112 57
82 27
107 45
59 54
134 106
149 157
46 27
177 51
162 121
149 135
106 48
148 179
82 60
8 28
127 163
140 131
85 97
17 129
91 99
88 6
168 72
101 119
106 185
8 180
8 127
148 31
113 124
4 41
4 53
38 54
182 107
82 141
52 150
77 138
17 140
108 53
75 46
75 40
7 173
162 144
23 54
107 130
26 123
87 54
62 181
70 86
105 169
161 9
81 103
187 42
139 165
92 115
77 156
149 25
168 117
22 95
123 72
145 115
169 99
111 102
125 13
116 88
85 98
26 134
125 11
118 83
113 19
151 101
130 45
51 70
16 191
137 172
166 67
129 141
28 154
142 108
12 59
14 109
21 13
55 167
77 127
13 86
64 43
192 161
188 190
49 100
50 120
127 63
34 155
127 6
113 95
1 18
51 148
39 128
122 153
52 25
164 185
169 77
125 82
18 38
74 164
113 151
117 172
85 167
14 82
170 184
183 15
127 27
12 22
153 48
103 181
71 58
47 127
129 52
37 83
55 85
41 45
75 169
145 108
78 9
81 174
149 161
74 189
61 96
182 183
42 50
12 108
3 124
113 131
69 126
87 55
92 114
88 153
172 72
24 99
75 167
2 87
42 49
192 111
137 112
160 32
12 54
158 60
18 124
127 7
47 27
177 161
134 80
1 166
20 89
77 62
137 79
59 93
30 116
34 172
24 181
107 32
51 117
192 102
109 123
186 41
152 144
130 131
30 154
13 115
104 57
106 163
191 3
134 63
97 56
89 115
135 25
42 53
162 112
186 83
180 106
30 114
120 114
52 27
9 63
4 54
40 128
103 161
87 146
125 86
133 5
83 38
12 64
167 135
69 52
106 176
81 109
118 54
182 129
90 54
108 67
73 6
184 108
46 167
159 3
22 146
188 117
100 143
107 131
151 131
123 31
180 93
36 40
148 70
29 114
125 67
10 100
23 143
149 103
191 19
75 105
170 67
8 27
125 83
20 90
71 172
26 73
88 154
69 123
180 70
52 82
19 98
22 43
129 41
22 54
106 154
170 83
189 164
169 127
1 125
137 73
60 56
79 117
55 95
105 40
183 160
180 31
2 95
152 6
74 176
109 27
158 108
34 122
69 130
156 7
55 97
28 115
148 144
113 2
133 41
126 72
133 3
44 55
103 9
77 40
6 156
47 40
47 6
122 121
137 134
8 36
75 178
10 59
145 93
147 189
191 124
30 36
77 7
103 25
10 114
158 11
132 118
73 152
30 27
140 19
12 83
68 131
87 101
25 63
11 86
81 161
100 50
34 74
163 176
26 88
45 27
107 135
0 4
12 187
12 50
82 45
8 72
134 66
82 98
137 25
79 172
37 142
37 67
61 97
163 7
87 61
110 56
182 141
113 61
14 52
37 166
77 173
36 27
170 38
111 80
24 40
1 108
183 103
19 53
169 32
152 72
94 60
26 109
126 86
51 172
112 63
94 11
34 6
116 153
12 120
190 168
49 143
142 23
148 71
41 141
161 25
42 54
55 45
16 41
152 134
137 103
35 135
116 27
28 86
9 172
90 56
159 113
153 74
107 119
68 44
145 67
20 115
102 63
174 192
82 70
186 141
83 131
183 149
41 54
92 59
43 143
73 144
180 72
137 77
24 150
126 109
69 115
145 110
81 160
130 56
26 6
79 161
134 156
174 157
71 57
110 45
118 4
163 139
83 98
75 85
10 60
59 56
35 40
62 7
160 25
16 133
186 90
129 183
177 117
133 141
113 96
8 86
127 32
150 32
169 134
37 53
153 164
113 87
10 38
44 46
190 111
62 80
17 130
87 3
126 82
180 155
117 63
73 88
145 86
169 7
177 9
13 108
41 82
83 53
6 154
137 138
116 56
9 123
14 103
190 117
163 74
145 114
0 186
89 52
169 36
118 124
138 163
89 82
152 162
186 84
155 153
10 166
73 127
88 27
37 22
0 170
61 131
15 161
79 147
99 171
123 172
152 147
23 120
162 57
1 158
191 84
37 108
12 92
187 23
188 161
160 130
179 31
162 117
89 130
59 98
37 18
47 106
152 57
183 52
93 154
118 18
12 42
24 91
1 11
90 115
62 171
106 156
151 95
24 135
8 73
65 62
2 19
132 84
35 25
91 39
142 166
91 169
18 83
20 1
30 115
151 61
134 139
