70 105
0 1
0 2
0 3
1 4
1 5
2 6
2 7
3 8
3 9
4 10
4 11
5 12
5 13
6 14
6 15
7 16
7 17
8 18
8 19
9 20
9 21
10 22
10 23
11 24
11 25
12 26
12 27
13 28
13 29
14 30
14 31
15 32
15 33
16 34
16 35
17 36
17 37
18 38
18 39
19 40
19 41
20 42
20 43
21 44
21 45
22 46
22 47
23 48
23 49
24 50
24 51
25 52
25 53
26 54
26 55
27 56
27 57
28 58
28 59
29 60
29 61
30 46
30 54
31 52
31 60
32 48
32 56
33 62
33 63
34 53
34 59
35 57
35 64
36 49
36 65
37 51
37 61
38 46
38 58
39 51
39 56
40 60
40 64
41 49
41 55
42 50
42 54
43 48
43 59
44 52
44 65
45 47
45 57
47 66
50 67
53 68
55 68
58 69
61 66
67 64
67 62
65 69
66 63
68 63
69 62
