160 620
0 1
0 2
0 3
4 5
4 6
4 7
4 3
8 3
8 9
8 10
8 11
8 12
8 13
8 14
8 15
8 16
8 6
8 17
8 18
8 19
8 20
21 5
21 3
22 3
22 8
22 21
22 23
22 24
22 25
22 26
22 27
22 7
22 14
22 28
22 17
22 29
22 30
22 31
22 32
22 33
22 10
22 34
22 35
22 5
22 1
22 36
23 26
37 38
37 3
37 39
37 13
37 40
37 41
37 42
37 43
37 27
37 44
37 45
37 46
37 47
37 17
37 48
37 11
37 49
37 50
37 51
37 32
37 52
37 6
37 53
43 24
54 34
54 5
55 5
56 1
56 18
56 57
7 5
7 31
7 20
7 1
58 45
59 31
59 43
59 1
60 7
60 3
60 61
60 19
60 52
60 62
60 63
64 54
64 65
64 66
67 1
67 5
3 68
3 69
3 13
3 38
3 16
3 43
3 54
3 62
3 70
3 71
3 59
3 72
3 73
3 12
3 74
3 75
3 48
3 30
3 11
3 76
3 31
3 50
3 77
3 67
3 78
3 9
3 49
3 6
3 79
3 10
3 34
3 80
3 5
3 1
3 18
3 20
3 36
81 82
81 23
81 37
83 84
83 1
83 85
11 5
11 74
86 17
86 87
86 31
86 3
76 88
76 26
76 59
76 31
76 79
76 1
77 34
89 30
89 3
89 90
89 83
89 91
89 1
89 35
92 5
92 3
92 93
92 76
92 35
92 13
92 1
94 38
94 22
94 95
94 96
94 27
94 62
94 82
94 7
94 58
94 73
94 74
94 75
94 97
94 48
94 98
94 81
94 99
94 31
94 77
94 100
94 85
94 35
94 5
94 1
94 18
101 29
101 3
101 102
101 5
101 31
101 43
101 1
34 1
34 20
103 58
103 35
103 5
103 104
103 85
105 1
105 106
105 3
105 9
107 5
107 54
107 3
107 69
57 108
57 0
57 3
57 39
57 12
57 21
57 95
57 22
57 109
57 110
57 111
57 13
57 106
57 41
57 65
57 37
57 43
57 96
57 112
57 113
57 44
57 114
57 82
57 5
57 7
57 91
57 115
57 58
57 59
57 60
57 14
57 116
57 85
57 117
57 93
57 74
57 71
57 32
57 118
57 119
57 29
57 30
57 120
57 53
57 11
57 27
57 86
57 121
57 31
57 122
57 123
57 124
57 125
57 77
57 89
57 92
57 94
57 101
57 126
57 9
57 10
57 26
57 34
57 127
57 35
57 128
57 129
57 1
57 25
118 43
118 130
118 22
111 3
111 90
111 5
111 83
111 93
111 1
111 89
13 76
13 53
13 1
95 1
95 3
112 3
131 98
131 31
131 50
131 1
131 48
131 32
99 74
99 17
82 38
82 3
82 21
82 22
82 25
82 27
82 62
82 7
82 116
82 73
82 74
82 75
82 48
82 98
82 93
82 31
82 77
82 100
82 59
82 35
82 5
82 1
82 18
5 16
5 130
5 14
5 83
5 132
5 31
5 51
5 91
5 102
5 24
5 1
5 20
96 82
96 37
96 18
133 84
70 47
134 3
134 69
134 57
134 12
134 5
134 31
134 54
115 43
135 7
135 6
135 61
135 60
135 1
135 43
135 19
135 63
119 3
119 5
119 31
119 41
119 37
29 10
29 76
29 71
29 5
29 31
29 1
30 1
120 98
120 38
120 3
120 8
120 22
120 5
120 31
120 43
120 91
120 18
136 3
137 3
138 3
123 3
123 25
123 44
139 3
139 10
139 22
139 76
139 1
139 91
140 82
140 7
140 52
140 61
140 60
140 135
140 19
140 62
140 63
10 5
10 1
10 91
6 20
127 1
127 22
127 31
127 3
141 33
141 5
141 38
141 3
141 8
141 13
141 72
141 17
141 97
141 96
141 59
141 73
141 63
1 53
1 91
1 31
36 1
36 5
19 61
19 5
19 7
19 62
142 18
142 3
109 31
109 129
109 123
109 1
109 87
121 3
121 25
110 113
104 114
104 133
104 58
104 31
104 83
104 85
106 43
106 44
106 23
41 31
14 31
116 108
116 5
116 22
116 53
116 31
74 1
72 33
72 5
97 5
97 14
97 85
97 83
97 91
143 1
143 18
143 3
144 1
17 3
17 53
17 23
17 44
17 46
17 130
17 58
17 72
17 85
17 93
17 30
17 11
17 76
17 31
17 123
17 145
17 67
17 32
17 33
17 9
17 89
17 10
17 146
17 5
17 97
17 18
17 36
100 3
147 71
148 71
52 61
149 22
149 131
90 1
90 83
150 5
150 37
146 3
35 3
35 76
35 31
35 79
35 1
128 43
114 133
114 76
114 83
79 5
79 1
12 5
12 124
113 3
25 24
25 31
25 1
25 18
65 3
62 52
62 61
46 58
151 63
152 82
152 3
152 57
152 113
152 25
152 94
71 40
71 84
71 43
71 32
153 1
63 7
63 52
63 61
63 71
63 19
63 62
98 11
98 34
98 5
98 74
125 22
125 37
125 3
125 25
2 76
2 111
2 83
2 89
2 104
154 48
66 98
66 3
66 11
66 34
66 74
66 68
93 29
93 30
93 10
93 28
93 1
78 5
78 1
31 26
155 119
155 154
155 22
155 31
155 41
155 1
73 53
156 108
156 5
156 22
117 3
117 71
157 114
157 3
157 90
157 103
157 104
157 5
157 1
157 83
157 89
157 97
157 17
157 111
157 85
157 55
129 1
129 31
129 58
18 38
18 158
18 76
18 71
18 5
18 14
18 85
18 153
18 130
18 1
20 159
