197 243
0 1
2 3
4 5
6 7
8 9
10 11
12 13
14 15
16 17
18 19
20 21
22 23
24 25
18 26
27 28
29 30
31 32
33 34
24 35
36 37
38 7
39 40
41 19
42 43
44 45
46 20
47 48
49 50
51 52
43 39
53 54
55 56
49 57
58 59
60 56
61 62
1 63
64 65
53 66
67 68
69 70
71 72
36 73
74 75
76 8
10 24
35 77
78 79
80 81
82 22
83 26
84 51
62 11
37 85
86 87
88 89
90 91
92 15
93 30
94 95
6 96
93 96
97 72
95 98
99 100
36 72
101 102
103 104
25 75
105 106
26 107
92 108
68 109
78 110
101 111
112 64
113 83
60 114
20 115
116 117
97 85
118 38
54 65
22 119
62 120
31 121
122 123
9 124
61 125
17 126
127 128
129 6
130 131
35 132
133 87
24 134
69 135
136 137
99 47
138 4
139 140
134 141
33 142
74 143
144 64
145 137
32 44
70 37
44 41
32 146
147 148
98 47
149 57
50 9
53 150
12 141
151 152
153 61
94 115
61 51
71 154
155 47
156 18
113 18
40 141
157 63
66 158
110 112
63 15
156 103
159 118
105 160
145 161
162 119
163 42
164 29
165 94
137 148
146 166
65 124
82 115
157 45
40 167
118 168
11 48
102 132
169 58
159 108
170 47
159 171
144 115
172 79
173 37
122 89
104 47
174 94
151 48
163 175
176 130
153 120
124 37
177 178
21 27
172 35
49 112
105 179
93 164
169 149
180 52
31 166
24 125
145 136
57 33
20 74
88 73
181 173
111 131
2 182
176 81
38 147
153 183
184 185
2 186
30 108
129 103
187 70
13 116
183 11
184 24
41 93
36 154
17 24
123 154
43 91
173 150
153 133
43 176
128 175
10 61
158 188
158 68
162 115
6 147
62 152
16 189
67 5
190 14
84 52
171 136
156 99
24 23
101 167
180 140
191 121
139 192
61 25
87 10
3 0
5 109
193 131
80 114
28 188
61 52
191 182
95 17
194 166
168 96
36 135
143 192
190 179
193 195
84 184
196 181
16 177
147 189
195 55
127 81
50 59
171 168
192 120
132 142
24 117
174 17
