314 1425
0 1
2 3
4 5
6 1
7 8
9 8
10 11
12 13
14 15
16 17
18 19
20 17
21 22
23 24
25 11
26 27
28 29
21 5
30 15
31 32
33 34
35 32
36 37
38 39
40 29
41 32
42 43
23 5
44 45
46 47
48 49
50 13
51 29
52 15
53 54
55 5
52 32
56 32
57 58
20 58
59 45
60 61
60 37
62 63
64 37
59 11
65 66
67 61
30 68
69 15
20 70
71 63
72 58
73 66
74 54
75 76
77 32
78 66
51 11
28 79
80 34
81 8
82 29
83 68
84 70
85 13
86 29
87 47
88 89
90 89
91 3
92 11
93 70
94 49
95 96
97 29
62 79
98 3
50 70
56 19
99 100
101 76
102 45
103 58
104 19
105 66
106 45
107 79
72 49
40 63
108 47
102 63
12 47
53 63
109 32
21 39
110 45
111 112
0 113
114 22
115 116
38 68
46 96
117 17
118 70
119 70
120 17
121 5
122 96
123 47
124 34
125 45
36 61
33 37
126 70
127 128
102 79
56 96
129 130
131 5
132 39
133 47
134 68
135 76
136 63
137 63
138 37
139 100
12 5
119 140
141 13
142 19
143 8
144 54
74 29
145 58
132 5
146 32
117 49
69 112
147 113
148 140
6 149
150 66
146 68
50 24
151 3
152 100
126 49
146 19
153 27
80 37
114 39
124 37
154 49
155 58
156 54
157 11
158 79
159 5
160 149
161 66
162 96
163 8
71 45
84 47
164 45
55 140
165 58
166 112
75 22
10 149
87 70
73 54
119 13
167 3
168 70
169 68
115 8
170 13
72 17
55 70
87 140
106 11
158 54
171 32
172 39
110 43
167 70
78 96
121 70
173 5
81 17
174 3
40 54
175 11
176 29
177 15
178 24
176 11
115 29
179 34
180 89
181 58
157 29
7 17
182 29
82 54
7 49
159 140
183 54
4 13
184 68
185 54
20 49
186 8
187 13
160 11
91 70
64 61
188 5
189 68
0 17
190 37
191 37
192 47
23 140
193 3
194 11
195 96
196 32
197 22
156 45
123 5
10 27
198 19
133 96
189 96
199 45
40 79
200 45
201 17
202 58
203 49
171 96
126 3
204 37
205 15
206 63
139 76
207 66
208 11
209 70
145 49
210 24
193 79
38 19
110 211
75 5
212 22
213 29
108 140
111 34
214 37
215 96
216 13
194 54
217 24
36 211
109 15
42 37
218 68
26 68
219 45
121 140
4 70
56 68
220 70
154 128
221 15
198 39
35 39
94 140
104 32
222 49
158 45
166 66
51 54
172 5
223 128
186 3
101 22
224 68
214 61
30 96
225 22
83 15
93 13
94 34
226 37
99 22
74 11
97 63
227 32
223 27
227 96
25 116
228 130
122 32
139 22
229 1
230 112
106 29
231 76
137 45
232 116
202 70
164 61
233 5
206 79
91 49
234 47
235 130
169 128
136 54
205 96
107 54
185 96
236 130
136 45
142 68
71 54
175 116
227 19
237 11
238 11
9 116
239 68
143 58
10 116
107 63
240 66
184 89
143 70
241 76
240 58
92 79
201 3
94 128
42 61
172 76
145 17
59 29
242 58
171 15
223 68
243 19
192 70
187 43
67 43
44 11
143 17
117 8
9 29
244 66
103 49
25 1
31 19
245 89
98 79
33 113
176 54
246 34
247 37
169 89
248 24
249 63
250 1
250 27
219 63
157 63
251 130
4 24
252 130
77 19
209 47
203 70
253 15
206 54
254 128
255 45
256 116
7 70
118 140
26 128
59 63
159 70
257 13
88 27
97 45
258 54
259 34
177 96
260 79
261 149
262 89
263 58
230 66
264 13
99 39
173 100
151 17
265 43
174 70
93 5
158 29
242 8
266 49
181 3
184 128
107 11
120 49
55 24
165 49
217 113
138 211
60 43
267 130
52 68
9 19
117 3
186 17
238 149
160 27
180 79
214 45
134 39
14 112
243 8
48 17
254 130
268 49
139 39
269 58
228 89
270 70
153 116
136 11
271 149
86 19
272 113
273 29
191 34
165 17
18 15
135 130
274 130
264 140
170 63
226 34
249 11
258 58
203 8
275 43
247 45
224 32
77 68
132 100
105 37
31 39
65 47
276 70
277 61
241 211
144 11
277 37
276 5
250 116
203 17
131 47
46 66
209 5
212 5
278 96
276 13
279 140
177 39
117 58
249 29
280 47
141 70
226 66
266 3
110 61
240 54
106 63
237 27
281 5
30 32
145 70
282 54
267 27
28 11
259 37
216 70
16 8
283 17
204 45
151 70
279 13
172 22
209 24
83 96
103 8
189 15
198 32
7 3
215 15
264 47
215 19
201 70
284 29
177 32
268 128
285 54
265 13
286 29
266 17
287 37
269 3
71 29
150 37
16 58
233 140
251 68
31 15
229 27
288 49
194 45
93 140
218 39
166 37
246 140
18 32
52 19
289 17
259 112
181 49
135 211
231 100
267 128
38 96
95 32
167 58
290 24
252 27
77 96
28 45
291 149
290 5
110 37
163 58
292 19
278 58
218 15
41 89
31 96
57 17
157 79
81 3
169 130
182 45
293 47
165 8
173 76
167 17
108 24
73 47
205 39
87 5
294 45
40 45
97 11
256 11
295 19
293 13
74 45
296 96
133 54
186 58
224 39
269 17
297 116
261 11
195 58
53 45
136 29
238 116
154 34
255 54
180 32
91 17
182 63
107 45
230 37
44 54
298 96
299 22
167 49
203 3
195 66
300 22
179 128
205 32
230 113
227 39
95 68
160 1
25 149
127 68
242 70
97 54
159 13
296 68
12 140
188 22
301 3
147 66
209 140
151 58
302 11
235 27
243 29
285 66
161 113
283 24
303 61
69 22
156 63
102 29
137 11
237 1
21 100
189 19
101 100
123 24
257 140
270 17
2 58
225 112
213 79
180 3
148 34
277 45
262 68
247 211
239 89
84 13
191 113
221 96
170 43
198 15
12 24
81 70
36 43
296 32
67 211
289 8
146 15
289 70
177 19
168 5
304 15
286 19
253 19
258 66
250 149
90 32
92 45
255 11
35 96
28 54
121 24
111 113
55 13
2 49
38 15
247 43
207 34
108 13
305 13
190 113
120 3
178 1
177 68
204 211
201 8
67 37
121 13
164 37
134 19
171 19
306 68
205 68
91 8
80 66
161 34
44 29
123 70
229 116
304 68
282 29
295 68
253 39
266 70
286 116
35 68
222 140
293 24
214 43
289 49
266 8
87 13
288 128
208 116
278 66
118 5
73 96
307 39
193 89
232 149
167 8
71 11
220 24
55 47
249 79
7 58
308 32
207 113
266 58
125 37
220 140
42 45
78 58
152 149
30 19
241 130
220 5
293 5
83 19
280 70
290 47
88 68
226 112
297 1
305 24
20 3
193 32
293 70
50 47
298 15
192 13
224 19
174 17
129 76
124 113
95 15
309 29
172 100
230 34
307 76
155 47
104 68
145 3
44 63
206 29
153 1
188 100
213 63
222 34
162 54
82 11
260 3
131 13
163 70
114 100
168 24
191 112
129 211
292 116
125 61
194 79
253 32
297 27
26 130
201 49
132 76
257 70
190 66
240 96
210 1
247 61
200 54
215 32
301 70
4 47
294 37
204 43
148 49
295 15
306 128
133 66
281 47
171 68
246 49
256 27
277 211
200 79
269 8
197 76
287 66
304 39
290 140
274 128
168 47
264 70
102 54
260 32
65 96
236 211
287 112
36 45
183 66
299 76
202 49
56 39
253 68
142 32
295 39
289 3
192 24
222 128
185 47
144 45
292 29
80 112
272 24
179 49
220 13
0 24
114 76
309 79
299 5
134 15
267 89
147 34
233 13
185 58
155 66
6 116
81 49
165 3
235 128
281 140
88 128
93 24
152 61
155 54
67 45
119 24
195 47
307 5
304 96
84 140
274 89
280 5
250 11
212 76
216 24
189 39
179 140
133 58
95 39
301 17
146 39
310 37
300 39
311 24
305 5
270 49
123 140
305 140
87 24
103 3
244 58
178 113
245 79
224 15
106 54
263 17
235 89
23 47
206 45
41 3
308 79
231 5
287 34
121 47
274 27
272 1
292 8
102 11
282 63
181 70
85 24
196 19
194 29
183 58
16 49
286 8
119 47
262 27
279 5
275 63
294 61
42 211
101 39
62 54
220 47
84 24
237 116
309 11
38 32
99 5
190 34
206 11
78 54
60 45
219 54
164 211
146 96
190 112
145 8
309 63
252 128
303 149
150 113
263 8
239 27
46 58
126 58
214 211
35 19
169 27
18 39
262 130
188 76
53 11
137 54
248 1
134 32
234 96
156 79
85 70
98 89
283 1
234 66
274 68
154 140
85 140
122 39
301 8
185 66
200 11
74 79
242 17
291 100
309 54
304 19
245 32
95 19
125 211
138 45
235 68
175 149
105 112
215 39
141 47
148 128
275 13
305 70
262 128
119 5
117 70
183 96
62 29
26 89
165 70
264 5
203 58
312 15
75 39
290 13
255 63
302 149
278 47
287 113
125 43
233 70
259 66
6 27
158 11
197 39
80 113
14 22
199 37
301 58
309 45
173 22
255 79
205 19
227 68
294 43
30 39
198 68
284 116
300 76
188 39
300 100
23 13
215 68
166 34
263 70
51 63
232 1
311 1
173 39
124 66
251 27
194 63
208 27
28 63
264 24
101 5
73 58
240 47
183 47
147 37
136 79
163 17
276 47
157 45
163 3
84 5
60 211
280 24
2 8
166 113
108 5
298 19
92 54
244 54
270 58
195 54
213 11
289 58
138 43
122 19
144 79
141 5
285 47
171 39
98 32
131 70
120 58
64 43
21 76
254 89
176 45
251 128
97 79
311 113
248 113
253 96
175 1
285 58
48 3
109 96
278 54
2 17
279 24
223 89
127 27
176 63
16 3
310 43
232 11
51 79
244 96
16 70
126 17
257 47
155 96
59 79
261 116
107 29
181 8
105 34
281 24
187 63
236 76
227 15
118 24
256 1
176 79
228 68
249 54
62 45
269 49
304 32
297 11
138 61
159 47
295 96
142 39
231 22
123 13
302 27
252 68
118 47
303 100
267 68
233 47
199 61
256 149
260 89
93 47
218 32
265 63
157 54
277 43
305 47
85 47
164 43
218 19
182 79
126 8
83 39
31 68
231 39
103 70
52 96
244 47
259 113
213 54
263 49
263 3
122 68
120 70
162 58
257 24
160 116
72 8
184 27
280 13
144 63
200 29
174 8
219 79
271 100
92 29
270 8
57 8
311 17
127 89
237 149
217 1
208 1
196 15
310 45
312 22
48 58
127 130
44 79
298 39
184 130
273 19
302 116
40 11
221 19
216 140
200 63
279 47
216 47
273 116
283 113
213 45
310 61
64 211
233 24
23 70
239 130
258 47
153 149
71 79
249 45
90 3
294 211
50 5
270 3
33 66
251 89
219 11
142 15
12 70
4 140
109 39
57 49
75 100
109 68
196 96
182 54
228 27
279 70
132 22
298 32
141 140
52 39
114 5
301 49
238 27
91 58
202 8
82 63
178 17
147 112
272 17
288 34
131 140
299 100
120 8
139 5
196 39
131 24
161 37
225 15
210 113
72 3
6 11
288 140
57 70
151 49
307 100
269 70
104 96
280 140
229 149
268 140
156 29
56 15
308 89
223 130
242 3
161 112
192 5
296 19
248 17
33 112
201 58
296 39
104 39
108 313
181 17
51 45
199 211
59 54
234 58
306 27
239 128
308 3
242 49
198 96
134 96
86 116
106 79
290 70
81 58
46 54
228 128
115 19
85 5
197 5
105 113
57 3
159 24
41 79
163 49
282 79
137 79
182 11
137 29
197 100
2 70
261 27
150 112
65 58
20 8
174 49
143 3
189 32
282 45
53 79
199 43
276 24
291 61
204 61
299 39
175 27
258 96
35 15
208 149
254 68
65 54
284 19
77 15
111 66
212 100
196 68
221 39
281 70
306 130
285 96
77 39
210 17
271 61
48 70
86 8
217 17
192 140
243 116
246 128
78 47
122 15
156 11
216 5
109 19
143 49
158 63
150 34
293 140
252 89
245 3
144 29
298 68
48 8
310 211
92 63
186 70
153 11
62 11
207 37
221 32
90 79
53 29
282 11
141 24
257 5
218 96
104 15
221 68
25 27
202 3
18 96
72 70
82 79
111 37
284 8
255 29
88 130
234 54
124 112
82 45
295 32
64 45
261 1
50 140
191 66
224 96
10 1
83 32
254 27
162 66
232 27
238 1
276 140
300 5
118 13
281 13
306 89
186 49
162 47
18 68
226 113
268 34
219 29
74 63
168 140
174 58
207 112
297 149
212 39
108 70
168 13
312 112
273 8
209 13
103 17
202 17
151 8
296 15
307 22
142 96
99 76
302 1
229 11
