80 160
0 1
2 3
4 5
6 7
8 9
10 11
12 13
14 15
16 17
18 19
20 21
20 22
20 23
0 5
24 25
18 9
26 27
28 29
30 29
31 32
33 34
35 36
37 38
0 32
30 11
30 27
33 37
39 1
40 38
41 17
42 22
43 41
24 44
28 23
14 45
31 22
46 9
41 23
47 23
48 12
49 44
50 7
51 52
53 54
37 32
2 47
48 46
33 55
4 56
57 54
58 7
39 13
47 5
59 60
18 61
8 36
62 63
12 64
4 7
58 19
16 25
41 19
31 60
3 64
35 60
65 66
35 27
67 55
51 17
2 55
10 68
69 38
70 61
6 29
59 25
71 72
58 60
73 68
51 64
26 56
51 32
70 15
73 74
2 35
33 18
75 76
71 64
76 77
70 27
26 77
76 1
3 78
53 55
16 74
14 63
57 31
69 36
49 1
79 22
6 74
10 66
57 62
53 50
37 29
71 61
50 21
34 66
49 19
8 63
34 13
75 71
73 61
69 72
67 16
75 28
43 69
4 72
43 54
42 78
59 66
50 52
42 77
49 11
75 59
24 21
79 11
26 17
62 56
48 54
57 73
62 44
65 15
0 15
3 44
42 9
39 36
20 13
48 30
65 78
58 45
40 77
53 76
79 72
12 45
28 63
6 78
46 25
10 52
70 21
47 68
39 74
40 68
67 79
34 56
43 65
46 5
24 38
8 52
40 45
67 14
