113 161
0 1
2 3
4 5
6 7
8 9
10 11
12 9
13 14
15 16
17 1
18 19
14 20
21 22
23 6
6 24
25 26
27 28
29 30
0 9
31 2
32 19
33 34
35 36
37 19
38 39
40 15
41 42
43 44
45 46
47 48
49 50
32 5
2 51
27 43
52 35
53 33
54 55
56 57
58 7
53 59
4 39
34 60
52 14
61 62
50 63
59 61
4 18
3 64
23 65
31 66
21 67
68 69
22 70
59 71
72 73
74 65
23 14
38 67
75 76
77 63
26 35
78 21
54 26
64 79
11 20
49 9
80 81
82 39
18 5
83 20
67 22
49 84
42 43
58 14
85 82
14 86
67 70
34 71
77 12
14 84
87 50
78 87
88 89
90 22
59 91
92 15
0 17
93 28
94 95
96 69
4 50
55 40
8 88
97 98
20 85
32 4
99 14
53 91
78 12
99 85
14 95
6 100
75 74
21 12
93 101
17 61
52 76
53 102
26 95
31 103
33 60
101 51
59 104
38 87
17 71
44 56
37 90
25 69
4 90
96 10
103 105
35 76
30 48
23 24
53 104
32 18
23 16
96 86
33 106
65 72
2 107
77 88
4 20
93 108
91 24
100 91
108 57
29 97
109 41
107 36
27 45
47 90
107 105
8 110
94 92
11 83
90 70
76 73
46 109
34 81
35 68
111 79
98 112
80 62
2 79
73 103
6 0
102 106
96 111
84 82
66 57
