300 409
0 1
2 3
4 5
6 7
8 9
10 11
10 12
13 14
15 16
17 18
17 19
17 20
21 4
22 23
22 24
22 4
25 11
25 26
25 27
28 9
29 30
31 32
31 33
34 1
35 36
35 37
38 39
38 40
41 42
43 44
43 45
43 46
47 48
48 49
50 51
50 52
53 54
55 36
56 57
56 58
59 60
59 61
59 62
1 63
64 65
66 67
66 68
52 69
70 71
70 72
73 74
73 75
76 77
78 79
80 81
82 83
84 85
84 86
87 88
89 90
91 72
91 57
92 93
92 38
94 95
96 97
96 98
96 84
96 99
45 100
45 101
102 103
104 105
106 66
107 108
107 109
77 110
12 111
12 11
112 113
112 41
114 115
116 117
86 64
99 118
119 120
119 121
119 122
119 123
30 35
30 124
125 126
127 73
128 129
128 130
128 131
128 132
128 6
128 133
134 111
135 136
137 138
139 140
141 142
141 57
141 131
141 143
144 92
144 145
146 115
146 114
147 51
147 11
147 148
149 150
58 151
152 139
152 153
108 154
155 156
155 157
155 158
148 159
148 1
81 160
156 161
162 7
163 164
163 165
3 64
166 113
166 167
168 80
168 116
169 156
71 170
171 172
173 174
175 176
175 177
175 100
150 134
178 128
179 170
180 88
181 77
181 182
181 183
181 184
181 185
181 186
187 147
187 26
187 52
188 189
188 144
190 137
191 17
192 8
129 82
97 46
97 193
69 194
69 26
195 196
195 197
153 56
63 68
5 198
5 199
200 149
200 201
68 202
203 204
203 178
117 88
117 173
205 84
206 207
206 208
209 79
209 78
209 75
210 211
210 212
210 184
210 6
210 143
210 162
213 155
213 157
213 169
197 214
197 215
216 204
216 156
126 166
57 90
57 89
57 206
57 217
218 181
136 168
219 209
219 46
220 84
220 221
220 222
223 224
223 225
54 2
105 13
75 226
75 79
111 227
124 48
61 228
61 229
61 230
61 231
61 232
61 233
61 191
61 234
61 235
236 65
237 126
14 238
14 239
85 74
85 240
241 242
241 220
151 32
151 243
154 244
245 117
245 15
121 122
121 41
121 246
247 190
247 88
247 248
100 88
207 90
115 21
115 4
115 196
176 135
176 137
176 177
242 54
242 2
242 249
250 48
250 102
167 113
167 108
167 107
251 118
185 252
23 114
253 254
253 242
253 241
253 255
72 256
160 80
37 257
37 238
186 30
186 110
186 212
186 258
259 117
259 247
259 260
44 100
44 63
261 182
262 22
262 263
264 210
264 141
265 50
265 266
98 43
83 213
222 86
172 129
172 178
172 203
267 210
268 269
257 105
183 23
183 35
270 271
272 117
249 98
27 159
273 204
133 273
133 82
255 221
110 274
263 214
263 199
263 215
263 275
276 277
278 1
159 34
159 278
159 1
159 11
260 279
260 245
211 131
252 249
252 103
177 100
36 280
36 105
281 242
281 241
281 255
281 54
281 282
281 283
281 284
285 61
285 59
286 64
287 276
287 288
287 289
287 290
287 291
292 119
292 107
65 223
65 192
118 9
118 123
118 225
214 270
130 210
130 141
182 250
182 258
256 33
256 243
196 197
157 171
67 134
67 201
165 1
49 37
254 249
132 264
132 152
132 143
90 208
244 246
244 109
266 165
266 1
275 214
275 271
275 240
274 48
293 21
293 4
202 175
120 244
120 109
79 163
79 0
79 294
79 295
201 150
201 134
282 188
282 285
282 287
269 249
271 194
199 296
284 146
227 297
103 281
103 95
103 283
103 284
74 97
74 78
74 165
217 292
217 42
217 112
217 41
217 121
217 237
283 195
298 73
298 299
221 215
