443 590
0 1
2 3
4 5
6 7
8 9
10 11
12 13
14 15
16 17
18 19
20 21
22 23
24 25
26 27
28 29
30 31
32 33
29 34
7 35
36 37
38 39
2 40
41 42
43 44
45 32
46 47
48 49
50 51
52 53
54 55
56 57
58 59
60 61
62 63
64 17
65 66
4 67
68 69
70 71
72 73
64 74
75 76
77 78
79 80
81 82
35 83
84 85
86 4
87 11
88 89
90 91
92 23
36 21
42 93
94 95
96 97
98 99
100 101
11 102
103 104
6 105
106 107
21 2
108 109
63 110
111 112
113 114
115 38
116 117
118 119
14 120
121 122
123 124
125 126
127 128
59 129
123 130
131 132
133 134
88 33
135 136
23 137
38 106
138 55
100 139
140 66
141 59
142 143
144 145
146 147
148 12
101 149
150 102
59 126
151 60
152 153
154 78
36 155
36 156
157 158
159 137
160 161
162 163
94 164
100 80
165 166
167 168
140 169
170 70
171 172
36 173
3 174
175 176
177 178
7 179
180 181
49 182
98 5
183 184
185 186
187 188
189 159
23 190
15 191
192 162
193 194
4 99
195 178
196 25
197 120
198 199
53 200
127 97
6 201
175 11
151 202
152 70
203 42
137 204
7 205
120 206
207 208
24 37
209 179
210 211
212 213
214 182
215 216
217 218
177 219
118 27
220 221
10 102
198 211
222 223
121 224
225 226
227 228
229 230
231 172
81 173
232 199
233 154
234 235
46 236
237 18
82 238
141 162
178 221
162 156
239 240
241 242
243 224
244 197
245 199
43 246
247 28
248 249
250 120
251 252
253 175
67 175
254 33
255 93
236 256
7 257
148 258
259 240
260 261
36 262
263 15
264 12
91 265
93 266
267 145
185 59
268 269
270 23
271 272
79 101
147 51
267 88
273 237
274 275
261 276
277 278
18 156
279 15
24 280
24 19
281 282
283 11
284 213
134 285
164 204
161 137
286 287
134 89
288 289
112 147
152 290
291 179
292 17
66 119
49 139
293 104
294 291
56 295
296 297
298 12
44 299
300 44
185 184
301 302
82 303
120 304
236 181
45 88
305 32
187 166
131 169
21 114
306 307
308 132
309 3
310 299
97 99
311 235
152 71
12 312
313 314
315 316
229 137
317 292
68 318
319 175
283 282
160 82
294 320
321 202
229 322
323 324
49 227
325 51
326 327
154 297
328 113
101 139
291 329
213 194
235 309
144 74
330 264
95 2
236 224
331 40
68 216
332 13
23 95
106 238
72 17
333 33
35 179
75 144
277 334
335 147
336 337
103 128
284 338
219 339
66 169
340 341
151 342
262 343
344 153
345 346
164 118
87 24
347 281
121 348
25 252
253 67
349 152
53 315
350 107
212 351
7 352
353 272
70 290
125 160
21 143
55 354
75 355
302 232
93 356
80 216
357 358
359 285
284 360
280 161
64 221
91 227
165 82
268 240
361 125
357 100
207 161
39 9
81 161
362 98
274 363
364 82
148 66
147 120
160 81
32 88
128 104
3 365
366 117
364 218
197 249
64 216
367 40
143 368
369 48
36 370
273 176
30 371
243 76
48 277
147 309
372 373
269 352
293 5
231 259
203 41
159 229
374 33
281 285
269 239
35 149
12 258
291 375
135 164
158 292
7 220
43 345
241 114
376 256
377 247
24 161
156 378
295 118
43 299
148 323
379 378
380 181
301 381
212 194
296 382
298 164
251 161
201 315
69 383
384 71
171 385
386 309
229 387
250 244
147 189
203 15
269 257
388 119
86 293
340 184
389 23
390 276
298 391
392 138
311 393
183 61
180 265
326 342
124 64
363 394
329 209
269 395
115 106
396 327
32 214
251 306
265 224
379 397
100 153
175 226
135 12
398 89
132 399
264 312
38 302
1 317
120 400
32 254
353 399
377 277
64 72
156 401
86 104
335 50
43 346
402 8
231 329
269 299
323 394
397 260
346 299
106 82
141 24
403 289
250 51
75 404
188 208
396 405
313 358
32 145
357 313
361 406
286 354
407 408
125 343
116 85
89 190
160 116
409 40
29 410
202 288
372 411
205 179
214 180
158 64
124 216
398 33
66 27
403 373
336 231
407 59
154 337
379 276
203 118
412 300
274 272
344 100
357 110
32 182
413 368
394 414
415 256
233 195
416 341
402 381
213 417
202 57
212 20
305 74
96 67
418 189
42 356
49 256
196 36
3 40
228 216
163 419
420 352
219 54
70 384
303 309
227 80
407 126
75 421
177 422
420 423
109 168
395 221
187 218
157 30
72 424
379 95
310 269
257 383
262 425
144 47
21 260
426 112
377 28
317 55
369 377
24 287
390 401
36 389
6 52
366 393
427 57
317 282
306 428
220 69
215 68
273 167
330 12
327 260
161 381
368 242
105 429
75 145
412 221
84 102
191 40
159 17
100 110
123 430
308 431
49 180
97 108
48 265
82 386
129 432
433 217
148 271
155 173
186 397
336 233
104 99
54 16
148 353
305 267
7 149
213 434
398 88
55 102
16 229
120 435
6 35
223 317
148 436
405 413
54 339
90 79
20 343
3 437
325 93
3 438
377 91
439 337
440 13
64 305
420 441
345 44
16 221
433 39
442 427
328 142
273 96
416 56
338 113
232 211
65 169
353 431
141 225
411 203
349 80
233 300
