462 620
0 1
2 3
4 5
6 7
8 9
10 11
12 13
14 15
16 17
18 19
20 21
22 23
24 25
26 27
28 29
30 31
32 33
26 34
35 36
37 38
39 40
9 41
42 43
44 45
46 47
3 48
49 50
51 52
53 54
55 56
57 58
59 60
61 62
63 64
65 66
67 68
69 70
71 72
72 60
73 49
2 74
75 76
77 78
79 80
81 82
80 60
83 84
85 86
87 3
88 89
89 90
91 29
30 92
93 94
95 96
84 31
97 98
99 100
70 101
102 103
104 102
105 106
107 108
109 68
9 110
111 101
5 112
113 92
114 115
116 117
118 119
118 103
104 120
121 122
17 123
124 125
20 77
81 126
106 103
127 128
129 130
131 132
133 134
118 105
135 136
137 138
139 140
141 39
142 143
144 145
146 147
148 149
150 120
151 152
118 74
153 110
154 41
155 3
156 157
158 159
160 161
162 163
164 165
166 46
60 167
168 169
170 171
172 173
174 157
175 176
177 68
137 178
179 180
181 83
182 183
184 7
185 28
20 186
15 187
188 102
189 190
191 192
92 83
191 7
193 64
194 195
32 196
197 198
97 199
52 200
171 181
201 60
202 203
63 165
204 136
205 194
206 207
203 208
17 209
180 210
130 132
211 212
161 213
214 215
216 138
217 151
181 218
219 220
221 17
97 222
223 43
125 192
224 225
226 87
52 152
129 227
178 223
11 228
20 229
197 178
221 146
223 230
55 231
232 233
12 234
235 236
97 142
195 237
238 239
125 2
26 240
241 242
221 16
243 244
245 246
182 247
175 248
196 249
91 250
183 251
20 211
252 253
254 255
256 257
258 259
179 235
60 8
260 104
102 178
261 262
263 223
264 265
22 127
266 267
268 269
270 215
220 271
192 12
50 272
175 273
11 274
275 276
197 277
77 186
278 279
280 281
97 247
62 67
282 119
30 283
284 285
44 286
287 288
33 289
290 291
292 96
29 293
2 201
294 182
145 295
296 60
264 297
63 298
131 136
18 67
60 9
215 299
300 98
222 294
30 83
95 301
260 150
20 302
303 304
305 38
9 306
146 307
308 153
101 31
106 53
309 150
310 311
238 312
177 313
131 193
218 262
131 144
265 148
55 71
131 164
147 314
315 316
260 317
97 318
319 320
63 26
278 321
12 322
161 323
92 324
289 325
272 326
275 327
328 329
330 324
252 320
142 331
106 332
116 333
280 287
126 334
149 335
323 336
118 337
85 338
128 52
339 9
340 308
341 320
342 38
343 101
177 344
314 307
2 192
345 278
63 331
68 19
280 75
246 346
98 347
348 349
350 7
2 15
233 219
134 351
352 353
304 144
236 35
342 312
224 15
255 141
354 355
356 223
54 357
53 358
257 269
11 53
133 135
309 359
88 185
332 99
130 204
360 225
161 361
251 362
76 202
363 335
307 123
147 123
75 202
364 330
365 250
131 142
366 201
137 332
367 4
20 368
369 59
131 134
370 71
371 320
370 231
75 28
95 372
366 337
63 240
146 17
332 67
291 180
2 51
215 266
373 374
355 254
358 375
376 377
219 170
281 378
201 51
328 339
365 208
240 379
61 67
345 380
67 109
9 308
2 191
150 359
285 245
107 29
381 57
105 103
356 382
383 334
154 384
267 275
385 209
378 93
166 256
97 118
60 339
40 52
92 386
66 53
142 4
387 161
315 157
56 388
45 359
161 389
390 320
34 240
391 320
392 115
191 188
97 303
14 225
99 393
20 394
138 395
105 343
396 175
115 397
383 166
173 340
122 381
242 38
0 392
161 398
224 399
46 297
400 242
15 360
63 401
402 27
403 33
295 300
404 373
0 169
303 347
32 359
142 405
9 406
175 407
338 80
18 61
401 367
275 119
260 408
233 264
409 72
410 359
59 411
408 104
131 412
343 92
60 328
166 118
164 412
226 413
166 105
406 56
89 7
50 414
348 333
345 376
63 142
345 415
416 268
417 279
72 205
144 135
197 418
419 420
119 158
421 364
343 364
137 99
422 246
382 263
208 423
197 102
356 42
69 343
86 369
207 6
424 425
32 325
83 426
198 427
428 51
421 343
23 51
240 402
429 320
142 112
161 103
161 92
413 155
103 178
67 19
161 430
311 328
431 420
432 13
113 168
433 153
270 434
150 102
275 435
326 436
95 244
366 118
437 310
69 420
253 320
2 118
102 438
131 298
201 118
36 218
208 29
439 242
409 56
334 440
46 374
279 441
11 442
397 443
32 44
288 90
268 444
221 209
232 349
212 383
106 95
60 437
432 12
103 66
131 97
307 445
197 446
148 181
329 339
263 230
346 1
194 338
447 443
448 24
15 225
46 264
434 119
137 345
32 289
139 449
131 63
448 38
413 450
451 189
116 404
299 275
166 175
289 249
381 280
322 13
352 171
452 226
259 377
279 258
239 157
97 63
218 114
161 162
275 159
436 414
384 49
82 440
383 320
168 179
210 0
453 200
103 168
97 182
72 296
150 104
95 292
188 221
121 7
454 168
2 366
102 192
142 401
339 154
358 455
206 108
456 38
343 111
92 283
411 328
388 172
89 457
184 350
271 353
118 188
191 118
354 51
298 26
399 15
458 124
450 48
410 196
161 454
257 139
100 393
251 405
106 137
247 199
58 94
459 11
142 318
308 73
47 117
53 460
428 453
32 104
351 379
97 251
77 451
191 119
51 217
343 70
419 69
361 213
88 75
143 362
7 461
97 227
95 243
211 366
188 192
187 225
7 29
104 286
167 9
91 293
443 422
46 233
208 250
238 424
317 309
237 85
