73 95
0 1
0 2
1 3
1 4
5 6
5 7
5 2
2 8
9 10
9 3
11 12
11 13
11 3
3 13
3 14
14 10
14 15
16 17
18 19
18 20
13 21
13 22
21 22
23 24
23 25
26 27
26 28
29 30
29 31
31 27
31 32
31 33
31 30
34 35
34 36
34 37
35 12
38 39
38 40
39 41
39 40
39 42
39 37
41 43
44 42
44 22
42 45
42 37
37 19
37 45
19 46
19 45
19 47
17 20
17 47
33 48
48 49
20 50
51 52
8 53
54 32
54 55
32 25
32 24
56 15
56 53
28 57
57 49
10 36
10 12
58 30
36 30
59 55
59 60
59 30
30 46
30 55
25 60
43 61
61 62
63 40
40 64
40 22
65 22
62 66
66 67
67 64
68 6
68 69
70 7
7 71
71 52
52 72
72 4
4 69
