2736 3495
0 1
2 3
2 4
5 6
5 7
5 8
5 9
5 10
11 12
13 14
13 15
16 17
18 19
18 20
21 22
21 23
24 25
26 27
26 28
29 30
29 31
32 33
32 34
35 36
35 37
38 39
40 41
42 43
42 44
42 45
42 46
47 48
49 50
51 52
53 54
53 49
55 56
57 58
59 60
61 62
61 63
64 65
64 66
64 67
68 6
68 69
70 71
70 72
70 73
74 75
76 77
78 79
80 81
80 82
83 84
83 85
83 86
87 88
89 90
91 92
93 94
93 95
96 97
96 98
99 100
99 101
102 103
104 90
104 105
106 107
106 108
109 110
111 112
111 113
114 115
116 117
116 118
119 120
121 98
121 122
121 123
124 125
124 126
127 66
127 128
129 130
79 131
132 133
132 134
132 135
136 137
138 139
101 140
101 141
101 142
143 144
145 146
147 148
149 150
149 151
149 152
153 154
155 156
157 158
159 160
159 161
162 163
164 165
166 167
168 169
170 171
172 173
172 174
175 176
177 178
179 180
181 182
181 183
184 6
185 186
187 188
187 189
190 191
190 192
193 194
193 195
196 197
196 198
199 200
201 202
201 203
201 204
205 206
205 207
208 209
210 211
212 213
212 214
215 216
215 217
218 219
220 221
220 222
220 223
224 225
226 227
228 229
228 230
231 232
233 234
235 236
237 238
237 239
237 240
241 242
241 243
244 245
246 247
246 248
249 250
251 95
252 253
254 255
256 257
256 258
256 259
260 261
12 262
263 264
200 265
266 267
268 269
270 271
272 273
274 275
274 276
277 278
279 280
281 282
283 284
285 286
287 288
289 290
291 292
293 176
294 295
294 296
297 298
299 300
299 301
302 303
302 304
305 306
307 308
309 241
309 310
311 312
313 314
313 315
316 317
318 319
115 320
321 322
323 324
323 271
323 325
326 327
326 328
329 330
329 331
332 333
334 335
336 337
336 338
336 339
340 341
340 295
342 214
146 343
146 344
146 345
346 347
346 72
346 348
346 349
350 351
350 352
353 354
353 355
7 356
357 358
357 233
359 360
66 361
66 362
66 363
66 364
66 365
366 367
366 66
366 368
366 369
366 370
371 372
371 373
371 374
375 376
375 377
378 379
380 381
380 382
380 383
384 385
384 386
387 388
389 390
391 392
393 394
393 395
396 397
396 398
399 400
401 101
401 402
401 403
85 404
85 405
406 87
406 378
407 408
409 410
409 411
412 377
413 414
413 415
413 416
417 418
419 119
419 262
420 421
422 279
39 423
424 425
424 426
427 428
429 430
431 432
431 433
431 434
435 364
436 305
436 437
438 439
438 440
441 442
441 443
444 445
446 447
446 448
449 450
411 451
452 453
454 455
454 456
457 458
457 459
457 460
461 462
463 464
465 466
467 468
467 469
467 88
467 470
471 472
473 219
474 475
476 477
478 479
478 183
480 481
480 482
483 484
483 485
483 486
487 488
489 490
489 491
492 493
492 62
492 494
495 496
221 497
498 499
498 500
501 92
502 476
503 504
503 505
506 507
506 508
509 510
511 320
512 513
512 514
512 515
325 516
517 518
519 520
521 500
522 523
522 524
522 525
522 526
527 528
529 530
531 532
531 533
531 534
535 536
537 538
539 540
539 541
539 542
539 543
539 37
544 545
546 388
547 548
547 549
550 551
550 290
540 312
552 553
554 555
556 557
558 504
558 559
362 560
362 561
362 370
562 563
562 564
565 566
567 568
567 569
525 570
112 571
112 572
112 573
112 574
112 575
112 576
112 577
98 578
579 580
581 582
581 583
581 584
585 586
587 3
587 588
589 447
589 42
589 590
589 60
591 592
259 554
593 594
595 60
596 597
598 599
600 601
602 603
604 605
606 475
606 1
607 608
607 609
610 611
610 612
603 613
163 614
163 491
615 616
197 617
618 619
620 621
622 623
622 624
622 625
626 627
626 287
628 629
628 630
631 632
631 633
631 552
631 634
635 636
635 637
638 639
640 641
642 643
216 644
216 645
646 647
648 649
648 85
650 651
650 652
650 653
654 216
654 655
654 656
657 658
533 659
533 660
661 662
663 664
403 665
403 203
666 667
668 669
670 671
672 673
672 509
674 367
675 676
675 677
504 678
504 566
504 679
680 621
232 681
682 683
682 150
684 685
684 319
684 686
684 359
687 289
687 154
688 689
690 691
692 693
694 695
696 697
698 699
700 701
700 702
703 385
234 704
705 706
707 708
707 709
710 711
710 712
713 714
713 715
716 717
718 719
720 334
720 721
722 723
722 724
722 725
722 230
726 727
726 728
726 729
726 730
726 731
726 732
733 734
735 736
735 737
735 738
735 739
740 741
742 658
743 744
743 151
745 746
745 747
745 748
315 749
750 751
750 457
750 752
753 754
753 755
611 443
756 757
756 758
759 337
759 760
759 761
762 763
764 765
766 767
766 768
769 770
769 771
772 288
772 773
774 775
774 776
774 451
774 777
774 778
651 779
780 577
780 781
780 782
783 497
783 784
785 421
786 787
786 788
789 790
791 792
791 793
794 795
794 796
797 798
799 800
799 801
799 151
802 146
802 803
328 382
804 805
806 807
808 809
808 310
810 811
810 812
810 813
814 361
814 815
816 817
818 819
820 821
820 499
542 36
822 823
822 56
824 825
824 826
827 828
827 829
691 54
691 830
831 468
832 148
833 834
833 835
836 837
836 211
838 839
838 160
840 841
777 842
632 843
194 783
194 844
845 846
65 847
848 849
850 851
852 853
852 854
852 855
852 856
857 858
857 312
859 860
859 861
862 863
864 865
866 464
866 867
868 869
868 870
576 575
871 872
841 873
841 874
875 376
876 877
876 878
879 880
879 456
881 882
881 883
773 884
885 886
885 887
888 889
888 573
890 789
890 891
892 164
893 894
893 292
893 895
893 896
897 567
898 899
898 138
900 901
900 902
903 519
903 904
905 906
907 908
907 909
910 911
910 912
82 913
82 914
82 915
82 916
917 918
919 920
921 922
721 339
721 760
721 211
923 924
923 925
926 927
928 929
928 930
931 932
933 740
934 491
935 936
935 937
935 938
935 939
940 941
158 942
158 943
158 944
945 946
947 482
947 171
656 381
948 297
949 950
834 951
952 953
952 954
955 956
957 958
957 959
957 960
957 961
957 962
957 963
957 964
965 966
967 968
969 970
969 971
972 973
974 174
975 941
976 624
977 737
978 979
978 916
978 980
978 981
470 601
982 983
982 20
984 985
984 861
986 987
986 271
319 988
989 990
989 991
992 993
992 292
994 949
994 995
996 997
996 998
459 999
432 1000
1001 1002
1001 1003
1004 432
1005 1006
1007 1008
1009 921
1009 1010
1009 1011
1012 1013
1012 1014
1012 1015
1016 340
1017 843
1017 1018
214 1019
214 1020
1021 882
1021 1022
867 282
1023 1024
1025 776
536 1026
1027 1028
1027 1029
1027 1030
292 1031
1032 569
1032 1033
1034 1035
998 1036
1037 1038
1039 1040
1041 1042
1043 1044
1043 1045
1046 1047
1046 1048
1049 545
1050 1051
1050 534
1052 880
1052 88
1053 1054
1055 1056
1055 529
1055 1057
1055 1058
1055 1059
1055 1060
1061 462
1062 554
1062 1063
1062 1064
1062 1065
1066 913
1066 1067
1066 1068
911 1069
1070 1071
1070 1072
677 1073
1074 54
1075 1076
1075 1077
1078 429
1078 1079
1078 1080
1078 1081
1078 38
1082 742
1083 1084
1083 312
515 1085
515 1086
1087 367
1088 116
494 62
128 362
128 1089
128 1090
128 894
128 1091
1092 801
1093 663
1094 967
1095 1096
1095 1097
1095 755
1098 1099
1098 1100
1101 1102
1103 1104
1103 357
1105 1106
1105 1107
1108 1109
1110 1111
1112 581
1113 1114
1115 697
1116 1117
1116 558
1116 1118
1119 1120
1121 1122
1123 1124
310 1125
440 1126
45 125
1127 456
1128 1129
1128 1130
1131 955
1131 473
1132 1005
1133 1134
1135 1136
1137 928
1137 1138
1137 1139
1140 1141
1140 1142
1143 1036
92 137
1144 1145
1146 970
1147 1148
1147 1149
1150 1151
1152 1153
1154 1155
1156 734
1156 1157
1158 989
1159 1160
1159 1161
1162 452
486 1163
486 123
686 1164
686 1165
1166 1167
1166 1168
887 1101
1169 1170
1169 478
1171 1172
1171 1173
1171 1174
1171 267
856 995
1175 1176
1177 1178
1177 1179
1180 286
1180 1181
1182 1183
1182 1184
1185 111
1185 1186
1185 258
1185 1187
1188 1189
1190 1145
1191 1192
343 1193
1194 1195
1196 766
1196 1197
1198 1199
1200 589
1200 454
1201 199
1202 1203
896 1204
896 1205
1206 1207
1208 412
1209 1210
1211 1212
1213 1214
1213 1215
1216 973
1216 1217
1218 372
1218 1219
1220 1221
1222 1223
1224 1225
1224 1226
1227 1102
1227 1228
1227 1229
1227 1230
1231 1232
1233 1234
715 1235
1236 1237
1238 1239
1238 1240
1241 137
1241 1242
1243 890
1244 1079
1244 829
1245 1246
1247 1248
1249 1250
1251 1252
1251 1253
1254 908
1254 1255
1256 1257
1256 1258
609 1259
1260 1261
1262 54
1262 785
1263 1153
956 1264
1265 1266
1265 184
1265 1267
1268 1269
1268 1270
1271 963
341 1272
1273 1274
1273 1275
1276 54
1276 1277
1278 1279
1280 1281
1280 430
1282 383
1079 746
108 1283
1284 1285
1286 721
1287 479
1288 1289
1290 437
755 1117
755 1291
755 1292
1293 711
1294 1295
1294 1296
1294 1297
1298 12
1299 1300
669 284
1301 542
1301 311
1302 1303
594 1304
594 820
1305 1002
1306 1307
1306 1308
1309 810
1309 1007
1310 1311
1310 1312
1313 1054
1313 1314
1315 1316
1317 1318
1317 1319
1164 867
1164 1165
1320 1081
1320 1321
1322 1323
1018 1324
1325 1326
1327 652
1327 526
1328 795
1328 490
1329 755
1316 1330
1316 276
1316 1331
1022 1332
1333 1334
1335 1314
709 1336
1337 1338
1339 1340
1341 84
1342 1343
1344 1013
1344 1012
1344 1345
1344 89
1344 778
1346 1347
1346 1348
1349 1350
534 1197
534 1351
534 51
534 1352
534 914
1153 1353
238 724
238 1354
238 512
238 1355
1356 1357
1356 327
1356 1358
1356 583
1356 1359
895 1360
895 189
94 1361
1362 1095
1362 566
1363 1364
1365 657
1365 1366
1367 1368
1367 1369
1370 1371
1370 739
1372 1373
1372 897
1374 1375
1376 408
1376 1377
1376 561
1376 862
1376 435
1376 1378
1376 1379
1380 1381
1382 958
1383 1014
1383 1244
123 1384
123 333
1385 1386
1385 1387
1388 1389
1390 1391
1390 644
1392 214
1393 1394
1393 32
1393 1395
1393 1396
1393 1126
117 276
1397 1398
1397 1399
1400 1401
1402 1403
1402 176
1404 1234
1405 1406
1407 1408
1409 1198
1409 1410
1411 1412
1411 1413
1414 1307
1415 1416
1417 882
1418 1419
1418 1420
1421 568
1421 1422
1421 569
1421 897
1423 1424
1423 1425
1426 150
1426 1427
1428 1266
1429 1430
1431 578
1431 1432
1433 1434
1435 1436
130 1437
1438 1102
1438 511
1439 1440
1439 1441
1439 652
1439 1078
1442 1127
571 572
571 1443
1444 614
1445 741
186 455
186 1446
186 1447
186 1243
186 874
1448 1449
1448 1450
1117 1429
1117 1188
1117 1451
1117 1452
1453 522
1453 1231
1453 524
1453 828
1454 807
1454 1455
1456 1457
1456 1389
1456 1458
1459 1460
1459 652
1461 1462
1141 1463
100 1464
1465 1400
538 1466
1467 755
126 1468
1469 1470
1469 1
1471 1019
1351 585
1351 1132
1351 120
1351 1472
1351 1473
1474 1025
1474 1475
1474 1476
178 1088
1477 890
1478 778
1479 680
1480 1282
1481 1176
1482 879
1483 1271
1483 924
1484 1109
1484 1485
1484 1486
1484 1428
1487 1150
1487 1472
1488 392
1488 1393
1488 1489
1490 631
1490 1491
1490 1492
1493 1492
1493 1494
1493 1495
1496 1172
1496 1107
1497 1498
1497 971
1497 1499
1497 915
1497 564
1500 437
1501 1108
1501 1502
1503 1457
1503 355
1504 1267
1504 1505
1506 1507
1506 1508
1509 1349
1509 1510
1511 92
1511 137
1063 1512
1513 314
1514 1515
1514 1202
1516 909
1516 625
1516 204
858 1517
1518 1519
936 795
936 1520
936 1521
936 1522
1523 1524
1525 1526
1525 873
1527 1528
950 1529
1530 75
262 1531
262 475
1532 1533
1534 1535
1534 761
1534 1536
1534 348
1534 748
1537 618
1537 1058
1538 1539
1538 1540
944 1541
1542 1543
1542 131
1544 1300
1544 322
1545 636
1546 1547
1546 1548
1546 1549
943 1550
1261 148
1270 1551
1552 520
1552 646
1160 1553
1554 753
1554 1555
1554 530
1556 25
1557 239
1557 1558
1557 1559
1557 850
1560 1561
1560 1562
1563 1564
1563 535
1167 569
1565 1125
1566 1567
1566 641
920 1568
920 899
1569 1260
1569 1570
1569 1571
1569 1572
1573 1574
1575 1576
1575 791
1575 537
1575 1577
1578 1380
551 481
551 377
551 1579
180 1079
180 1580
1581 894
1581 1582
1183 1531
839 1246
1583 882
1584 1339
1584 1585
1486 1586
1486 1485
1587 1588
1587 791
1589 1590
1589 1591
462 376
1592 148
1592 1593
1125 394
1594 1164
1594 1433
1595 1375
48 1596
1597 640
1597 1598
1307 1599
1307 1071
1600 1601
1600 1578
1600 192
1030 1602
738 160
1603 1604
1603 1605
1606 1352
1606 1607
1608 948
1608 1135
1609 1072
1610 1611
1610 1612
1613 818
1613 1402
1613 1614
725 1615
1616 1617
1616 1618
1619 191
1620 1621
1622 1220
1622 1623
1624 1605
1624 1625
1470 120
658 718
658 1366
1391 581
1626 1627
1628 1136
973 817
1572 865
1572 1629
1572 1570
1630 1631
1632 1633
1632 1634
724 1445
724 546
724 1195
724 1355
1635 655
1636 1053
1636 484
1637 910
1637 1638
1639 188
1639 1640
1639 863
1639 896
570 1398
570 1641
1642 979
1642 1643
1642 1644
1645 1646
338 324
1647 1648
1649 528
1650 1499
1651 1652
1653 1654
1655 599
1010 1225
174 1656
174 390
1571 1657
360 662
1658 1659
1658 1660
1661 882
1662 1663
1662 264
269 1664
1069 633
1069 1003
1665 1561
1665 1666
1665 1667
1665 1668
1665 1669
1665 1670
1671 1297
1671 1672
823 1673
1674 21
1674 1675
752 165
1676 676
1281 1677
1281 652
1281 653
1678 1679
1680 491
1680 1681
1100 1375
1682 1683
1684 261
1684 1685
1686 352
1686 1687
1686 1688
1686 1689
1686 1139
1690 176
649 1691
1692 1693
870 1694
1695 379
1696 603
1696 934
1697 1698
1697 1699
1232 1700
1389 1045
1701 1702
1703 1704
1703 1648
908 58
908 622
908 624
1705 1706
1707 1389
1707 1406
1708 1142
1709 1710
1709 845
826 877
853 1044
853 41
853 856
853 1711
1242 1712
1242 92
1713 551
1713 1714
1715 1716
1715 1717
1718 1544
1718 1630
1719 1720
1719 1721
1722 1723
1724 1725
1726 576
1727 763
1728 92
1728 1729
1730 676
1730 443
1731 616
1731 1732
1731 1068
1731 563
1733 425
1733 1344
1734 284
1735 1736
1735 443
1737 1738
1739 1740
1704 1741
758 1742
788 1669
1743 684
1743 499
1395 916
1395 1744
1395 82
1745 251
113 1588
113 1295
113 1186
113 151
113 533
588 771
1746 1094
1746 1747
442 1748
1422 1749
397 1623
1750 1340
14 1751
1752 1753
1752 1754
1755 1756
1755 206
1755 1757
103 754
1758 1759
1760 591
1761 1189
1761 1762
1763 1764
1285 77
1285 569
1499 635
1765 1766
1765 1767
793 1768
671 1769
1770 1771
699 54
1519 499
1519 988
1772 1773
1772 1662
1772 1774
1772 961
942 1462
693 1775
1776 1201
1776 505
1777 1778
1777 1779
1567 704
1567 1040
333 1780
1781 1782
1781 605
1783 1455
1784 60
1785 1786
1685 1787
1788 1634
1788 1789
1574 115
97 1790
97 332
1791 867
1576 1705
1186 1792
1186 1512
1793 1794
1793 1207
15 1795
203 1463
203 1796
203 1797
203 1798
605 1541
1799 1800
1799 945
1801 755
23 1787
23 1513
1219 1802
1803 1804
1803 1805
1803 736
1369 1806
1369 664
1807 695
1753 1648
1808 1322
1808 1809
1810 1811
1810 1373
1812 1813
1814 1815
1814 1816
1817 696
1817 1818
1819 922
1820 871
1820 366
1820 64
1820 1821
1822 1061
1822 1713
140 1823
140 1824
140 1072
1825 322
1826 946
1827 1828
1827 1829
1827 312
1221 679
1353 1343
1830 867
1831 1832
1831 1023
1831 663
1833 1834
1833 137
966 54
1835 1695
1835 678
1699 1836
1768 1466
1837 1257
1837 1838
1839 1840
685 1164
685 1841
1842 1843
1844 293
1844 1845
368 1846
1522 795
1522 306
1522 491
1528 1538
1847 1297
1847 170
1848 1849
1848 1850
813 1851
800 1852
800 1651
800 804
639 580
1853 470
1854 664
1321 1855
1856 1461
1856 645
1604 1631
1118 1491
1118 755
1054 1857
1054 658
1054 1858
1054 719
1859 1128
1860 1861
156 1499
1862 81
54 301
400 1475
1863 964
1863 264
1864 1865
1447 1421
1866 213
1866 616
1866 236
1866 156
1866 564
1867 1079
586 606
1868 1869
1868 1659
1870 23
1852 1871
1852 149
1852 1092
1872 728
1873 1874
1875 1656
240 1663
1876 23
1877 1878
1877 1879
904 221
1880 1184
1880 137
1881 1122
1882 941
1675 1883
1884 41
1884 856
1884 1711
1885 985
1570 1415
1570 148
1570 279
410 776
1886 1887
1886 1888
105 1012
105 1209
1889 389
1889 1666
1318 676
1890 871
1890 1891
1890 1254
1890 1892
1893 981
1894 1895
1896 1897
1896 1692
1898 472
1223 1164
1223 521
1899 56
1900 1278
1901 1569
1901 196
1902 1903
1902 255
1902 1694
1904 262
1905 1906
1907 1908
1909 1136
1910 1668
1911 1912
1913 1522
1913 528
1533 692
1533 1302
1533 1811
1533 1914
1553 1915
1174 1916
1174 1288
1174 1107
19 1706
1258 1142
1258 1917
1759 1026
1759 1918
1919 1134
1919 221
1920 1882
1920 877
1591 1921
1922 1923
1924 1539
1924 598
1924 1165
1925 901
1925 735
1789 1035
1926 1556
62 1155
1927 1928
1927 564
1929 1587
1929 1511
1929 1575
1929 1930
1931 1932
1931 643
1933 14
1933 1934
1935 1894
1324 1936
1725 198
543 1159
629 1937
541 1100
217 1938
1939 469
1939 1940
1941 1795
1941 1751
1942 1026
1943 1944
1943 1125
1945 760
1945 1402
223 1111
882 23
1946 1947
10 347
10 1948
1949 1780
1949 1678
1949 1689
382 1950
1951 1032
1952 1442
1953 894
1953 368
1954 1955
1956 927
1956 1338
1957 1531
1958 1959
1958 764
1960 190
1960 1961
1962 1963
1962 1867
1962 1964
664 1965
664 1922
941 1966
941 1321
1967 1408
1968 714
1968 670
1969 1604
1970 1353
1970 1971
1972 1973
891 1940
1593 882
1974 1012
1975 1562
1562 160
1976 1494
1976 232
317 1977
317 681
1978 1375
1979 1252
1979 1100
1979 1809
1980 1981
1980 456
1982 1983
513 1340
513 1984
513 1985
513 1195
513 1986
1987 1156
278 1117
278 638
1660 1988
1747 1989
1990 1804
1991 12
1992 384
1992 1476
1993 1874
1993 1994
1993 512
1993 1995
1350 450
169 1996
169 1997
169 1653
1998 1337
1998 1414
1999 1209
2000 358
2000 1909
1205 2001
2002 1347
2002 1928
2003 1010
2003 922
2003 434
2003 2004
2005 873
2005 1404
2006 596
2006 2007
2008 343
2008 1178
2008 1330
2008 1649
1779 2009
2010 12
1843 2011
2012 1919
659 660
1698 1730
2013 1912
1773 485
1773 2014
2015 303
2015 549
2016 697
2016 1683
2017 1008
2018 2019
990 1952
990 1980
990 1237
1114 392
1295 262
2020 1167
2020 2021
439 673
2022 1324
2022 285
2023 1086
1210 1281
1210 2024
1210 2025
1210 2026
1352 1151
1352 214
1352 1471
2027 1490
2027 1311
2027 1722
1161 2028
2029 2030
2029 1107
2031 991
2032 1585
2033 1375
612 1667
612 558
2034 1293
844 2035
1742 1764
1742 2036
2037 2038
2037 1932
878 1039
878 495
878 2039
1543 966
2040 1546
2040 2041
1981 2042
2043 137
2044 1989
2044 2045
2046 1520
2046 2047
2046 938
2046 2048
2049 2050
2049 2051
702 1382
1916 2052
2053 738
2054 2055
2056 2057
2056 1829
757 2058
757 2059
1700 1580
1829 107
1829 1831
2060 87
2061 2062
2061 856
883 148
2063 2018
1800 2005
2064 2011
2065 2066
2065 511
1345 180
2067 2068
2067 1964
2069 2070
2069 30
1638 2071
1638 2072
557 1557
557 244
2073 1756
1634 1324
195 2074
835 2075
835 2076
835 2077
1754 634
1721 536
2042 2078
2079 2080
2081 1119
2082 2075
2082 98
2083 676
2084 2085
2084 2086
2087 2088
1085 581
2089 1633
2089 1555
1073 2090
1057 2091
1494 110
1494 2092
2093 1000
2093 1082
2094 993
2094 1315
2095 1887
2095 8
2095 2096
2095 1999
2095 1885
6 716
1840 301
2097 2098
2097 2099
2097 2100
2101 2102
2101 2103
2104 2105
2106 2107
2106 116
2106 1821
2108 985
2108 1336
1468 2109
2011 1430
1786 380
1786 2110
1786 1950
961 2111
961 1365
961 1734
961 2014
2112 2113
2112 2114
2115 391
2115 1660
2116 849
2116 2117
356 324
356 271
2118 2119
239 2120
239 228
239 1240
2121 71
2121 2122
2121 2123
2124 1296
2124 1822
2124 514
1963 2125
2009 704
1607 1512
1607 2126
242 176
2127 2128
2026 1369
2026 663
2068 1677
2129 1933
1149 937
1149 2130
1149 2131
2132 1753
2132 631
2132 2133
2132 1741
2132 2134
2132 143
1664 1412
1664 249
1193 177
2135 2136
2135 142
1436 2074
1436 1911
2137 1236
1255 58
1255 665
2138 2139
2138 860
2140 568
2140 1465
2141 1879
2142 1737
2142 2143
2144 24
1792 1346
1792 259
2057 2100
2057 2145
2146 2012
2146 183
1187 780
1187 2147
1187 1409
1187 918
2148 1295
2148 12
2148 1511
2149 1748
2150 2151
508 301
508 340
2152 608
2152 364
1145 1910
1145 282
1145 2153
2154 646
2154 2155
1364 2156
1364 2157
1364 983
1473 0
2158 1540
2159 1392
2159 1472
2160 969
2160 2161
2160 2162
2098 2163
2098 2057
349 334
349 1402
1060 16
2164 2063
2164 1404
2165 568
2165 2166
2167 773
497 443
2168 2169
2170 2171
2172 1894
2173 1819
2174 685
2174 988
1361 140
2175 504
2175 445
2175 1854
2176 2177
2176 2178
2179 2180
2181 1421
2182 190
2182 2183
929 2184
2185 803
456 2186
2187 765
2188 295
2189 1074
2190 1311
2190 2191
2192 806
1646 1836
1646 2193
2038 6
2038 2194
2191 1311
219 2083
392 1489
71 2195
71 570
1086 1358
1086 1782
1086 604
1086 581
2196 1416
2196 897
2197 510
2198 2199
2200 1568
167 2201
167 2202
1109 2203
2204 1014
727 2205
727 797
727 2206
727 846
727 2207
2208 1915
2208 1701
2209 84
2209 591
2210 141
2210 1790
2211 1417
2211 456
1667 1976
1667 2212
1667 599
2213 1975
2213 253
2214 792
2214 1834
714 2215
714 1973
2216 2217
2218 137
2219 1195
633 2071
2220 1462
1359 1938
2221 148
2222 917
2222 1347
2222 1420
2222 2223
2224 262
2225 2226
2225 2112
1157 1676
324 1274
2076 1507
2227 2107
2227 145
854 1330
854 1582
708 2228
2229 2230
2231 1524
2231 1377
1558 1615
2232 1412
2232 1643
2233 898
2234 1325
2235 2236
1756 261
2237 1925
1289 1432
303 333
2238 1192
2238 1612
1688 930
258 2239
258 781
258 1187
2240 1000
2240 1627
2241 2242
2241 2043
2243 1351
2243 2244
2245 289
2246 1681
2247 2105
2248 1530
2248 1749
665 203
1702 1217
1702 264
2249 2250
2249 973
717 399
2251 775
2251 1299
2252 711
2252 1621
1296 1354
1296 855
1296 1364
2253 1773
2253 539
2253 1827
2253 2254
2253 132
1802 2255
2256 2257
2256 2258
778 2259
2260 882
2100 2261
2100 2262
2263 2264
2263 2265
2266 1004
2266 2267
860 708
2268 1527
2268 2269
2270 2271
2270 2272
2273 682
2274 2105
1673 1861
434 2275
434 1907
1450 2276
1450 1818
613 1179
2277 1347
2277 2278
2279 2280
2279 627
2279 831
2279 88
2279 1843
2281 686
2281 1791
2282 68
2282 1215
2283 301
2283 463
2284 2285
2286 1421
2286 2287
107 1887
107 1023
107 2288
2289 815
2290 2052
2290 2291
630 284
514 2292
514 1085
514 403
2293 455
2293 832
2293 23
2294 1897
2295 2296
2297 1324
1491 2298
1491 2071
1771 2299
1381 1100
2195 708
2195 860
2300 1206
2300 536
2300 873
2301 990
2302 12
1670 1667
1670 253
1670 1528
1670 1494
2303 2304
1314 1269
1314 169
1314 1042
2305 144
2305 2306
2102 1899
2307 1337
2308 2192
2309 1718
2309 129
1720 2310
1720 1026
1720 1980
1720 2311
1720 2312
1720 456
2313 2128
443 676
2254 2314
2254 1829
2254 2315
1602 2316
2317 199
1936 954
1997 658
2318 1222
2318 2319
2320 2072
2321 54
2321 2084
1237 1127
1237 2322
2323 1926
2264 2324
1652 152
1821 292
1821 67
1821 1031
2325 1857
2325 1365
2325 1858
2326 2259
2326 1474
1640 1204
1024 32
2327 1117
2328 1772
2328 5
2328 1993
2328 957
415 1575
2329 1100
2074 139
2074 2308
2074 222
2074 2155
1517 848
2330 2331
2330 2332
2333 681
2334 2335
1492 676
1492 611
1492 34
73 2121
73 1453
2336 1170
2336 1783
2336 2308
2310 1918
1311 1102
1311 2079
1311 2066
1311 2333
2337 710
2337 1832
2236 685
2236 265
1564 2312
2338 689
2339 2172
2339 567
812 1851
812 544
812 444
812 2114
2340 262
1663 238
1663 2341
1663 514
2342 2079
1165 1921
1165 820
2275 1627
2343 1049
2343 398
2344 2153
2039 496
2345 2346
2345 980
2347 1071
1084 312
2348 2032
2348 26
2349 2239
2349 2350
2349 1420
2351 1936
2030 266
2352 2353
2354 2355
1568 2356
1568 2357
2358 2359
2358 279
2360 248
2361 2173
2361 2362
9 347
9 1948
1540 1343
925 1138
2363 1048
2363 276
1741 905
118 803
2364 2202
2364 2365
2364 2366
747 2367
1841 1272
678 1408
678 458
678 566
678 1162
678 2368
2369 275
2369 1047
2370 55
2370 1860
647 2371
2028 1214
2291 303
2291 2372
2373 1197
2373 91
2374 832
2374 1447
222 1110
2244 1871
2244 1740
2375 78
2375 2262
351 434
2376 1165
2376 686
2376 34
2376 2026
1629 1850
1818 1233
1818 1596
1441 1459
1535 2377
1056 2378
1056 2379
1056 1291
1056 2091
1056 103
1891 770
1891 872
1891 273
1891 1746
1129 1641
1239 2054
2380 465
2381 2334
1845 175
1033 2271
1386 2382
1386 2383
1386 272
1399 570
1399 2384
2385 1739
2385 149
2386 2387
2388 1732
1836 681
2389 811
2389 2313
2319 686
2390 1310
2390 2391
2392 1826
563 1067
563 1006
1586 1109
2393 2118
2393 374
295 662
2394 2252
2394 924
1906 1711
2395 1421
2395 422
1710 694
2396 1911
2156 2397
2156 983
2156 2059
2398 1582
2398 2227
1520 465
1520 2380
932 1812
2399 137
2399 1191
2400 2351
2401 2291
2401 332
2402 678
133 2403
133 1625
953 254
1437 2139
1179 344
2404 1635
2404 1480
1948 386
2405 2406
2405 2029
2407 1626
2407 2034
134 133
134 1630
134 2145
2408 235
2408 1731
2122 1209
2122 1093
2409 2087
2409 1425
2410 505
2411 1946
2411 2322
4 1257
2096 1326
2096 2195
2412 72
2412 180
1971 1342
2413 764
2413 1907
264 2414
264 2250
2415 55
2415 1552
2415 2416
2415 1818
2415 1813
2078 2417
2418 1263
2418 2319
2136 1823
2419 1816
2419 1387
2419 2420
1892 2
1892 1085
2421 1555
2422 230
2423 1419
2423 1954
729 2206
2424 387
2424 976
872 771
872 2
872 2303
872 1746
2425 2333
1283 54
1283 299
597 1795
2426 2054
2426 166
2427 2428
2429 1397
2429 2430
2431 145
2431 1363
161 2432
2433 1035
2433 869
2433 2434
2433 2435
2433 1902
1446 2374
1446 1722
1446 2234
1446 454
2226 2436
873 2437
873 1895
2368 751
2438 1407
2438 790
2439 2432
2440 2123
2441 223
2178 282
2442 1909
2443 1781
2443 2
2444 1079
2444 1403
2445 1089
2445 369
110 1836
2280 2446
627 2264
627 620
627 1983
2447 1015
2447 778
493 423
493 2171
1338 2448
1338 1361
1338 101
1038 408
2449 318
1275 1274
1275 987
2123 1200
2123 1447
2123 42
2450 2451
2450 975
2452 705
2452 2168
2453 878
2454 2455
2456 1974
2456 2457
2458 2459
2458 2460
2461 2462
477 1988
2463 2197
2463 1175
2463 1027
865 148
1656 1562
2464 2355
2465 1395
2465 2387
2466 286
2466 2467
2177 2316
1794 2468
225 495
209 761
634 619
1869 1028
484 2469
484 2362
484 2003
484 2267
236 1545
1994 1693
1994 1897
1994 592
2048 2470
2048 1972
2048 2471
2048 466
2048 1968
2472 2473
472 1947
472 879
472 1368
472 1980
2474 2174
2475 2476
2477 1145
2477 1481
2288 455
2288 1326
2288 812
817 1815
817 518
2478 724
2478 2479
2480 2257
2480 2111
2481 2112
2481 2482
2481 1123
1757 2430
2483 1376
2483 1581
2483 515
2484 12
402 140
448 1130
1559 2120
1181 1556
1168 2166
553 2485
553 2486
2482 2113
2487 892
2487 1762
2487 2011
2487 601
913 666
2488 1515
2488 263
2391 2489
2257 1627
1996 962
2490 2024
2490 61
2490 63
2491 12
2491 2224
2491 1900
2492 2383
2492 968
2492 926
2492 2304
2183 245
1184 2484
1229 2493
1229 2494
1229 1736
28 2062
1460 1125
916 1067
916 250
916 768
916 667
176 819
2495 2088
1077 2496
723 2464
2486 2133
1330 275
2497 736
2497 252
2498 1567
2499 7
2499 104
795 2215
795 2496
2169 1532
1212 2038
1212 1485
548 1687
2462 76
2462 1167
2153 282
1832 1024
1832 1488
1832 2500
1838 908
1510 1512
1510 2501
2356 676
2356 1748
2502 1352
2503 1840
1498 2504
1498 156
1498 980
2147 2505
2147 1512
1828 190
1828 135
1828 237
271 208
271 324
271 1274
271 2506
2507 504
2507 2495
734 182
2315 1375
2315 1100
2315 240
280 1657
280 2417
280 897
1451 999
2508 2509
2510 1350
2510 2511
2510 259
2512 2074
2512 611
2512 2513
2514 1502
485 283
2515 2516
2517 2509
2517 2518
2517 2196
2519 1200
983 875
983 1456
779 1080
398 1923
398 1220
398 2175
398 2225
398 2436
2520 728
2520 1647
2521 1986
1512 259
1512 1198
855 2148
855 983
2522 1183
2085 2523
2212 2007
2524 1148
2524 1522
2524 671
2524 2515
2525 2187
2525 2526
821 1312
2527 73
2527 1439
2528 1587
2528 371
2528 2529
2528 935
2530 381
2530 27
388 1142
2531 262
2532 2533
2070 2017
2534 1949
2534 517
52 1900
2535 1464
2535 2536
2537 2513
2537 840
1590 340
2538 1745
2538 2536
2258 1937
69 703
2539 2473
2539 2540
2541 674
2542 162
2542 2516
2261 2099
2543 153
2543 983
2544 1425
2545 2193
2545 1864
2036 290
2546 2547
2546 2199
1413 2386
2548 2428
2548 1807
2549 1611
1195 380
1195 1585
1195 2530
2550 1412
2550 1893
2551 2365
2551 1660
796 2247
2552 487
2552 791
202 2110
559 300
559 566
418 2055
787 2153
330 1536
151 150
2553 1579
2553 1822
2554 62
2555 1710
2556 798
2556 2557
2556 2312
2269 1165
2558 1679
2558 2420
2559 1419
2559 2277
2559 2560
31 2295
2314 1323
2314 2561
2314 2562
2314 1161
1767 527
2563 2003
2563 2499
2563 2564
2565 906
2565 2555
2457 1399
2457 2566
749 2031
2567 1936
1036 1074
2143 2568
2569 6
2569 1011
2570 924
2570 431
2571 754
847 1361
2572 458
2573 1778
2573 1302
2574 44
2575 688
308 2284
308 1319
426 643
1849 279
2434 2141
1729 1612
460 2576
1912 899
1292 1034
488 2119
1977 1730
2420 2448
348 1274
348 1535
348 987
348 331
348 1727
2577 2127
2577 398
2335 597
2161 1121
2578 825
2578 1154
1605 1630
2579 837
2579 721
2580 185
2580 2276
2580 726
2581 382
2581 1984
2582 450
2582 2583
2584 379
2585 117
2585 1331
2586 2125
1489 2216
1489 2364
2587 2470
275 1766
2471 2380
2471 2588
2471 1235
2471 2589
1120 2062
712 1620
2590 2403
2590 2100
2590 2116
1618 1862
524 2566
1717 2296
2451 2384
2024 652
2591 2415
2592 2150
2592 646
60 704
2593 2081
2593 1713
564 1151
564 1545
564 615
2594 493
2594 1944
2595 1764
2595 2156
2596 1709
8 1948
8 1474
825 1440
1944 2170
2597 1644
2597 1029
2598 229
2598 1691
2332 2547
2332 374
2599 885
2599 1305
1104 1567
2540 1935
2600 884
2600 17
150 2180
2601 2019
1582 275
2489 1574
2489 1311
2296 2070
894 1376
894 2001
2602 2245
2285 2308
1384 303
1384 402
2603 86
2603 2230
2603 1702
2387 1412
2387 2055
2387 428
2604 1874
2604 2184
2066 1836
1917 2382
2605 2498
2605 706
1529 1330
1529 2104
2606 1539
1601 1578
2607 366
2607 2538
2607 815
2607 2045
2608 2041
2608 1107
2609 114
2609 1438
2437 2019
2610 1076
2610 1388
2217 689
2611 417
2611 2354
2612 1764
2612 481
2051 172
2051 2613
2371 2614
2371 844
2207 2300
2207 567
2207 730
2207 680
2207 227
2021 2472
2615 2616
2615 2298
2615 1448
2615 1446
809 1963
395 1125
2617 616
2617 562
2201 2618
985 2138
985 842
1124 301
2619 1529
2619 1550
1347 450
1644 2366
2620 2134
2620 632
1798 388
2485 2555
2485 2565
1712 2621
1226 1211
1226 2406
1226 2454
1277 30
2622 1360
2622 2623
2622 291
2103 1818
2103 2624
2625 1250
2625 1031
2626 2627
1371 2628
1371 450
2629 1324
2630 668
2630 1366
2631 498
683 1427
2632 997
2632 1143
2633 262
2588 2587
2634 1977
2624 2568
2635 503
2636 1455
2637 2353
2637 2638
2639 2144
2639 1879
2151 47
2357 1264
2640 1763
2640 983
44 1567
44 60
1434 1342
2529 2255
2529 1500
2529 371
2529 2119
2529 354
1775 1303
2109 704
2641 1903
2641 1632
2397 875
2642 1594
2004 434
523 524
122 1508
122 98
122 1308
50 2084
50 2643
50 1658
2623 1031
1888 2644
1888 2645
1888 502
1888 698
1888 2523
1888 2646
2647 1362
2014 701
2014 712
2014 1203
1654 2194
2476 1549
2432 1248
2432 174
2432 1246
2432 2160
2432 1145
2432 2638
2648 386
2648 321
245 2618
532 1351
532 1744
2649 615
2649 1006
2649 2388
75 1136
573 1726
2650 1934
2650 2092
1126 1145
1126 970
1126 1396
1126 174
1126 2352
2651 2522
2652 2621
1723 1324
1723 1102
1723 1311
1723 912
1723 1926
1723 2351
1723 2467
2653 2083
2654 2475
2654 2655
1526 2415
296 301
2656 2404
2657 1985
2657 1785
2658 2377
2658 516
2659 1569
2659 1332
1887 300
1887 1024
2660 886
2660 2090
2661 908
2662 459
2663 245
2663 1113
2664 704
2664 2665
2287 2508
2468 732
2557 1982
2557 535
2436 2113
135 1887
135 1832
2666 427
2666 933
2666 268
2667 303
2667 2655
2668 1239
2668 2354
1548 2455
2669 2670
2669 866
902 174
902 969
902 1770
2671 2414
2671 1551
2533 421
2672 1664
2672 1672
2673 2674
2673 1026
1809 1978
843 1936
2675 1884
2675 40
2117 2057
2676 676
2676 1783
2676 221
2676 1169
2460 2261
2460 2500
2460 248
507 2670
2677 879
2518 298
211 760
211 2514
2678 2064
2678 2576
993 1249
1505 324
1883 865
1883 23
1102 2072
2163 2459
2679 971
2679 2346
2680 1291
2681 1426
1020 259
2682 710
2682 957
2683 1714
2683 28
2504 667
2684 179
2684 2586
2684 1614
2446 2487
2685 1477
2685 1243
2685 559
2416 1738
2686 773
2686 2167
2564 1831
2564 817
2564 871
1424 2449
2687 791
2687 414
2687 1611
2674 226
386 425
386 1474
386 778
590 1598
2276 2415
2688 92
2688 1279
1396 1247
1396 2050
1396 1881
1396 2153
2665 495
2689 1361
2689 1823
2690 216
2690 515
2080 1304
2691 177
2691 345
2265 1060
2692 1865
2692 2158
2377 324
2242 12
2693 2507
2694 2695
2694 1379
2694 1087
2696 762
2696 643
2697 1990
2697 2381
2698 865
2646 997
2646 2699
2646 2700
2646 2575
2646 2532
1934 899
1934 1730
744 112
2627 2583
2627 977
2701 1495
2701 174
2701 1346
2701 2432
1579 1208
1579 461
1579 2602
730 2300
730 2392
730 2437
730 1401
2702 1319
2703 1334
2703 1095
2703 2704
2703 2705
2703 755
2706 1698
2707 1854
1297 1617
1297 2708
1297 2058
1297 2621
2359 280
2709 1591
2710 413
2710 2198
2711 341
2712 23
960 1041
617 1570
1959 1549
566 1333
566 869
566 1694
2713 135
2713 2100
2714 1866
2714 2715
2714 1186
2714 564
1774 169
1774 5
1774 1314
938 2431
938 939
1914 224
1914 1567
1914 2272
1914 2716
2071 1002
2071 1682
2071 1133
2071 1287
1961 1619
1961 2562
912 633
959 2325
2717 1253
2717 1381
247 2262
2718 954
453 1806
2719 1968
2719 2589
781 889
404 851
404 2033
1163 2337
1163 1105
1163 2563
2720 1091
2720 1037
1716 2228
2506 1108
2379 2324
43 940
365 1523
2721 1061
2721 1405
2721 2156
1588 2148
1588 1792
1588 659
1588 149
918 2722
2723 44
2724 1099
2724 2229
2725 2321
2479 482
2041 2372
1547 333
2306 931
2726 2727
2726 1388
2726 373
2728 1743
731 2205
2331 2131
335 176
335 2729
1354 1742
582 2220
2730 2422
2730 1708
2731 2521
2731 722
2731 2341
2731 2732
2733 1882
580 2427
2025 1567
2025 1093
207 708
2734 22
2734 1421
2367 763
2735 1278
2735 2010
771 1541
771 1259
