3015 5156
0 1
0 2
0 3
0 4
0 5
0 6
0 7
0 8
0 9
0 10
0 11
0 12
0 13
0 14
0 15
0 16
0 17
0 18
0 19
0 20
0 21
0 22
0 23
0 24
0 25
0 26
0 27
0 28
0 29
0 30
0 31
0 32
0 33
0 34
0 35
0 36
0 37
0 38
0 39
0 40
0 41
0 42
0 43
0 44
0 45
0 46
0 47
0 48
0 49
0 50
0 51
0 52
0 53
0 54
0 55
0 56
0 57
0 58
0 59
0 60
0 61
0 62
0 63
0 64
0 65
0 66
0 67
0 68
0 69
0 70
0 71
0 72
0 73
0 74
0 75
0 76
0 77
0 78
0 79
0 80
0 81
0 82
0 83
0 84
0 85
0 86
0 87
0 88
0 89
0 90
0 91
0 92
0 93
0 94
0 95
0 96
0 97
0 98
0 99
0 100
0 101
0 102
0 103
0 104
0 105
0 106
0 107
0 108
0 109
0 110
0 111
0 112
0 113
0 114
0 115
0 116
0 117
0 118
0 119
0 120
0 121
0 122
0 123
0 124
0 125
0 126
0 127
0 128
0 129
0 130
0 131
0 132
0 133
0 134
0 135
0 136
0 137
0 138
0 139
0 140
0 141
0 142
0 143
0 144
0 145
0 146
0 147
0 148
0 149
0 150
0 151
0 152
0 153
0 154
0 155
0 156
0 157
0 158
0 159
0 160
0 161
0 162
0 163
0 164
0 165
0 166
0 167
0 168
0 169
0 170
0 171
0 172
0 173
0 174
0 175
0 176
0 177
0 178
0 179
0 180
0 181
0 182
0 183
0 184
0 185
0 186
0 187
0 188
0 189
0 190
0 191
0 192
193 194
193 56
195 196
197 198
197 199
200 201
202 25
202 203
204 198
204 205
204 206
204 207
204 199
208 209
210 211
212 39
213 214
4 25
4 215
4 39
4 44
5 216
217 93
218 219
218 220
218 221
222 223
224 201
224 211
225 201
6 25
7 198
226 201
227 209
227 56
228 229
230 201
10 25
10 194
10 231
10 232
10 233
234 235
236 237
236 238
239 240
11 39
241 242
243 25
243 29
243 244
243 245
243 246
247 198
247 199
248 220
249 242
249 32
12 25
12 29
250 29
250 251
250 252
250 253
250 56
250 164
250 254
242 44
242 56
242 255
242 256
257 258
257 221
257 259
13 25
13 39
260 261
260 262
260 25
260 56
260 263
260 264
260 265
260 266
260 267
268 68
269 214
269 223
270 25
270 209
270 56
271 198
271 272
271 199
273 56
273 274
273 275
273 276
273 277
273 278
273 279
15 25
16 25
280 281
280 223
280 282
280 56
283 255
17 29
284 285
286 221
287 25
18 20
18 223
18 198
18 25
18 29
18 288
18 231
18 31
18 32
18 289
18 290
18 39
18 291
18 44
18 292
18 56
18 68
18 293
18 294
18 295
18 296
18 297
18 102
18 298
18 299
18 300
18 301
18 114
18 302
18 303
18 138
18 304
18 305
18 167
18 306
18 307
18 308
18 309
18 310
18 311
18 312
313 198
313 314
281 315
281 56
281 70
316 317
316 32
261 32
318 196
315 319
320 29
321 322
323 324
323 325
326 29
326 327
214 328
214 32
214 329
214 68
214 330
214 331
214 332
214 333
214 334
335 336
337 336
337 56
337 132
337 338
339 340
336 220
336 341
336 342
343 56
344 223
345 346
262 347
262 56
262 348
262 349
262 350
262 351
262 352
20 201
20 223
20 353
20 354
20 198
20 25
20 355
20 356
20 357
20 31
20 32
20 358
20 232
20 359
20 360
20 361
20 362
20 363
20 364
20 365
20 37
20 366
20 367
20 368
20 369
20 215
20 39
20 370
20 371
20 372
20 373
20 44
20 374
20 375
20 376
20 377
20 378
20 379
20 380
20 381
20 244
20 382
20 56
20 383
20 68
20 384
20 385
20 386
20 387
20 388
20 74
20 389
20 390
20 391
20 392
20 295
20 87
20 393
20 394
20 395
20 396
20 397
20 398
20 102
20 399
20 400
20 401
20 402
20 403
20 404
20 199
405 223
405 361
406 39
407 201
408 201
201 409
201 410
201 25
201 220
201 29
201 32
201 39
201 252
201 44
201 411
201 412
201 413
201 414
201 415
201 416
201 56
201 417
201 295
201 221
201 418
223 198
223 25
223 29
223 419
223 420
223 32
223 421
223 34
223 215
223 422
223 39
223 44
223 423
223 424
223 425
223 56
223 68
223 78
223 88
223 263
223 426
427 209
428 429
409 430
431 432
433 354
433 434
435 436
437 35
436 438
436 439
436 35
440 35
441 35
442 35
443 35
444 35
445 35
446 447
446 448
446 56
446 449
353 232
353 450
353 376
353 451
353 452
353 453
454 455
340 346
340 456
340 457
458 35
459 29
21 25
460 461
460 449
462 463
354 464
354 434
354 29
354 32
354 35
354 272
354 39
354 44
354 56
354 68
354 74
354 465
346 466
346 467
346 468
346 469
346 470
346 471
346 472
346 473
346 474
346 475
346 476
346 56
346 477
346 478
346 479
346 480
481 240
285 482
285 56
285 483
285 484
485 475
23 486
487 35
487 488
489 35
198 490
198 29
198 32
198 491
198 39
198 44
198 56
198 68
198 492
198 493
198 199
198 494
495 496
495 497
498 499
498 500
410 220
410 68
237 25
237 29
237 501
237 44
237 413
237 502
237 503
237 238
237 504
237 505
237 506
237 507
237 508
237 509
237 510
511 512
513 31
513 514
515 221
25 355
25 516
25 517
25 518
25 519
25 28
25 29
25 288
25 31
25 520
25 32
25 521
25 358
25 522
25 359
25 523
25 524
25 525
25 526
25 37
25 527
25 215
25 39
25 370
25 528
25 529
25 530
25 42
25 531
25 532
25 373
25 533
25 534
25 535
25 536
25 537
25 538
25 539
25 540
25 541
25 542
25 543
25 544
25 47
25 545
25 546
25 381
25 547
25 548
25 549
25 48
25 550
25 244
25 50
25 551
25 552
25 53
25 382
25 553
25 429
25 292
25 55
25 56
25 554
25 58
25 555
25 556
25 60
25 557
25 558
25 63
25 559
25 560
25 561
25 383
25 562
25 563
25 564
25 565
25 68
25 566
25 567
25 384
25 385
25 568
25 386
25 387
25 569
25 570
25 571
25 572
25 573
25 574
25 575
25 576
25 577
25 578
25 579
25 74
25 580
25 581
25 582
25 583
25 584
25 585
25 586
25 587
25 588
25 75
25 589
25 590
25 591
25 592
25 593
25 76
25 594
25 595
25 596
25 597
25 598
25 599
25 600
25 601
25 602
25 389
25 603
25 604
25 605
25 606
25 607
25 608
25 609
25 610
25 78
25 611
25 612
25 613
25 614
25 615
25 616
25 390
25 617
25 618
25 392
25 619
25 620
25 294
25 621
25 622
25 623
25 624
25 625
25 626
25 627
25 83
25 628
25 629
25 630
25 631
25 632
25 633
25 634
25 635
25 636
25 637
25 638
25 639
25 640
25 85
25 641
25 642
25 643
25 644
25 645
25 646
25 647
25 648
25 649
25 650
25 651
25 652
25 86
25 653
25 654
25 655
25 656
25 657
25 658
25 295
25 87
25 88
25 659
25 660
25 661
25 662
25 663
25 664
25 665
25 666
25 667
25 668
25 669
25 221
25 670
25 91
25 671
25 672
25 673
25 674
25 675
25 92
25 676
25 677
25 678
25 679
25 680
25 96
25 98
25 681
25 682
25 683
25 684
25 685
25 686
25 687
25 688
25 689
25 690
25 691
25 692
25 693
25 694
25 398
25 695
25 696
25 697
25 698
25 699
25 700
25 701
25 702
25 703
25 102
25 704
25 705
25 706
25 707
25 708
25 709
25 710
25 711
25 712
25 713
25 714
25 715
25 298
25 716
25 717
25 105
25 718
25 719
25 720
25 721
25 106
25 722
25 723
25 724
25 107
25 725
25 726
25 727
25 728
25 729
25 730
25 731
25 300
25 732
25 733
25 734
25 735
25 736
25 737
25 738
25 739
25 486
25 301
25 740
25 741
25 742
25 743
25 744
25 745
25 746
25 108
25 747
25 748
25 749
25 750
25 109
25 751
25 110
25 111
25 752
25 753
25 478
25 754
25 755
25 756
25 757
25 402
25 758
25 113
25 759
25 114
25 760
25 761
25 762
25 116
25 763
25 764
25 765
25 766
25 767
25 768
25 117
25 769
25 120
25 770
25 771
25 772
25 773
25 774
25 775
25 776
25 777
25 778
25 779
25 780
25 122
25 781
25 782
25 783
25 784
25 785
25 786
25 787
25 788
25 125
25 789
25 790
25 791
25 792
25 793
25 794
25 795
25 796
25 797
25 798
25 799
25 800
25 801
25 802
25 803
25 804
25 303
25 805
25 806
25 807
25 808
25 134
25 809
25 810
25 135
25 811
25 812
25 813
25 814
25 815
25 816
25 817
25 818
25 819
25 820
25 821
25 822
25 823
25 824
25 825
25 826
25 827
25 828
25 140
25 829
25 830
25 831
25 832
25 833
25 834
25 835
25 836
25 837
25 838
25 839
25 840
25 144
25 841
25 842
25 843
25 844
25 845
25 846
25 847
25 848
25 849
25 149
25 850
25 851
25 852
25 853
25 854
25 855
25 856
25 857
25 858
25 859
25 860
25 861
25 862
25 304
25 863
25 864
25 265
25 865
25 866
25 867
25 868
25 869
25 870
25 871
25 872
25 157
25 873
25 158
25 874
25 875
25 876
25 877
25 878
25 879
25 256
25 880
25 881
25 161
25 305
25 882
25 883
25 884
25 885
25 886
25 887
25 888
25 889
25 890
25 891
25 892
25 893
25 894
25 895
25 896
25 897
25 898
25 899
25 900
25 901
25 902
25 903
25 904
25 905
25 906
25 907
25 908
25 909
25 910
25 911
25 173
25 912
25 913
25 914
25 915
25 916
25 917
25 918
25 174
25 919
25 920
25 921
25 922
25 923
25 924
25 267
25 925
25 926
25 927
25 928
25 178
25 929
25 930
25 179
25 180
25 931
25 932
25 933
25 934
25 935
25 936
25 937
25 938
25 939
25 940
25 941
25 942
25 943
25 944
25 945
25 946
25 947
25 948
25 949
25 950
25 951
25 309
25 952
25 953
25 954
25 955
25 956
25 957
25 958
25 959
25 960
25 961
25 962
25 963
25 964
25 965
25 966
25 967
25 968
25 969
25 970
25 971
25 972
25 973
25 974
25 975
25 976
25 977
25 978
25 979
25 189
25 980
25 981
25 982
25 311
25 983
25 984
25 985
25 986
25 987
25 988
25 989
355 516
355 990
355 991
355 992
355 357
355 993
355 232
355 994
355 450
355 361
355 995
355 324
355 996
355 533
355 536
355 997
355 998
355 542
355 999
355 1000
355 544
355 1001
355 1002
355 380
355 1003
355 388
355 1004
355 1005
355 1006
355 1007
355 1008
355 659
355 1009
355 1010
355 1011
355 662
355 663
355 665
355 1012
355 1013
355 1014
355 1015
355 1016
355 759
355 1017
355 1018
355 1019
355 1020
355 1021
355 1022
355 1023
355 1024
355 1025
355 1026
355 1027
355 1028
355 1029
355 1030
355 1031
355 1032
355 1033
355 1034
355 1035
355 1036
355 1037
355 1038
355 1039
355 1040
516 233
516 611
516 1041
516 1042
516 626
516 1043
516 878
516 1044
516 1045
26 486
1046 29
1046 1047
1046 385
1046 1048
1049 356
1049 546
434 1050
1051 35
512 1052
512 35
512 56
1053 496
1053 1054
1055 1056
1055 1057
1058 56
1059 994
1060 377
1060 1061
1062 35
194 1063
194 359
194 450
194 1064
194 1065
194 478
194 1066
194 126
1067 240
1067 399
1068 519
518 1069
518 1070
518 1071
1069 519
1069 1072
519 1070
519 1073
519 1074
519 1075
519 1076
519 1077
519 1078
519 1079
519 1080
519 1081
519 1082
519 1083
519 1084
519 1085
1086 1073
1086 1087
1088 476
1089 240
473 1090
473 1091
473 1092
473 1093
473 1094
990 1095
990 1096
990 1097
990 1098
990 1099
990 361
990 380
990 1016
990 127
1100 496
1101 496
1102 496
1103 496
1104 31
1104 1105
461 31
1106 1107
1106 1108
1106 377
1106 1109
1106 1110
1106 1111
1106 1112
1106 1113
1106 127
1106 1114
1106 1115
1107 1116
1107 1117
1096 56
1097 361
1097 1118
1098 1119
1098 377
991 361
1120 327
1121 496
1121 1122
1123 196
1063 232
1063 1124
1063 56
328 102
1125 1126
1125 56
1125 1127
1125 80
1125 1128
1125 1129
1125 1130
1125 1131
1125 499
1125 627
1125 1132
1125 1133
1125 1043
1125 1134
1125 1135
1125 96
1125 120
1125 1136
1125 1137
1125 1138
1125 1139
1125 1140
1125 1141
1125 1142
1125 1143
1125 1144
1125 1145
1125 1146
1125 1147
219 220
220 39
220 1148
220 56
220 1149
220 1150
220 1151
220 710
220 1152
220 1153
220 338
220 1154
1155 422
1155 56
1155 1156
1157 29
29 1158
29 31
29 1159
29 32
29 522
29 1160
29 1161
29 211
29 1162
29 1163
29 359
29 209
29 1164
29 524
29 37
29 1165
29 329
29 1166
29 1167
29 215
29 422
29 1168
29 1169
29 39
29 370
29 1170
29 42
29 1171
29 373
29 1172
29 1173
29 1174
29 1175
29 44
29 45
29 537
29 314
29 1176
29 378
29 1177
29 381
29 1178
29 1179
29 1180
29 548
29 1181
29 1182
29 48
29 49
29 244
29 1183
29 51
29 1184
29 382
29 1185
29 1186
29 1187
29 1188
29 1189
29 1190
29 56
29 1191
29 1192
29 1193
29 1194
29 1195
29 1196
29 554
29 1197
29 1070
29 1198
29 555
29 1199
29 1200
29 558
29 1201
29 1202
29 63
29 559
29 1203
29 1204
29 64
29 560
29 1205
29 1206
29 1207
29 563
29 1208
29 1209
29 1210
29 1211
29 1212
29 1213
29 68
29 1214
29 1215
29 69
29 1216
29 70
29 1217
29 384
29 385
29 216
29 386
29 388
29 1218
29 1219
29 1220
29 1221
29 570
29 319
29 1222
29 1223
29 72
29 1224
29 504
29 1225
29 1226
29 74
29 1227
29 580
29 582
29 1228
29 1229
29 1230
29 1231
29 614
29 618
29 392
29 1232
29 619
29 621
29 1233
29 631
29 1234
29 637
29 639
29 1235
29 322
29 646
29 1236
29 1237
29 1238
29 1239
29 1240
29 1241
29 221
29 670
29 1242
29 331
29 1243
29 91
29 675
29 1244
29 397
29 678
29 1245
29 1246
29 681
29 99
29 685
29 1247
29 691
29 692
29 1248
29 1249
29 1250
29 1251
29 696
29 1252
29 699
29 700
29 702
29 102
29 1253
29 705
29 706
29 1254
29 1255
29 1256
29 1257
29 399
29 1258
29 1259
29 714
29 715
29 400
29 716
29 1260
29 1261
29 725
29 1262
29 1263
29 1264
29 726
29 1265
29 1266
29 729
29 1267
29 1268
29 1269
29 1270
29 1271
29 1272
29 1273
29 486
29 301
29 1274
29 1275
29 745
29 1276
29 1277
29 1278
29 1279
29 1280
29 1281
29 1282
29 1283
29 478
29 755
29 756
29 402
29 479
29 1284
29 765
29 769
29 1285
29 120
29 772
29 773
29 1286
29 1287
29 1288
29 122
29 123
29 1289
29 1290
29 1291
29 800
29 801
29 804
29 1292
29 1293
29 807
29 1294
29 1295
29 133
29 810
29 1296
29 1297
29 1298
29 1299
29 819
29 327
29 1300
29 820
29 828
29 1301
29 1302
29 830
29 1303
29 1304
29 1305
29 840
29 1306
29 1307
29 1308
29 1309
29 1310
29 1311
29 1312
29 1313
29 1314
29 150
29 1315
29 861
29 1316
29 1317
29 1318
29 1319
29 1320
29 1321
29 1322
29 1323
29 1324
29 1325
29 165
29 1326
29 1327
29 1328
29 892
29 896
29 1329
29 484
29 1330
29 1331
29 1332
29 1333
29 918
29 1334
29 174
29 1335
29 1336
29 1337
29 1338
29 1339
29 1340
29 1341
29 1342
29 1343
29 1344
29 1345
29 947
29 182
29 1346
29 1347
29 1348
29 1349
29 1350
29 1351
29 1352
29 510
29 1353
29 968
29 1354
29 1355
29 1356
29 972
29 1357
29 1358
29 978
29 1359
29 1360
29 1361
29 1362
29 1363
29 312
29 986
1364 232
1364 56
1364 1365
1364 1366
1367 463
1368 56
1369 232
1369 359
1369 1370
1369 88
1369 1371
1369 1372
1369 1373
420 1374
992 544
992 1221
992 1375
992 1376
992 1377
357 1378
357 376
357 1379
1380 232
1380 450
1380 1381
1380 1382
1380 1065
1380 1383
1380 1384
1380 1385
1380 120
1380 1386
1380 126
1380 1387
1380 1388
1380 1389
1380 1390
1380 1391
1378 1392
1378 1393
1378 1394
1378 1395
1378 56
1378 452
1378 1396
1378 1397
288 32
288 1398
288 37
288 44
288 1180
288 1191
288 68
288 384
288 74
288 392
288 397
288 1399
288 399
288 1400
231 232
231 450
231 1401
231 1065
231 1402
231 307
1403 351
1404 232
1404 1405
1404 450
1404 377
1404 1406
1404 1407
1404 1408
1404 382
1404 56
1404 88
1404 1065
1404 1409
1404 1410
1404 1411
1404 1412
1413 327
1056 31
1056 1414
1056 233
1415 31
1415 349
203 31
203 1416
203 1207
203 1417
203 1232
203 221
1418 1419
1418 31
1418 1420
1418 1421
1418 1422
1418 1423
1418 1388
1418 1424
1425 31
1425 1426
1425 1416
1425 1427
1425 1428
1425 1429
1425 1430
1425 1417
1425 766
1425 803
1057 1419
1057 31
1057 1428
1057 255
1057 1431
1057 1424
1432 31
1432 1433
1432 1434
1432 549
1432 1435
1432 1436
1432 758
1432 426
1432 1437
1438 31
1438 350
1438 895
1439 31
1440 1441
1440 31
1440 1442
1440 1443
1444 31
1444 1445
1446 31
1446 1447
1446 538
1446 1448
1446 1449
1446 1450
1451 31
430 31
430 1452
430 1453
430 1454
430 1217
1455 31
1455 1456
1455 1457
1455 205
1455 682
1455 752
1458 994
1459 572
1459 322
1459 1460
1459 1461
1459 914
1459 1462
1463 35
1464 35
1465 35
1466 35
1467 35
1468 35
1469 35
1470 35
439 35
1471 1472
1471 1473
993 324
993 1474
993 1475
993 1476
993 1477
993 1478
993 295
1479 1219
1480 31
1481 31
1482 31
1482 514
1483 31
1483 1388
1483 1484
1485 56
1486 31
1487 31
31 1488
31 1489
31 1490
31 1491
31 1492
31 1493
31 1494
31 1495
31 1496
31 32
31 359
31 514
31 39
31 56
31 74
1489 1497
1489 1280
1490 1498
1499 56
1499 1220
1492 1500
1090 56
1090 478
1090 1071
1501 1239
1501 1502
1503 994
1504 463
32 359
32 37
32 215
32 39
32 370
32 1505
32 373
32 44
32 1506
32 378
32 381
32 292
32 56
32 68
32 386
32 387
32 388
32 570
32 578
32 74
32 1507
32 1508
32 75
32 598
32 390
32 624
32 85
32 1005
32 660
32 221
32 675
32 398
32 697
32 703
32 399
32 1509
32 400
32 723
32 740
32 116
32 1510
32 1511
32 1512
32 1513
32 1514
32 1515
32 915
32 1516
32 951
32 1517
463 324
463 455
463 1518
463 1519
463 1520
1521 1522
358 1523
358 39
358 44
358 56
358 88
358 221
232 994
232 359
232 496
232 1524
232 1525
232 1526
232 1527
232 290
232 39
232 1528
232 1529
232 1530
232 1531
232 1532
232 1533
232 1534
232 997
232 1535
232 1536
232 1537
232 1538
232 1539
232 1540
232 47
232 378
232 1541
232 380
232 1003
232 388
232 1004
232 1542
232 87
232 394
232 1543
232 1544
232 1118
232 659
232 1545
232 1546
232 660
232 1371
232 1547
232 1548
232 1549
232 1550
232 1551
232 672
232 675
232 790
232 1552
232 1553
232 1554
232 1555
232 793
232 1556
232 1557
232 1558
232 1559
232 1560
232 1561
232 1562
232 1563
232 1373
232 1484
232 1564
232 1565
232 1390
232 1566
994 359
994 1567
994 324
994 455
994 1568
994 1000
994 1569
994 1570
994 1519
994 377
994 88
994 1571
994 1572
994 1016
994 1573
994 1574
994 1575
522 639
1576 1177
1576 1577
1576 1522
1576 264
1160 56
1160 1578
1579 496
1579 497
1580 382
1580 1473
1161 704
1161 739
1161 1581
211 359
211 1582
211 1583
211 1584
211 766
211 1585
211 1586
1587 359
1587 1588
1163 1589
359 1524
359 1590
359 215
359 39
359 370
359 324
359 1532
359 1591
359 546
359 56
359 1592
359 1593
359 1594
1595 397
33 450
1596 350
1405 56
1405 74
1597 324
1597 1598
1599 1600
450 1601
450 290
450 528
450 497
450 1602
450 1603
450 376
450 543
450 1002
450 1604
450 1605
450 388
450 1064
450 653
450 295
450 87
450 1005
450 1007
450 1065
450 660
450 1606
450 1607
450 235
450 1608
450 1609
450 1610
450 1611
450 1612
450 672
450 1613
450 1614
450 1615
450 1616
450 1617
1618 324
1618 478
209 1619
209 1620
209 1621
209 1622
496 1623
496 1624
496 1625
496 1626
496 1627
1164 39
1524 1628
1524 1629
1525 39
1525 324
1525 88
1525 1630
1099 361
361 380
361 394
361 1118
361 1631
362 1632
365 1624
365 1633
1526 1634
1526 1635
1636 56
1637 56
35 1638
35 1639
35 1640
35 1641
35 1642
35 1643
35 1644
35 1645
35 1646
35 1647
35 1648
35 1649
35 1650
35 1651
35 1652
35 1653
35 1654
35 1655
35 1656
35 1657
35 1658
35 1659
35 1660
35 1661
35 1662
35 1663
35 1664
35 1665
35 1666
35 1667
35 1668
35 1669
35 1670
35 1671
35 1672
35 1673
35 1674
35 1675
35 1676
35 1677
35 1678
35 1679
35 1680
35 1681
35 1682
35 1683
35 1684
35 1685
35 1686
35 1687
35 1688
35 1689
35 1690
35 1691
35 1692
35 1693
35 1694
35 1695
35 1696
35 1697
35 1698
35 1699
35 1700
35 1701
35 1702
35 1703
35 1704
35 1705
35 1706
35 1707
35 1708
35 1709
35 1710
35 1711
35 1712
35 1713
35 1714
35 1715
35 1716
35 1717
35 1718
35 1719
35 1720
35 1721
35 1722
35 1723
35 1724
35 1725
35 1726
35 1727
35 1728
35 1729
35 1730
35 1731
35 1039
1732 56
1732 1733
1734 1530
1735 1736
1735 56
1735 295
1735 394
1735 1061
1737 1738
1737 1739
1737 1740
1737 1741
1737 1742
1737 1743
1737 1744
1737 1745
1737 1625
1737 1746
523 56
523 941
1747 1177
1748 1522
524 56
524 729
524 824
524 1363
1749 322
1750 1751
1752 56
1738 1753
526 486
1754 1755
36 399
1756 1221
1601 1602
1757 56
1757 1758
37 215
37 39
37 1759
37 1760
37 1453
37 1761
37 548
37 1187
37 56
37 1207
37 1217
37 588
37 1230
37 1762
37 1763
37 295
37 700
37 1764
37 1765
37 749
37 1766
37 1767
37 1768
37 1769
37 1770
37 1771
37 145
37 1772
37 1773
37 1774
37 1775
37 935
37 1776
37 1777
37 955
37 1778
37 1353
37 1779
37 975
37 987
1780 56
1780 1781
1780 96
1780 478
1165 56
1165 1782
1165 1783
1784 1785
1786 1192
1786 1787
1105 1625
1527 1788
1789 1408
367 374
368 1790
368 1791
368 1792
368 1793
368 1794
368 1010
368 1795
368 1796
368 1797
368 1798
368 1799
368 939
1800 543
1447 42
1801 1393
329 56
1802 1523
527 1177
527 56
1167 1803
1567 1804
1805 1806
1805 1807
1805 1808
1805 221
1805 1809
1810 199
240 476
240 1811
240 56
240 1812
240 1813
240 1076
240 478
240 1814
240 1815
240 1093
240 1080
240 1816
240 1817
240 1818
240 1082
240 1819
240 1820
240 1821
240 1084
215 1822
215 1823
215 1824
215 422
215 1825
215 1826
215 1168
215 1827
215 1828
215 1829
215 1830
215 1831
215 1832
215 1833
215 39
215 370
215 291
215 1834
215 373
215 44
215 1835
215 376
215 378
215 381
215 56
215 1191
215 383
215 68
215 385
215 386
215 387
215 388
215 570
215 578
215 1836
215 389
215 1837
215 392
215 1838
215 1839
215 1840
215 1841
215 1842
215 1843
215 1844
215 1845
215 1846
215 1847
215 1848
215 1849
215 1850
215 1851
215 1852
215 1853
215 1854
215 1855
215 1856
215 1857
215 1858
215 1859
215 1860
215 1861
215 1862
215 1863
215 1864
215 1865
215 1866
215 1867
215 1868
215 1869
215 1781
215 1870
215 85
215 87
215 1401
215 660
215 672
215 675
215 397
215 398
215 1399
215 400
215 1871
215 402
215 1770
215 867
215 1872
215 1873
215 1874
215 1875
215 1876
215 1877
1822 1175
1823 1878
1823 1879
1823 1880
1823 1881
1823 1882
1823 1883
1823 38
1823 422
1823 1168
1823 1884
1823 1885
1823 1175
1823 56
1823 1886
1878 422
1878 1175
1879 1175
1880 1175
1881 1175
1887 1175
1887 414
1887 1888
1882 1889
1882 1175
1883 1175
1824 56
1824 624
1824 1857
1824 1890
38 422
1891 1866
422 1168
422 1892
422 1175
422 425
422 1893
422 1894
1825 1168
1825 1829
1825 1895
1825 1849
1825 624
1825 1853
1825 1896
1825 1897
1825 1898
1825 1899
1168 1827
1168 1828
1168 1829
1168 1830
1168 1833
1168 290
1168 291
1168 1835
1168 56
1168 1900
1168 1901
1168 1840
1168 1841
1168 1845
1168 1847
1168 1852
1168 1854
1168 1855
1168 1856
1168 1857
1168 1866
1168 1869
1168 1870
1168 1902
1168 1872
1168 1873
1168 1903
1169 1175
1827 1219
1828 1904
1884 1175
1829 56
1829 1852
1829 1905
1829 1863
1829 1866
1829 1872
1829 1890
1829 1906
1829 1907
1833 1781
290 56
290 1118
290 1065
1908 1909
39 370
39 42
39 44
39 537
39 539
39 376
39 1910
39 1911
39 378
39 381
39 244
39 382
39 1912
39 292
39 56
39 1913
39 1914
39 68
39 384
39 216
39 386
39 387
39 388
39 570
39 574
39 578
39 1915
39 74
39 76
39 389
39 1916
39 390
39 618
39 392
39 1917
39 637
39 1918
39 85
39 1762
39 647
39 295
39 87
39 1005
39 451
39 1007
39 1008
39 1919
39 1920
39 1548
39 221
39 672
39 675
39 397
39 1921
39 1922
39 1248
39 1923
39 102
39 711
39 399
39 400
39 717
39 401
39 724
39 1924
39 1267
39 1268
39 739
39 1925
39 1926
39 402
39 113
39 759
39 116
39 1927
39 483
39 1928
39 1614
39 1929
39 1400
39 1558
39 1560
39 1930
39 803
39 130
39 812
39 827
39 828
39 1931
39 142
39 1932
39 1933
39 1934
39 1935
39 1936
39 1937
39 854
39 1818
39 1938
39 1939
39 1940
39 894
39 1941
39 897
39 904
39 1942
39 913
39 1943
39 1944
39 1945
39 931
39 1946
39 934
39 1947
39 1389
39 1948
39 1627
39 1949
39 944
39 947
39 338
39 185
39 960
39 1352
39 1778
39 966
39 1950
39 977
39 1951
39 981
39 982
39 1952
39 1953
1954 1600
1954 1955
1954 351
370 44
370 244
370 56
370 88
370 1609
370 299
370 778
370 1956
370 1957
370 1958
370 880
370 1959
1960 1183
1961 1219
1759 1241
1170 1962
1963 1964
1963 1965
1963 1966
1963 56
1963 1967
1963 1968
1963 1969
1963 1970
1963 1971
1963 1972
1963 1973
1974 1975
1976 1004
1976 1977
1976 1302
1976 1978
1976 1979
1529 941
1980 790
1981 1982
1981 790
1983 1984
1983 1397
324 1985
324 1116
324 377
324 88
1986 1220
1986 1372
1119 56
1119 1220
1987 1004
1988 1989
1990 1393
530 56
1991 476
476 1992
476 1993
476 1994
1393 1995
1393 1996
42 497
42 1834
42 1997
42 56
42 68
42 84
42 1998
42 88
42 1999
42 2000
42 2001
42 2002
42 2003
42 2004
42 2005
42 2006
42 2007
42 2008
42 2009
42 2010
42 2011
42 2012
42 2013
42 2014
42 2015
42 2016
42 2017
42 1785
42 2018
42 2019
42 2020
42 2021
497 432
497 1065
497 2022
497 2023
497 2024
497 2025
1834 2026
1834 2027
1834 2028
1834 2029
2030 84
531 2031
253 2032
501 578
2033 1070
532 2034
532 1781
2035 56
2036 1835
2036 96
1126 1129
1126 2037
1126 1043
1126 1135
1126 2038
1126 2039
1126 2040
1126 1045
1126 2041
1760 128
2042 2043
1790 478
1790 2044
373 44
373 56
373 2045
373 88
373 332
373 684
373 875
373 1327
2046 1474
1474 2047
1476 2048
1477 2049
1478 2050
2051 2052
2051 1520
2051 2053
2051 1799
1531 1397
455 1000
2054 388
2054 2055
2054 2056
2054 478
2054 2057
2054 1969
2054 2058
2054 2059
2054 1799
2054 2060
2054 2061
2054 2062
2063 1602
2063 394
1602 1605
1602 1156
1602 295
1602 394
1602 1065
1602 2064
1602 1013
1602 2065
1602 2066
1602 2067
1602 2068
1602 1387
1602 2069
1602 1562
1602 1616
1602 2070
1602 2071
1602 2072
2073 1221
2073 2074
2073 2075
2076 1406
533 376
533 2077
533 1388
1532 388
1532 2078
1532 2079
1532 1400
1532 2080
1975 2081
1975 378
1975 2082
1975 1520
1975 2083
1172 56
1173 2084
1173 68
1173 397
534 44
1175 2085
1175 2086
1175 221
535 56
44 536
44 2087
44 376
44 378
44 381
44 1178
44 244
44 292
44 55
44 56
44 2088
44 1589
44 62
44 2089
44 383
44 562
44 565
44 68
44 384
44 385
44 216
44 503
44 386
44 387
44 388
44 570
44 2090
44 578
44 2091
44 593
44 389
44 1837
44 390
44 618
44 392
44 624
44 1234
44 637
44 85
44 653
44 295
44 87
44 1005
44 88
44 659
44 660
44 663
44 1241
44 221
44 672
44 675
44 94
44 397
44 1921
44 506
44 398
44 2092
44 102
44 1399
44 2093
44 399
44 1509
44 400
44 1871
44 724
44 725
44 1924
44 2094
44 2095
44 739
44 402
44 113
44 116
44 2096
44 777
44 403
44 2097
44 1400
44 1770
44 2098
44 1300
44 199
44 867
44 1877
44 2099
44 2100
44 508
44 1484
44 509
44 308
1835 2101
1835 1844
1835 1853
1835 2102
1835 1905
1835 2103
1835 1865
1835 1868
1835 120
1835 2104
536 1065
536 2105
45 56
537 56
537 687
2106 1177
2107 56
1394 2108
1176 113
2109 637
2110 56
2111 56
1761 74
1506 397
1806 411
1591 56
2112 2113
2114 382
1448 56
1448 674
2115 382
2115 113
1534 2116
1534 388
1534 1008
1534 2117
1534 1239
1534 2118
1534 1019
1534 1022
1534 2119
1534 2120
1534 2121
1534 2122
1534 2123
1534 2124
1534 1038
1534 2125
540 2126
540 2127
540 127
540 2128
540 1971
374 295
997 790
2129 2130
998 2131
542 1221
542 2132
999 393
999 666
999 2133
375 2134
1000 88
1536 2135
1569 2136
2137 1966
2137 2138
2137 2139
2137 2140
2137 1024
2137 2141
2137 2142
1966 2143
1966 2144
1966 1024
1966 2145
1116 2138
2116 1911
2116 1008
376 1508
376 391
376 1006
376 2146
376 1009
376 1065
376 1547
376 2147
376 2067
376 478
376 1017
376 2148
376 1021
376 1023
376 1388
376 795
376 1025
376 2149
376 2150
376 2151
2152 1928
2152 1021
1537 382
1537 68
2153 2154
2138 1024
2155 2156
2155 388
2155 609
1108 1118
1108 2157
1538 2158
2159 2160
2159 790
2159 2161
2159 2162
2163 2156
2163 2164
543 1065
543 2165
1540 2166
1540 2167
1540 2168
2169 56
2169 1012
2169 2170
377 544
377 47
377 2171
377 1911
377 2172
377 2156
377 295
377 2173
377 1012
377 2174
377 449
377 1397
377 1066
377 1557
377 127
377 2175
377 2176
1406 2177
1406 2178
1406 2179
544 47
544 2180
544 2181
544 2182
544 1011
544 1376
544 2183
544 2184
544 1028
47 2185
47 2186
47 2077
47 2187
47 2188
47 2189
47 2190
47 2191
47 2192
47 2193
47 2194
47 325
47 2195
2171 2196
2171 127
2171 2197
2171 2157
2171 2198
2171 2199
1911 668
1911 2118
1911 2200
1911 127
1911 2201
1911 2202
2172 2146
2172 2203
2172 1021
1407 1408
1407 2204
1407 2205
1408 2206
1408 2207
2180 2208
1793 1520
1793 2209
1794 2209
1794 2210
1794 2211
1794 2212
1794 2213
378 1065
378 1744
378 1383
378 2214
378 2215
378 2216
378 2217
2218 1909
1001 2156
1001 2219
379 2220
379 2221
1002 1065
1002 2097
1002 2222
1002 2223
1541 2135
380 1118
380 2224
380 2175
2225 2168
2225 2187
2226 2209
546 388
546 295
546 2227
432 2228
432 2229
432 2230
2231 1221
2231 2069
2231 2232
1520 2233
1520 2234
1520 2235
1520 2236
1520 2237
1520 2238
1520 2209
1604 1065
1604 2095
2156 2239
2156 2132
2156 1061
2156 2240
2156 2241
381 56
381 68
381 1241
381 673
381 2242
381 2243
381 2244
2245 2246
1178 56
1178 1266
2034 2247
2248 221
2248 397
2249 382
2249 56
2250 56
547 56
1456 494
548 2251
548 2252
548 2253
548 1251
548 2254
548 2255
548 2256
548 2257
548 2258
548 1941
548 2259
1181 382
1182 56
2260 221
2260 397
49 56
49 2261
2262 56
244 56
244 88
2263 1146
414 1894
1183 416
1183 56
2264 2265
2264 2266
2264 2267
2268 56
2269 1219
2269 1522
2269 2270
2269 2271
1184 56
1184 397
1184 2272
1184 2273
1184 2274
2275 56
2275 2015
2275 2020
2275 2021
53 2276
2277 1600
382 56
382 216
382 1915
382 1064
382 1751
382 637
382 1005
382 88
382 2146
382 2147
382 2067
382 2246
382 2278
382 1921
382 2092
382 724
382 2279
382 2094
382 735
382 2280
382 403
382 2281
382 2282
382 134
382 2283
382 2284
382 2285
382 1777
382 953
553 56
429 1073
1185 56
1186 102
1186 310
1187 56
1187 2286
1187 898
1188 824
292 2287
292 88
292 400
292 2288
2289 1219
2289 2290
1189 56
1189 105
1189 113
55 68
2291 56
2291 2292
2291 2293
2291 1219
2291 2294
2291 2295
2291 2296
2291 2297
2291 81
2291 2298
2291 2299
56 1191
56 1192
56 1194
56 2300
56 2084
56 2301
56 58
56 555
56 556
56 60
56 62
56 2302
56 1200
56 1202
56 233
56 1472
56 1206
56 2303
56 1900
56 65
56 1914
56 67
56 2304
56 1209
56 1210
56 1211
56 68
56 2305
56 1217
56 384
56 385
56 2306
56 2307
56 216
56 238
56 386
56 387
56 2308
56 570
56 2309
56 571
56 1223
56 2310
56 72
56 504
56 574
56 2311
56 1225
56 578
56 2312
56 2313
56 74
56 2314
56 580
56 505
56 2315
56 2316
56 1229
56 2317
56 2318
56 2319
56 2320
56 2321
56 2322
56 2323
56 2324
56 2325
56 2326
56 590
56 591
56 596
56 1417
56 598
56 2327
56 602
56 389
56 605
56 1901
56 1231
56 611
56 614
56 390
56 618
56 392
56 2328
56 2329
56 1232
56 294
56 622
56 2330
56 1751
56 2331
56 2332
56 2333
56 2334
56 1840
56 1844
56 1850
56 624
56 625
56 2335
56 2336
56 2337
56 2031
56 2338
56 2339
56 2340
56 500
56 2341
56 2342
56 2343
56 2344
56 2345
56 2346
56 84
56 631
56 2347
56 635
56 1234
56 2252
56 85
56 322
56 644
56 645
56 196
56 650
56 652
56 2348
56 2349
56 2350
56 2351
56 87
56 1788
56 394
56 2352
56 2353
56 2173
56 1744
56 2354
56 1012
56 2355
56 2174
56 2356
56 221
56 670
56 2357
56 1242
56 2358
56 675
56 397
56 2359
56 1245
56 2360
56 681
56 2361
56 2362
56 685
56 2363
56 2364
56 692
56 1921
56 2365
56 2366
56 2367
56 1588
56 1248
56 1250
56 2368
56 1923
56 1252
56 699
56 1764
56 702
56 2369
56 2370
56 102
56 2032
56 2371
56 705
56 707
56 2372
56 1254
56 1256
56 709
56 2373
56 2374
56 712
56 399
56 2375
56 715
56 400
56 105
56 2376
56 720
56 1765
56 107
56 245
56 2377
56 2378
56 2379
56 2380
56 1268
56 2381
56 2382
56 2383
56 1271
56 734
56 1072
56 1273
56 486
56 2384
56 740
56 2385
56 2386
56 741
56 1803
56 2387
56 746
56 1925
56 108
56 1277
56 2388
56 507
56 2389
56 753
56 2390
56 1283
56 478
56 755
56 2391
56 757
56 402
56 113
56 114
56 115
56 2392
56 116
56 2393
56 763
56 2394
56 2395
56 766
56 351
56 2396
56 2397
56 768
56 118
56 2398
56 2399
56 2400
56 2401
56 2402
56 120
56 770
56 772
56 773
56 2403
56 2404
56 774
56 1286
56 2405
56 776
56 2406
56 1288
56 2407
56 2408
56 2409
56 787
56 2410
56 2411
56 1970
56 2412
56 2187
56 793
56 2413
56 1556
56 2154
56 1061
56 2414
56 2158
56 1025
56 1290
56 797
56 801
56 2415
56 1956
56 129
56 2416
56 2417
56 2418
56 1293
56 807
56 2419
56 131
56 810
56 1297
56 2420
56 1299
56 2421
56 819
56 2422
56 823
56 2423
56 2424
56 825
56 1152
56 2425
56 1510
56 139
56 831
56 833
56 2426
56 837
56 2427
56 2428
56 1303
56 1304
56 839
56 840
56 1306
56 2429
56 145
56 843
56 2430
56 1310
56 2431
56 148
56 1311
56 2432
56 2433
56 2434
56 2435
56 2436
56 2437
56 1772
56 2438
56 2439
56 2440
56 1317
56 1318
56 2441
56 1319
56 869
56 2442
56 2443
56 1322
56 2444
56 2445
56 160
56 2446
56 2113
56 2447
56 1323
56 2448
56 1513
56 1774
56 2449
56 884
56 2450
56 2451
56 2452
56 2453
56 1328
56 893
56 2454
56 1775
56 2455
56 2456
56 171
56 2457
56 2458
56 911
56 1332
56 174
56 1335
56 2459
56 2460
56 919
56 920
56 921
56 1336
56 926
56 2461
56 1340
56 1341
56 2462
56 933
56 936
56 2463
56 1565
56 1799
56 2464
56 2465
56 2466
56 2467
56 947
56 1516
56 2468
56 950
56 183
56 184
56 309
56 187
56 2469
56 188
56 2470
56 1351
56 961
56 963
56 2471
56 2472
56 1355
56 971
56 2473
56 2474
56 976
56 1950
56 980
56 2475
56 2476
56 1959
56 2477
1192 637
1192 146
1193 848
2478 807
2479 2480
2479 2481
2479 597
2479 2350
2479 2482
2480 2483
2480 196
1196 2357
2088 1589
348 1600
1070 2484
1070 2485
1070 1075
1070 2486
1070 1072
1070 1078
1070 1815
1070 2487
1070 2488
1070 2489
1070 1081
1070 2490
1070 2491
1070 1085
2492 2493
2492 2494
1156 1219
1156 2495
2496 2173
1600 351
1600 2497
2498 350
2499 2247
2499 2500
2247 387
2247 2501
2247 2502
2247 2503
2247 1751
2247 2504
1198 69
2505 221
2505 154
1430 1072
1149 2032
1589 2506
1589 2091
1589 622
1589 2507
62 68
62 74
62 1399
62 771
62 2508
1201 1871
1201 402
2509 582
63 2510
1755 1221
1755 2511
1755 2280
1755 1522
1755 2512
559 1228
559 2513
1203 765
2514 2295
233 2515
561 1314
383 68
1472 2516
1206 1612
2303 930
2517 1297
2518 2294
1900 2332
1900 2519
1900 1233
1900 2520
1900 626
1900 2521
1900 2522
1900 2523
1900 2524
1900 2298
1900 2525
1900 2526
1900 2527
1207 221
1207 162
1207 954
65 744
66 486
563 2528
563 700
563 2529
563 2427
563 2530
477 1818
2531 1071
2532 2533
2532 174
2532 2534
2535 174
564 293
2536 74
1210 641
1210 1942
565 152
565 508
2537 623
2537 2538
2539 397
68 1047
68 69
68 569
68 388
68 74
68 389
68 2287
68 390
68 88
68 1241
68 221
68 102
68 1399
68 399
68 716
68 1871
68 724
68 725
68 1924
68 2540
68 113
68 2096
68 2541
68 1770
68 303
68 199
68 2542
68 2100
68 2543
68 2458
68 2544
68 1342
68 181
68 1484
69 2545
69 2546
567 174
2547 74
349 350
70 2548
384 88
385 2306
385 2549
385 88
385 678
385 2550
385 147
385 1309
385 1324
385 1515
385 905
385 957
216 637
216 295
216 2482
386 88
386 2551
386 785
386 2552
386 2553
386 2554
386 2555
386 2556
386 1307
386 2557
386 2558
386 1787
386 2559
386 2560
1073 1817
387 88
387 397
387 2393
387 2561
387 2562
387 985
569 2333
569 1781
569 2521
569 2522
569 2524
569 2525
1151 196
388 1218
388 1219
388 1220
388 1221
388 592
388 2563
388 2564
388 2565
388 1042
388 1866
388 2566
388 2567
388 653
388 1065
388 2568
388 2078
388 2569
388 2224
388 2570
388 2571
388 2572
388 2168
388 1387
388 2573
388 2574
388 2135
388 2164
388 2575
388 1308
388 2576
388 2577
388 2578
388 2579
388 2580
388 1616
388 2075
388 2581
388 1948
388 1040
1218 2582
1218 2583
1219 504
1219 2584
1219 2585
1219 80
1219 624
1219 1862
1219 625
1219 2337
1219 2586
1219 2339
1219 2340
1219 82
1219 2345
1219 350
1219 2571
1219 2587
1219 2588
1219 2538
1219 2270
1219 2589
1219 2590
1219 2591
1219 2592
1220 2315
1220 84
1220 2351
1220 2593
1220 2594
1220 2595
1220 2571
1220 119
1220 2596
1220 1984
1220 2413
1220 1561
1220 2158
1220 2436
1220 2597
1220 2598
1220 2599
1220 2600
1221 2315
1221 1239
1221 2601
1221 2602
1221 747
1221 2595
1221 2391
1221 2571
1221 1018
1221 2603
1221 1989
1221 2604
1221 2605
1221 2598
1221 2600
1221 2470
570 88
570 727
570 754
570 900
570 2606
2309 1297
2294 2295
573 2027
573 2607
573 2608
573 88
573 402
2295 2609
2610 196
1224 630
504 2611
504 96
2251 2230
577 74
73 776
2311 670
2311 2612
2613 680
578 1611
578 2614
579 2615
1836 624
1836 2214
74 580
74 2616
74 1228
74 585
74 389
74 1837
74 621
74 2341
74 342
74 635
74 2617
74 654
74 88
74 661
74 1608
74 2618
74 673
74 2619
74 2620
74 2621
74 1246
74 332
74 2622
74 689
74 698
74 1871
74 2095
74 2551
74 2385
74 744
74 2623
74 1925
74 1767
74 113
74 2242
74 2624
74 2405
74 781
74 799
74 2416
74 134
74 818
74 820
74 2625
74 852
74 2626
74 1585
74 2627
74 2628
74 1774
74 2629
74 2630
74 2631
74 2632
74 2633
74 2634
74 2635
74 2636
74 2637
74 2638
1227 83
2314 1259
2091 2639
2315 690
2315 478
2315 2640
2315 2641
2315 155
2315 2642
2315 2643
582 637
583 1352
2644 221
2101 1857
1229 641
1229 1352
585 1315
2265 84
2265 2436
2584 478
590 397
592 2645
592 2646
592 2647
2648 221
2648 397
2649 1231
599 670
2650 2436
601 2551
602 2651
2652 1781
389 492
389 2653
77 2010
77 2654
1813 1817
1916 397
2287 2434
609 2655
609 2656
609 2120
609 2657
609 2121
609 2658
609 1033
609 2122
609 2123
609 2124
609 2659
2485 1072
1231 2630
611 2660
611 2661
1837 221
614 2513
614 2662
614 775
614 2663
614 2664
614 836
614 842
615 2401
390 2665
618 88
618 107
79 397
392 88
392 102
392 301
392 2666
392 141
392 876
392 2667
392 2668
2669 2331
2669 2670
1064 1065
1064 2618
2330 1751
2330 2504
2671 1751
2672 1751
1041 1751
2673 478
2674 2339
2563 1751
2675 1781
2675 2515
2676 2565
2043 2677
2043 2029
2043 96
1751 2500
1751 2678
1751 1042
1751 2679
1751 2680
1751 2681
1751 2682
1751 2683
1751 2684
1751 2586
1751 2338
1751 2685
1751 1781
1751 1902
1751 2271
1751 2686
2331 2670
2331 1781
2331 2687
2331 2688
2331 2538
2331 2689
2331 2690
2691 2515
2692 81
2028 82
2693 2567
1840 2694
1842 624
1843 624
1845 2695
1846 2696
1846 625
1846 1781
1848 624
1850 1781
1851 1866
624 1861
624 2695
624 1873
624 1875
2696 1867
2697 1866
1860 1862
1863 2698
625 1866
1866 1898
1866 1906
1868 1873
1128 2566
2699 878
1131 96
1131 1141
1131 1877
2700 2566
2701 626
2031 478
2031 1372
2338 675
2339 2702
2339 2703
2339 2704
2705 2340
2705 2538
2340 2706
2340 2707
81 2526
500 478
1781 879
2687 478
626 2708
82 2708
82 1522
82 2444
2342 96
2342 2591
2709 96
2710 878
2688 478
2566 1143
2566 1877
628 2711
84 2712
84 2713
84 2714
84 1522
84 2715
84 2716
84 2717
84 2718
84 2719
84 2720
84 2721
84 2722
634 102
636 113
636 308
2712 2436
637 85
637 88
637 698
637 1758
637 882
637 2543
1782 2513
85 88
85 2723
1998 102
322 2724
322 887
322 163
322 1461
322 914
643 397
1236 670
1236 2725
651 2726
2727 1522
2728 1522
652 486
2348 254
653 1065
2045 670
2045 397
2045 2729
1238 113
2350 229
2730 1723
1004 295
1004 2731
1004 2732
1004 2733
1004 2734
1004 2735
1004 1753
1004 2736
1004 2737
1004 2738
1004 2739
1004 2740
1004 2741
1004 2742
1004 2743
295 88
295 1065
295 1013
295 724
295 120
295 403
295 2097
295 2222
295 2744
2745 2140
2745 2746
2181 2572
2185 1543
2747 1995
87 1065
87 2569
87 795
87 143
393 2748
1005 1065
1005 1031
2749 1744
2750 790
2751 790
1375 2208
2752 790
2186 2168
394 1909
394 1110
394 2753
394 2754
394 449
394 1066
394 2208
394 2148
394 2755
394 2167
394 2756
394 2757
394 1556
394 2069
394 2165
394 2758
1543 2135
1543 1626
1543 2759
451 1635
1909 2760
1909 279
1909 2761
1909 2762
1909 2763
1909 2764
1007 1065
1007 2281
1007 126
1007 2765
2766 88
2766 1607
2766 2767
2766 2069
88 659
88 1065
88 1371
88 663
88 2768
88 1607
88 1012
88 2769
88 221
88 397
88 1921
88 2092
88 700
88 400
88 401
88 1924
88 2094
88 2770
88 739
88 402
88 116
88 777
88 403
88 1026
88 2771
88 2100
88 1563
88 1373
88 2772
88 308
2773 1607
1919 2774
1919 2140
1919 2775
1919 2776
1919 2142
1919 2777
2352 478
1118 1112
659 2778
1401 2779
2780 2135
1009 1385
1009 2781
2782 1556
2782 2198
1010 2783
2117 2757
274 1982
274 2784
274 2785
274 2786
274 2787
2788 277
275 2789
276 2130
278 2790
1065 660
1065 1607
1065 235
1065 1608
1065 1609
1065 1549
1065 2065
1065 1611
1065 672
1065 695
1065 126
1065 793
1065 1614
1065 1400
1065 832
1065 1564
1065 2772
1065 2071
660 2791
660 2792
2196 2574
2793 2209
2794 2209
2064 1607
1744 2748
1744 2795
1744 2796
1744 2797
1744 2798
1744 2799
1744 2800
1744 2801
1744 2802
1744 2803
1744 2804
1744 2232
1110 1112
1110 2805
1110 2806
1371 2807
663 2808
2809 1970
2160 2208
2160 2572
1606 2569
2768 1614
2810 1372
2078 2206
1376 724
1376 2811
1376 2812
2813 790
1607 2769
1240 478
1240 2743
2814 1372
2814 2815
664 2816
1385 2148
1385 2817
1385 2818
235 1013
235 675
235 1613
235 2819
235 2820
1012 2770
1012 2754
1012 1373
1920 2821
1920 1746
2209 2822
2209 2823
2209 2824
2209 2825
2209 2826
2209 2827
2209 2828
2209 2829
1609 2830
2831 2057
666 2832
2224 2806
2224 2808
667 2733
668 2119
1610 1036
2833 1614
2355 2834
2065 478
2065 1019
2065 2835
2836 790
2356 478
2356 2837
2356 1929
2356 2838
2356 2839
2593 2755
1113 126
1113 2840
1113 2201
1113 2175
1113 1522
1550 1561
2066 724
1241 2841
1241 1331
1241 2842
1241 2843
2844 478
2246 2845
669 174
221 2846
221 2372
221 2847
221 2848
221 2849
221 1924
221 2850
221 743
221 2623
221 2851
221 2726
221 2852
221 121
221 775
221 2097
221 2853
221 1071
221 2724
221 2854
221 2855
221 2856
2713 2436
670 2359
670 2857
670 2858
670 1509
670 2859
670 768
670 1768
670 1298
670 1319
670 2860
670 1354
670 2861
2357 724
2357 112
2357 177
1243 486
2358 675
2358 2862
672 402
673 2619
673 1999
2619 1999
2619 2002
2619 2561
2619 2863
2619 2864
2619 2865
1999 2866
1999 2867
2002 1769
2002 2868
675 688
675 2092
675 1264
675 1926
675 2541
675 2869
675 453
675 1560
675 2845
675 246
675 2870
675 878
675 2283
675 1943
675 176
675 2871
675 2151
675 2759
675 1949
675 2872
675 1517
397 2363
397 2873
397 1249
397 102
397 2725
397 1280
397 2665
397 784
397 2874
397 2258
397 2423
397 829
397 2875
397 2435
397 2440
397 2548
397 2876
397 1773
397 2854
397 889
397 929
397 2877
397 2464
397 2878
397 2879
397 2261
397 2860
2253 866
2602 680
680 2880
680 2881
680 2511
680 2882
680 2883
680 2614
680 2884
332 2360
96 2587
96 1522
96 2515
2885 1522
98 1265
98 1460
2857 2725
683 2886
684 486
2622 848
689 1269
2366 147
2887 2555
694 351
1250 2888
398 400
296 2368
700 107
700 1305
700 2543
2880 2570
702 2889
102 2006
102 2007
102 2272
102 2008
102 2009
102 2010
102 2654
102 2011
102 2012
102 2013
102 2014
102 2015
102 2890
102 2891
102 2892
102 2016
102 2017
102 1785
102 2018
102 2893
102 2019
102 2020
102 2021
102 948
102 186
1255 844
1256 724
1256 2494
2894 486
709 478
399 942
2511 2570
2570 2895
2570 2882
1509 1783
400 2772
105 2896
1871 2897
2898 724
724 2899
724 122
724 403
724 2874
724 1317
2094 1877
2900 1522
730 2390
2381 2578
1269 2450
2095 2458
2725 1298
1072 479
1072 2489
1072 2901
1072 1094
737 2439
350 2902
350 2903
350 2904
350 2905
350 2906
350 2907
486 1281
486 2624
486 1769
486 799
486 1311
486 2908
486 2447
486 2909
486 1774
486 2629
486 2632
486 2879
486 1344
486 960
486 973
486 2638
742 2910
743 2911
744 2912
744 2913
744 2436
2914 113
2012 2915
1925 2256
1925 890
1078 2916
2726 1306
1280 2458
1767 860
478 2391
478 1984
478 2917
478 2918
478 1372
478 2919
478 2414
478 2140
478 2044
478 2515
478 2920
478 2597
478 2690
478 2921
478 2922
478 1564
478 2071
478 2923
478 2924
478 2925
478 2136
478 2217
478 2926
478 2927
478 2465
478 2872
478 2928
2391 2913
402 2096
402 1400
402 1770
402 867
402 2929
402 308
479 1080
479 1082
113 760
113 1292
113 821
113 1450
116 1522
2394 1774
2930 1511
351 2931
351 2932
351 2933
351 2934
351 1321
351 2935
2401 2493
2545 1334
120 2936
2096 2937
2596 1372
2541 2938
2068 1614
403 1614
1984 2581
790 791
790 2184
790 1377
790 1372
790 2939
790 2811
790 2940
2941 1410
449 1397
449 279
449 1625
1397 279
1397 1066
1397 2926
1502 1066
2208 2942
2208 2131
2208 2943
2208 2812
2148 2817
2148 2944
2148 2215
2148 1484
2148 1389
2148 1391
2148 2945
2148 2946
2148 2947
2148 2948
2755 2197
2755 2949
2167 2187
2756 2950
2757 2105
1796 128
2412 1372
2168 2188
2168 2951
2168 2189
2168 2657
2168 1027
2168 2952
2168 2194
792 1635
2022 2953
2222 2223
2222 2954
2222 2955
2187 2190
2956 2069
2956 2957
1020 2958
126 1522
126 2923
793 2959
2132 1061
1928 1021
1928 2960
1021 1023
2413 2961
1372 2436
1372 2962
1372 2963
1614 2964
1614 2458
1614 2792
1614 2070
1614 2965
1614 2966
1400 2072
1410 2967
2968 1522
2969 2959
2970 2135
2154 1366
1388 2971
2711 1979
2972 940
1559 2135
127 2175
127 2176
2603 2973
2603 2974
2603 1365
2140 2975
1024 2145
2574 2949
2816 2976
2816 2075
1561 2025
2977 128
128 1799
2210 2978
2069 2979
2135 2149
2980 2215
2164 2240
2059 1586
1577 1522
799 2628
1770 2981
2889 803
803 1330
803 2982
803 1945
803 2983
807 1071
807 842
807 2984
1294 1071
131 2100
133 2100
1522 2876
1522 1337
1522 2985
1522 1348
2553 2986
2553 2987
1297 2434
1298 2988
819 1048
327 2989
327 2990
1511 860
2937 2991
2937 2099
848 1313
848 2854
848 2546
848 1154
2626 2992
2436 2993
2994 2642
1772 191
866 2458
2892 2995
878 2996
878 2997
878 2998
878 2999
878 3000
878 3001
878 3002
1873 1907
1144 1045
1045 3003
160 2100
2448 2100
2717 3004
901 1362
2215 2818
2776 3005
2962 3006
1565 3007
1030 1948
1586 3008
1586 3009
2658 2125
1389 3010
1389 2960
1799 2061
1799 3009
3011 941
1948 3012
1391 2948
940 3013
308 3014
2471 1356
