182 910
0 1
0 2
0 3
0 4
0 5
0 6
0 7
0 8
0 9
0 10
1 11
1 12
1 13
1 14
1 15
1 16
1 17
1 18
1 19
2 20
2 21
2 22
2 23
2 24
2 25
2 26
2 27
2 28
3 29
3 30
3 31
3 32
3 33
3 34
3 35
3 36
3 37
4 38
4 39
4 40
4 41
4 42
4 43
4 44
4 45
4 46
5 47
5 48
5 49
5 50
5 51
5 52
5 53
5 54
5 55
6 56
6 57
6 58
6 59
6 60
6 61
6 62
6 63
6 64
7 65
7 66
7 67
7 68
7 69
7 70
7 71
7 72
7 73
8 74
8 75
8 76
8 77
8 78
8 79
8 80
8 81
8 82
9 83
9 84
9 85
9 86
9 87
9 88
9 89
9 90
9 91
10 92
10 93
10 94
10 95
10 96
10 97
10 98
10 99
10 100
11 101
11 102
11 103
11 104
11 105
11 106
11 107
11 108
11 109
12 110
12 111
12 112
12 113
12 114
12 115
12 116
12 117
12 118
13 119
13 120
13 121
13 122
13 123
13 124
13 125
13 126
13 127
14 128
14 129
14 130
14 131
14 132
14 133
14 134
14 135
14 136
15 137
15 138
15 139
15 140
15 141
15 142
15 143
15 144
15 145
16 146
16 147
16 148
16 149
16 150
16 151
16 152
16 153
16 154
17 155
17 156
17 157
17 158
17 159
17 160
17 161
17 162
17 163
18 164
18 165
18 166
18 167
18 168
18 169
18 170
18 171
18 172
19 173
19 174
19 175
19 176
19 177
19 178
19 179
19 180
19 181
20 101
20 110
20 119
20 128
20 137
20 146
20 155
20 164
20 173
21 102
21 111
21 120
21 129
21 138
21 147
21 156
21 165
21 174
22 103
22 112
22 121
22 130
22 139
22 148
22 157
22 166
22 175
23 104
23 113
23 122
23 131
23 140
23 149
23 158
23 167
23 176
24 105
24 114
24 123
24 132
24 141
24 150
24 159
24 168
24 177
25 106
25 115
25 124
25 133
25 142
25 151
25 160
25 169
25 178
26 107
26 116
26 125
26 134
26 143
26 152
26 161
26 170
26 179
27 108
27 117
27 126
27 135
27 144
27 153
27 162
27 171
27 180
28 109
28 118
28 127
28 136
28 145
28 154
28 163
28 172
28 181
29 101
29 111
29 121
29 131
29 141
29 151
29 161
29 171
29 181
30 102
30 112
30 122
30 132
30 142
30 152
30 162
30 172
30 173
31 103
31 113
31 123
31 133
31 143
31 153
31 163
31 164
31 174
32 104
32 114
32 124
32 134
32 144
32 154
32 155
32 165
32 175
33 105
33 115
33 125
33 135
33 145
33 146
33 156
33 166
33 176
34 106
34 116
34 126
34 136
34 137
34 147
34 157
34 167
34 177
35 107
35 117
35 127
35 128
35 138
35 148
35 158
35 168
35 178
36 108
36 118
36 119
36 129
36 139
36 149
36 159
36 169
36 179
37 109
37 110
37 120
37 130
37 140
37 150
37 160
37 170
37 180
38 101
38 112
38 123
38 134
38 145
38 147
38 158
38 169
38 180
39 102
39 113
39 124
39 135
39 137
39 148
39 159
39 170
39 181
40 103
40 114
40 125
40 136
40 138
40 149
40 160
40 171
40 173
41 104
41 115
41 126
41 128
41 139
41 150
41 161
41 172
41 174
42 105
42 116
42 127
42 129
42 140
42 151
42 162
42 164
42 175
43 106
43 117
43 119
43 130
43 141
43 152
43 163
43 165
43 176
44 107
44 118
44 120
44 131
44 142
44 153
44 155
44 166
44 177
45 108
45 110
45 121
45 132
45 143
45 154
45 156
45 167
45 178
46 109
46 111
46 122
46 133
46 144
46 146
46 157
46 168
46 179
47 101
47 113
47 125
47 128
47 140
47 152
47 155
47 167
47 179
48 102
48 114
48 126
48 129
48 141
48 153
48 156
48 168
48 180
49 103
49 115
49 127
49 130
49 142
49 154
49 157
49 169
49 181
50 104
50 116
50 119
50 131
50 143
50 146
50 158
50 170
50 173
51 105
51 117
51 120
51 132
51 144
51 147
51 159
51 171
51 174
52 106
52 118
52 121
52 133
52 145
52 148
52 160
52 172
52 175
53 107
53 110
53 122
53 134
53 137
53 149
53 161
53 164
53 176
54 108
54 111
54 123
54 135
54 138
54 150
54 162
54 165
54 177
55 109
55 112
55 124
55 136
55 139
55 151
55 163
55 166
55 178
56 101
56 114
56 127
56 131
56 144
56 148
56 161
56 165
56 178
57 102
57 115
57 119
57 132
57 145
57 149
57 162
57 166
57 179
58 103
58 116
58 120
58 133
58 137
58 150
58 163
58 167
58 180
59 104
59 117
59 121
59 134
59 138
59 151
59 155
59 168
59 181
60 105
60 118
60 122
60 135
60 139
60 152
60 156
60 169
60 173
61 106
61 110
61 123
61 136
61 140
61 153
61 157
61 170
61 174
62 107
62 111
62 124
62 128
62 141
62 154
62 158
62 171
62 175
63 108
63 112
63 125
63 129
63 142
63 146
63 159
63 172
63 176
64 109
64 113
64 126
64 130
64 143
64 147
64 160
64 164
64 177
65 101
65 115
65 120
65 134
65 139
65 153
65 158
65 172
65 177
66 102
66 116
66 121
66 135
66 140
66 154
66 159
66 164
66 178
67 103
67 117
67 122
67 136
67 141
67 146
67 160
67 165
67 179
68 104
68 118
68 123
68 128
68 142
68 147
68 161
68 166
68 180
69 105
69 110
69 124
69 129
69 143
69 148
69 162
69 167
69 181
70 106
70 111
70 125
70 130
70 144
70 149
70 163
70 168
70 173
71 107
71 112
71 126
71 131
71 145
71 150
71 155
71 169
71 174
72 108
72 113
72 127
72 132
72 137
72 151
72 156
72 170
72 175
73 109
73 114
73 119
73 133
73 138
73 152
73 157
73 171
73 176
74 101
74 116
74 122
74 128
74 143
74 149
74 155
74 170
74 176
75 102
75 117
75 123
75 129
75 144
75 150
75 156
75 171
75 177
76 103
76 118
76 124
76 130
76 145
76 151
76 157
76 172
76 178
77 104
77 110
77 125
77 131
77 137
77 152
77 158
77 164
77 179
78 105
78 111
78 126
78 132
78 138
78 153
78 159
78 165
78 180
79 106
79 112
79 127
79 133
79 139
79 154
79 160
79 166
79 181
80 107
80 113
80 119
80 134
80 140
80 146
80 161
80 167
80 173
81 108
81 114
81 120
81 135
81 141
81 147
81 162
81 168
81 174
82 109
82 115
82 121
82 136
82 142
82 148
82 163
82 169
82 175
83 101
83 117
83 124
83 131
83 138
83 154
83 161
83 168
83 175
84 102
84 118
84 125
84 132
84 139
84 146
84 162
84 169
84 176
85 103
85 110
85 126
85 133
85 140
85 147
85 163
85 170
85 177
86 104
86 111
86 127
86 134
86 141
86 148
86 155
86 171
86 178
87 105
87 112
87 119
87 135
87 142
87 149
87 156
87 172
87 179
88 106
88 113
88 120
88 136
88 143
88 150
88 157
88 164
88 180
89 107
89 114
89 121
89 128
89 144
89 151
89 158
89 165
89 181
90 108
90 115
90 122
90 129
90 145
90 152
90 159
90 166
90 173
91 109
91 116
91 123
91 130
91 137
91 153
91 160
91 167
91 174
92 101
92 118
92 126
92 134
92 142
92 150
92 158
92 166
92 174
93 102
93 110
93 127
93 135
93 143
93 151
93 159
93 167
93 175
94 103
94 111
94 119
94 136
94 144
94 152
94 160
94 168
94 176
95 104
95 112
95 120
95 128
95 145
95 153
95 161
95 169
95 177
96 105
96 113
96 121
96 129
96 137
96 154
96 162
96 170
96 178
97 106
97 114
97 122
97 130
97 138
97 146
97 163
97 171
97 179
98 107
98 115
98 123
98 131
98 139
98 147
98 155
98 172
98 180
99 108
99 116
99 124
99 132
99 140
99 148
99 156
99 164
99 181
100 109
100 117
100 125
100 133
100 141
100 149
100 157
100 165
100 173
