2395 7462
0 1
0 2
3 4
3 5
6 7
6 8
9 10
9 11
9 12
13 14
13 15
16 17
18 19
18 20
21 22
21 23
24 25
24 26
27 28
29 30
29 31
32 33
34 35
34 36
37 38
37 39
40 41
40 42
43 44
45 46
45 47
45 48
49 50
51 52
51 53
54 55
54 56
57 58
57 59
60 61
60 62
60 63
60 20
60 64
60 65
60 66
60 67
60 68
60 69
60 70
60 71
60 72
60 73
74 75
74 76
74 77
78 79
80 81
80 82
83 84
83 85
86 17
86 16
86 87
88 89
88 90
88 91
88 92
88 93
94 95
96 97
96 98
99 100
101 15
101 59
101 102
101 103
101 104
101 105
101 106
101 91
101 107
101 108
101 109
101 110
101 111
101 112
101 22
101 113
101 114
101 115
101 116
101 117
101 118
101 119
101 120
101 121
101 122
101 123
101 124
101 125
101 126
101 127
101 10
101 128
129 130
129 131
132 133
132 15
132 134
132 135
132 136
132 137
132 105
132 138
132 139
132 140
132 141
132 142
132 143
132 144
132 145
132 146
132 147
132 148
132 149
132 150
132 151
132 152
132 63
132 153
132 154
132 155
132 124
132 156
157 158
157 76
157 77
157 159
160 161
162 163
164 165
164 166
164 167
164 168
84 169
84 170
84 171
172 173
172 126
174 175
176 177
176 178
179 180
179 181
182 15
182 59
182 103
182 105
182 106
182 183
182 91
182 184
182 110
182 25
182 101
182 112
182 111
182 22
182 113
182 114
182 115
182 185
182 186
182 117
182 187
182 118
182 119
182 120
182 188
182 121
182 122
182 124
182 125
182 189
182 126
182 190
182 10
191 192
191 193
194 195
196 35
196 197
198 199
200 201
202 203
204 22
204 205
206 207
206 208
206 209
206 210
206 91
206 211
206 212
206 115
206 213
206 90
206 214
206 215
206 216
217 218
217 219
217 220
217 221
82 222
82 223
82 188
82 224
82 182
225 226
225 185
225 227
228 229
230 231
230 232
230 233
230 234
230 235
236 202
236 237
238 239
238 103
240 241
1 242
243 244
243 245
246 247
246 248
246 121
246 110
246 249
250 251
252 253
254 255
254 103
256 257
258 58
259 175
259 260
259 261
262 263
264 265
264 266
264 267
268 269
268 270
271 90
271 91
272 273
272 100
274 275
276 277
276 278
276 279
276 280
281 282
281 142
283 284
283 285
286 287
286 288
289 154
289 290
291 292
291 293
294 120
294 295
294 296
297 298
297 112
299 300
299 301
299 302
299 303
304 305
304 306
307 308
307 309
307 310
311 312
311 313
311 314
311 315
311 316
317 123
317 113
317 116
318 120
318 319
48 46
320 321
320 322
320 323
320 324
320 325
320 326
320 327
320 328
320 329
330 331
330 332
333 334
333 335
336 337
338 339
338 340
338 103
338 341
338 342
338 343
338 344
338 345
338 346
338 347
338 348
338 349
338 350
338 115
338 351
338 117
338 352
338 353
338 354
338 355
338 118
338 120
338 122
338 356
338 126
338 357
338 358
338 10
338 359
338 360
361 55
361 362
361 363
361 364
361 365
361 366
361 10
350 367
350 368
350 369
350 115
350 346
350 360
370 371
370 372
373 374
375 376
375 377
375 378
375 2
375 379
375 380
375 52
381 382
383 84
383 171
383 169
384 180
385 386
387 388
387 389
390 391
390 392
390 122
390 393
394 395
396 215
396 397
398 131
398 322
398 265
398 399
398 400
398 142
398 143
398 401
398 146
398 402
398 22
398 403
398 404
398 405
398 130
406 407
406 408
409 125
409 410
409 411
412 413
414 238
414 103
415 416
415 417
415 39
418 419
418 146
420 15
420 421
420 422
420 423
424 131
425 426
427 263
427 428
427 429
427 430
431 432
431 433
434 435
436 416
437 438
437 439
440 365
440 95
441 442
443 263
443 444
445 446
445 447
445 448
449 450
449 451
452 453
454 455
456 428
456 457
439 15
439 458
439 444
439 105
439 459
439 309
439 111
439 22
439 2
439 114
439 117
439 120
439 460
439 124
461 76
461 428
461 462
463 265
464 465
464 466
464 378
467 468
467 322
467 469
467 470
471 472
473 474
473 133
473 15
473 282
473 131
473 475
473 322
473 265
473 476
473 105
473 138
473 139
473 477
473 478
473 479
473 480
473 481
473 321
473 482
473 400
473 142
473 483
473 143
473 46
473 145
473 484
473 485
473 486
473 487
473 146
473 488
473 489
473 167
473 147
473 490
473 132
473 491
473 22
473 492
473 149
473 404
473 493
473 494
473 495
473 152
473 175
473 63
473 496
473 154
473 398
473 405
473 130
473 497
473 498
473 124
473 499
500 501
502 503
502 376
504 270
504 505
506 123
506 317
506 113
506 507
508 509
510 188
510 511
512 513
512 203
514 515
516 115
517 460
517 518
519 100
520 521
522 523
524 525
524 526
524 361
527 131
527 528
529 340
529 530
531 532
533 534
533 535
536 101
536 537
536 102
536 107
507 123
507 113
538 210
539 540
539 306
185 15
185 227
185 59
185 103
185 331
185 105
185 106
185 541
185 91
185 110
185 101
185 111
185 22
185 113
185 114
185 115
185 186
185 117
185 118
185 119
185 120
185 188
185 122
185 124
185 125
185 126
185 190
185 542
185 10
543 371
543 544
545 546
545 239
545 118
547 548
547 116
549 15
549 444
549 458
549 439
549 105
549 1
549 39
549 550
549 503
549 551
549 335
549 552
549 553
549 309
549 111
549 378
549 22
549 2
549 114
549 375
549 117
549 308
549 554
549 555
549 52
549 120
549 460
549 556
549 557
549 169
549 124
549 558
559 560
559 561
562 207
562 563
564 0
564 242
564 1
564 2
565 566
565 458
565 53
565 334
567 568
569 570
569 571
569 572
573 574
575 19
575 235
576 109
576 577
578 534
578 579
578 77
578 580
581 582
583 584
585 586
585 587
588 589
588 554
590 346
590 350
126 591
126 15
126 592
126 103
126 561
126 593
126 68
126 279
126 105
126 594
126 595
126 106
126 392
126 596
126 277
126 597
126 20
126 91
126 598
126 270
126 546
126 599
126 231
126 600
126 22
126 601
126 284
126 115
126 7
126 117
126 118
126 355
126 154
126 602
126 122
126 603
126 230
126 604
126 124
126 605
126 72
156 134
606 607
608 609
608 610
611 101
612 405
612 404
603 599
613 474
613 322
613 265
613 614
613 615
613 484
613 486
613 147
613 30
613 616
613 617
613 405
613 130
613 618
619 15
620 621
620 106
620 400
622 623
622 51
622 335
624 625
626 447
626 115
626 627
628 629
628 630
631 90
631 632
631 633
634 19
634 596
635 503
635 376
589 1
589 554
636 303
636 637
638 2
639 518
639 640
641 142
642 643
644 503
644 645
646 647
648 306
648 649
650 651
652 653
168 165
168 167
168 523
654 655
656 657
656 658
659 106
659 660
661 22
661 662
663 15
663 664
663 154
663 665
663 666
663 284
663 124
663 667
663 19
663 126
663 668
663 194
663 669
663 670
663 671
95 119
95 287
95 365
95 586
95 288
95 10
672 371
673 428
673 674
675 549
675 47
676 677
676 678
676 110
676 190
679 680
679 309
681 682
681 22
681 105
681 72
681 662
681 683
681 684
685 686
687 22
687 492
687 292
688 689
690 691
33 142
692 444
692 629
692 295
692 693
694 72
694 695
349 358
349 696
697 698
699 416
290 154
700 701
700 200
700 201
702 92
702 703
704 705
706 299
707 708
709 710
709 711
712 106
712 7
713 15
713 714
713 59
713 103
713 105
713 106
713 91
713 715
713 40
713 46
713 484
713 486
713 447
713 110
713 25
713 101
713 111
713 42
713 22
713 113
713 114
713 115
713 185
713 627
713 182
713 117
713 716
713 118
713 119
713 120
713 122
713 124
713 125
713 717
713 126
713 190
713 718
713 10
713 360
719 185
720 627
721 492
721 50
722 723
722 171
722 411
724 152
724 725
726 503
726 219
726 727
726 439
728 714
728 713
214 115
729 287
729 397
730 19
730 235
730 731
730 230
125 15
125 59
125 727
125 439
125 458
125 35
125 444
125 36
125 416
125 105
125 106
125 466
125 5
125 503
125 91
125 109
125 457
125 732
125 112
125 111
125 22
125 113
125 2
125 114
125 115
125 117
125 58
125 549
125 119
125 120
125 218
125 460
125 4
125 123
125 124
125 10
733 734
733 265
735 736
737 738
737 56
739 740
741 742
743 744
743 91
745 525
746 747
746 614
521 748
340 15
340 91
340 451
340 107
340 749
340 109
340 110
340 101
340 750
340 751
340 182
340 752
340 123
340 369
340 102
340 103
340 108
340 111
340 753
340 754
340 22
340 350
340 58
340 755
340 756
340 190
340 127
340 360
340 59
340 106
340 541
340 757
340 46
340 258
340 113
340 185
340 186
340 117
340 758
340 120
340 122
340 124
340 126
340 10
340 759
340 104
340 105
340 484
340 486
340 25
340 112
340 114
340 115
340 116
340 713
340 119
340 118
340 125
340 248
760 525
760 119
760 587
761 411
761 762
761 763
761 764
765 112
765 766
767 525
767 365
767 362
389 388
389 344
392 15
392 103
392 279
392 768
392 105
392 277
392 91
392 546
392 599
392 22
392 769
392 393
392 770
392 771
392 118
392 154
392 772
392 122
392 124
392 605
392 773
392 280
774 549
774 556
775 727
776 777
163 778
779 780
779 781
779 782
783 218
783 629
335 444
335 458
335 638
335 53
335 51
335 334
335 111
335 2
335 375
335 52
335 169
784 306
784 113
621 400
376 379
376 52
376 378
376 377
141 785
141 137
786 787
786 169
788 357
789 401
790 791
790 124
792 109
792 125
487 793
487 15
487 491
487 154
487 794
487 143
487 795
487 796
487 139
487 382
487 152
487 489
487 797
447 207
447 91
447 798
447 799
447 110
447 111
447 113
447 114
447 115
447 800
447 117
447 90
447 801
447 119
447 120
447 306
447 206
447 446
447 190
447 10
802 803
804 805
806 807
806 26
808 101
808 809
810 811
810 586
810 288
812 84
812 371
813 142
814 815
816 109
816 35
816 125
816 36
816 792
817 306
817 818
819 820
821 822
404 131
404 322
404 265
404 823
404 824
404 825
404 508
404 509
404 400
404 142
404 146
404 33
404 22
404 826
404 32
404 405
404 827
404 828
404 781
404 780
829 830
831 832
833 834
833 549
310 308
310 551
310 309
835 836
837 838
837 613
837 839
837 840
837 841
837 615
837 322
837 617
837 405
837 842
837 843
837 844
837 147
837 845
846 30
846 299
846 582
135 133
135 150
847 727
847 466
848 849
848 397
848 55
848 632
850 851
571 572
852 375
91 15
91 103
91 105
91 22
91 118
91 154
91 122
91 124
853 129
853 131
854 727
854 855
854 466
856 857
858 859
858 860
861 277
861 862
863 864
865 392
865 866
867 868
867 404
216 208
869 363
869 365
869 870
428 15
428 158
428 59
428 444
428 629
428 458
428 439
428 75
428 871
428 416
428 105
428 466
428 503
428 335
428 74
428 457
428 111
428 429
428 22
428 2
428 114
428 76
428 375
428 77
428 117
428 549
428 872
428 873
428 119
428 120
428 263
428 218
428 460
428 680
428 169
428 124
428 125
428 10
874 546
874 103
875 876
875 35
877 878
877 681
332 331
332 185
879 880
881 882
883 884
885 886
885 458
887 306
887 113
888 263
888 889
595 604
595 355
890 518
356 891
344 354
344 118
344 349
344 892
344 893
344 894
344 358
344 895
344 696
896 503
896 411
432 433
432 897
898 405
898 616
798 801
798 800
23 22
23 681
899 900
901 435
901 82
902 772
902 768
902 103
903 904
903 905
906 59
906 292
906 764
907 908
907 15
907 195
907 103
907 105
907 664
907 909
907 910
907 663
907 400
907 911
907 912
907 667
907 167
907 22
907 492
907 284
907 913
907 194
907 669
907 914
907 63
907 154
907 915
907 124
907 858
907 19
907 126
907 859
916 303
916 917
918 919
586 55
586 362
586 920
586 364
586 587
586 525
586 287
586 365
586 288
586 119
586 361
586 10
921 340
921 186
466 727
466 444
466 458
466 439
466 544
466 503
466 335
466 371
466 571
466 922
466 111
466 378
466 2
466 375
466 549
466 555
466 52
466 460
466 169
466 923
924 207
924 213
491 495
491 925
491 797
22 15
22 926
22 154
22 405
22 265
22 927
22 175
22 124
928 158
928 929
930 20
931 154
931 932
933 371
933 934
935 936
935 811
937 726
937 219
795 152
938 755
938 939
940 114
213 207
213 214
213 115
58 111
58 123
58 106
941 873
941 428
941 942
941 119
941 59
941 158
941 263
941 218
941 629
941 439
941 680
941 943
941 416
941 105
941 944
941 945
946 265
946 175
946 463
616 405
947 7
947 593
948 15
948 388
948 340
948 435
948 949
948 950
948 951
948 105
948 341
948 952
948 26
948 953
948 954
948 106
948 955
948 956
948 957
948 958
948 959
948 314
948 960
948 961
948 962
948 715
948 167
948 963
948 964
948 25
948 101
948 688
948 185
948 829
948 965
948 182
948 73
948 713
948 880
948 966
948 967
948 63
948 968
948 809
948 830
948 969
948 970
948 248
948 717
948 971
948 972
948 973
948 434
948 360
974 457
974 975
974 976
977 978
979 980
979 203
981 982
981 983
981 181
313 312
313 984
985 986
190 714
190 207
190 91
190 111
190 113
190 114
190 115
190 90
190 206
987 460
987 335
988 989
988 939
990 380
990 375
991 17
991 87
992 206
992 211
993 629
994 995
994 428
994 77
994 75
360 534
360 428
360 15
360 59
360 158
360 458
360 439
360 103
360 444
360 416
360 105
360 1
360 550
360 106
360 650
360 91
360 46
360 484
360 486
360 309
360 25
360 101
360 111
360 22
360 114
360 2
360 115
360 185
360 77
360 182
360 117
360 549
360 353
360 118
360 119
360 554
360 263
360 122
360 218
360 460
360 680
360 120
360 124
360 125
360 126
360 651
360 10
996 997
996 78
996 79
996 105
996 748
998 292
998 59
131 265
131 142
131 405
131 780
322 15
322 265
322 999
322 1000
322 614
322 1001
322 1002
322 142
322 146
322 22
322 1003
322 154
322 405
322 1004
322 124
1005 1006
1005 203
1007 322
1007 1008
1007 265
1007 303
1007 479
1007 614
1007 1009
1007 299
1007 147
1007 1010
1007 30
1007 1011
1007 706
1007 837
1007 1012
1007 838
1007 1013
1007 405
1007 130
1007 1014
1007 842
1007 613
12 118
12 355
12 120
12 122
12 117
12 10
1015 1016
1017 801
1017 800
1017 1018
1019 680
1019 1020
1021 306
1021 1022
1023 1024
1025 552
1025 1026
1025 551
1027 209
1027 1028
1027 56
448 446
448 447
448 800
1029 1030
1031 120
1031 460
1032 61
421 422
421 15
1033 1034
1033 978
1035 439
1036 5
1036 3
1037 667
1038 263
1039 549
1039 555
1040 15
1040 1041
1042 1043
1044 206
1044 287
1045 814
1046 460
1046 518
1047 370
1047 371
811 55
811 362
811 1048
811 1049
811 95
811 586
811 287
811 365
811 288
811 119
811 1034
811 361
811 10
1050 1051
1050 171
1052 154
1052 932
1052 1053
1054 120
1054 318
1055 1048
1055 811
1056 726
1056 219
587 119
587 361
587 525
1057 1058
1057 457
1059 1060
30 322
30 265
30 303
30 614
30 1061
30 1062
30 299
30 46
30 484
30 486
30 582
30 405
30 130
30 1063
30 1064
493 477
1065 154
285 284
285 1066
1067 762
1067 411
1068 118
1068 1069
1070 1071
1072 120
1072 579
1073 553
1073 552
1073 1074
1073 551
942 218
942 1075
942 943
1076 405
1076 131
122 15
122 105
122 546
122 1077
122 599
122 22
122 393
122 118
122 355
122 154
122 1078
122 124
1079 364
1079 586
1079 1080
1081 1082
1081 1083
604 355
1084 492
1085 1086
1087 84
1087 1088
1089 65
81 224
81 82
1090 1091
1090 458
1092 397
1092 1093
1094 1095
1094 182
1096 1097
1096 392
444 15
444 295
444 105
444 171
444 111
444 22
444 1098
444 2
444 114
444 375
444 117
444 319
444 990
444 380
444 120
444 169
444 124
1099 1100
1099 355
68 1101
68 20
68 154
68 1102
68 1103
68 103
68 72
68 105
1104 152
1104 1105
1106 1107
1108 154
978 114
978 940
1109 1110
1109 614
1111 741
1111 1112
1113 109
1113 1114
1113 125
234 233
563 207
563 213
1115 1116
1117 1118
1117 47
1119 175
100 206
100 1093
100 215
100 56
100 117
100 90
1120 116
1120 25
1121 1122
1121 115
1123 68
1124 287
1124 1125
1124 920
1126 716
1126 110
1127 1128
1127 703
1129 1130
1129 392
1131 1132
346 368
346 356
346 891
346 357
438 726
438 439
1133 363
1133 362
31 30
31 46
1134 552
1134 309
1135 121
1135 26
1136 474
1136 175
1136 1119
1136 1137
1136 1138
1136 1139
1137 474
1137 175
1137 22
1137 1140
1137 124
1137 1138
1137 1141
1142 175
1142 1119
1143 111
1143 714
1143 190
1143 1144
1145 125
1146 727
1146 518
1003 1001
1147 58
1147 258
965 691
965 15
965 388
965 435
965 950
965 1148
965 1149
965 961
965 1150
965 167
965 690
965 1151
965 1152
965 1153
965 1154
965 1155
965 970
965 1156
965 434
966 957
966 968
966 314
966 1157
966 435
966 316
966 1158
966 311
966 360
615 840
1159 813
1159 142
1160 1161
1160 996
1160 748
554 111
554 551
554 120
554 2
554 114
554 1
554 117
554 309
640 518
640 1162
1163 549
1163 557
1164 120
1164 460
1164 1165
1166 1167
1168 47
1168 675
1169 629
1169 1170
1171 154
1171 1172
1173 778
1173 1174
358 354
1175 549
1175 1176
1175 554
1175 680
1175 558
1177 1178
1177 1179
1177 1180
1177 1181
1177 398
1177 400
1177 404
1177 143
1177 1182
1177 1183
1177 152
1177 1184
1177 1185
923 922
1186 215
1187 206
1187 216
1187 208
1187 1188
1189 968
1189 966
1190 115
1190 1191
1190 703
1192 46
1192 47
1193 605
1193 1194
1193 593
1195 1196
1197 49
1008 1009
1198 1199
1200 74
492 428
492 15
492 411
492 59
492 340
492 458
492 444
492 439
492 103
492 105
492 341
492 26
492 106
492 392
492 91
492 764
492 912
492 400
492 142
492 143
492 46
492 484
492 205
492 486
492 146
492 1201
492 25
492 101
492 111
492 1202
492 22
492 50
492 2
492 284
492 114
492 115
492 185
492 182
492 117
492 549
492 713
492 119
492 118
492 154
492 263
492 218
492 122
492 460
492 120
492 680
492 124
492 125
492 19
492 248
492 126
492 1203
492 10
492 292
492 1204
492 360
951 963
1205 340
1205 921
1206 1207
1206 811
1208 92
1209 1210
570 571
570 572
570 764
1211 366
1212 1213
1212 182
479 15
479 340
479 503
479 91
479 143
479 145
479 146
479 147
479 101
479 182
479 130
479 47
479 428
479 103
479 466
479 372
479 764
479 142
479 1214
479 111
479 22
479 2
479 375
479 154
479 405
479 680
479 169
479 572
479 360
479 322
479 59
479 458
479 439
479 265
479 341
479 106
479 614
479 820
479 1215
479 1216
479 46
479 371
479 30
479 185
479 1217
479 117
479 152
479 549
479 1218
479 120
479 218
479 122
479 460
479 124
479 126
479 10
479 613
479 474
479 411
479 444
479 568
479 105
479 26
479 400
479 484
479 486
479 571
479 1219
479 25
479 492
479 114
479 115
479 713
479 1220
479 119
479 118
479 263
479 1221
479 125
479 248
1222 1223
503 727
503 444
503 458
503 1224
503 439
503 376
503 171
503 335
503 111
503 378
503 1225
503 2
503 375
503 52
503 460
503 169
1226 1227
1228 930
1228 20
551 308
551 552
551 1
1229 856
1229 1230
1231 206
1231 1232
1231 214
1231 213
1233 1234
1233 1235
482 143
482 1236
961 970
961 434
1237 1134
1237 552
1237 557
1237 309
109 106
109 112
109 111
109 113
109 114
109 116
109 117
109 58
109 1082
109 123
109 17
1238 1239
1238 117
667 15
667 1195
667 103
667 400
667 1240
667 1241
667 22
667 1242
667 284
667 913
667 154
667 1196
667 124
667 19
667 126
184 1243
184 677
184 190
184 110
787 1098
787 169
1244 1245
1246 541
1246 340
1246 185
1246 1247
1248 1249
1248 1224
1248 171
1248 411
1250 764
1251 1048
1251 1252
1251 365
1251 811
1251 1034
1253 371
1253 372
1253 466
580 534
580 77
1254 265
1254 1255
1256 1257
1256 188
1256 128
1258 110
1258 1259
1260 215
1260 100
1260 99
70 64
1261 1082
1261 113
1262 1106
1263 122
1263 10
1263 355
7 27
7 103
7 593
7 68
7 105
7 392
7 20
7 91
7 1102
7 1264
7 22
7 284
7 1265
7 1266
7 1066
7 154
7 1267
7 28
7 605
7 72
1268 815
1268 699
593 1066
593 1269
593 1267
593 1270
593 1271
593 284
593 605
1252 365
1252 1034
1272 1273
1272 341
1274 702
1274 703
1022 91
1275 549
1275 551
752 369
1276 987
1276 460
1277 52
1277 2
1278 1132
1278 341
1278 1279
1278 163
1278 1280
1278 1281
1278 959
1278 1131
1278 864
1278 1282
1278 347
1278 778
1278 1283
1278 338
1278 162
1278 1284
1278 353
1278 118
1278 1285
1278 1286
1278 1287
1278 863
1278 360
842 1009
842 1288
842 844
1026 551
1289 614
1290 143
1291 1292
1293 19
1293 20
1293 773
1293 18
1294 207
1294 1022
1294 91
1295 1296
1232 206
1232 213
1297 154
1298 219
1298 221
1299 263
1299 727
1299 518
1300 726
1300 727
1300 1301
1300 439
1300 1302
1303 1304
1305 1306
1305 1227
1305 146
841 1307
1308 366
1308 1309
1310 299
1310 706
103 15
103 105
103 277
103 546
103 599
103 239
103 22
103 118
103 355
103 154
103 122
103 1196
103 604
103 124
1311 1312
1311 4
1313 35
1313 1314
954 952
1315 152
303 734
303 265
1316 1317
1318 1319
1318 152
1318 1320
1318 404
277 546
277 105
277 280
277 770
1321 1322
1321 292
1321 906
1321 764
956 967
956 1323
956 1324
956 340
956 1325
956 360
1326 265
1326 733
1327 171
1328 108
1328 102
1328 127
764 428
764 15
764 411
764 59
764 444
764 1322
764 458
764 439
764 1329
764 466
764 503
764 372
764 371
764 486
764 1330
764 571
764 111
764 22
764 2
764 375
764 549
764 119
764 263
764 218
764 460
764 680
764 1221
764 169
764 124
764 125
764 572
764 292
764 762
108 102
108 127
1331 1332
1333 152
1333 1334
1333 1335
1333 490
678 110
678 190
911 492
911 915
864 353
1336 1337
1338 397
1338 1339
1338 1340
818 306
818 1341
1342 1129
1342 392
1342 1343
1344 1345
1346 142
1346 641
1347 146
711 115
1348 614
1349 586
1349 1350
1349 95
1351 112
1351 248
1351 183
1351 1352
1353 619
1353 15
442 266
87 1082
87 17
873 871
1354 503
1354 371
1354 1225
1354 896
1354 411
925 495
451 1229
451 856
451 1355
451 350
451 115
451 857
451 360
602 1356
602 546
602 279
1357 1358
680 15
680 59
680 727
680 458
680 439
680 1359
680 444
680 454
680 416
680 105
680 550
680 466
680 503
680 1360
680 459
680 309
680 111
680 22
680 2
680 114
680 117
680 549
680 119
680 554
680 120
680 218
680 460
680 124
680 125
680 558
680 10
680 923
1361 1362
1165 460
395 1363
1364 1359
1364 680
279 277
279 1356
279 591
279 546
279 280
1365 1366
1365 126
1365 596
849 397
849 632
919 1367
1332 22
1368 598
560 605
560 561
1369 1370
1369 768
1369 599
1249 171
1249 411
1371 459
1371 680
1372 1373
1372 1034
1374 998
1374 292
1375 685
868 1319
868 404
953 962
953 717
1376 19
1376 634
1377 1378
1377 966
1379 309
1380 366
1380 1211
1380 1381
1382 1383
1382 121
1384 1277
1384 52
1384 638
1384 2
1385 534
1385 77
1386 279
143 15
143 322
143 1387
143 136
143 265
143 105
143 1388
143 400
143 142
143 483
143 46
143 484
143 486
143 146
143 1389
143 22
143 404
143 1390
143 1185
143 154
143 405
143 130
143 1391
143 124
143 1392
909 19
1393 115
1393 1394
757 759
1395 306
1395 799
1097 392
1097 280
1396 1034
1396 1397
1398 331
1398 542
1399 458
1399 680
1400 166
1400 167
1401 1364
1401 680
1402 460
1402 74
1403 371
1403 1404
1405 1052
1405 118
1405 1406
1405 1069
1405 154
1405 1407
1405 532
1405 1068
1405 1053
486 428
486 15
486 322
486 158
486 629
486 59
486 103
486 439
486 458
486 265
486 416
486 105
486 106
486 466
486 503
486 91
486 1408
486 400
486 142
486 146
486 25
486 101
486 111
486 22
486 444
486 2
486 114
486 115
486 185
486 182
486 117
486 549
486 119
486 118
486 154
486 263
486 218
486 122
486 130
486 405
486 680
486 460
486 120
486 124
486 125
486 126
486 10
1409 1410
1409 398
1409 130
219 503
219 221
1411 1412
1411 355
1413 55
1413 940
677 190
666 665
146 15
146 1414
146 265
146 1415
146 105
146 1306
146 1416
146 1417
146 142
146 1418
146 1419
146 22
146 742
146 153
146 154
146 405
146 124
1122 115
1122 214
1420 1421
249 248
249 110
1422 1183
1422 1423
1410 398
1424 667
1424 103
1217 568
1425 1426
1425 1427
1428 801
1428 800
1428 798
73 15
73 388
73 340
73 435
73 103
73 68
73 950
73 105
73 341
73 26
73 106
73 392
73 479
73 20
73 91
73 959
73 400
73 270
73 46
73 145
73 484
73 486
73 167
73 777
73 25
73 101
73 22
73 492
73 50
73 66
73 65
73 284
73 115
73 185
73 965
73 182
73 7
73 117
73 1429
73 713
73 721
73 118
73 809
73 154
73 120
73 122
73 124
73 19
73 72
73 126
73 248
73 971
73 10
73 1430
73 1204
73 1089
73 360
41 1431
465 466
1432 306
1432 1433
1218 47
1434 24
1434 26
1435 1436
1437 46
120 15
120 1
120 397
120 210
120 91
120 551
120 109
120 184
120 110
120 203
120 1082
120 975
120 1034
120 123
120 206
120 1438
120 103
120 703
120 111
120 22
120 2
120 800
120 213
120 58
120 579
120 306
120 17
120 190
120 127
120 56
120 106
120 113
120 117
120 90
120 319
120 355
120 122
120 124
120 215
120 126
120 534
120 55
120 207
120 105
120 978
120 100
120 92
120 112
120 114
120 115
120 77
120 116
120 121
120 118
120 4
1439 1440
1439 59
1441 1286
19 908
19 15
19 103
19 561
19 593
19 68
19 105
19 106
19 392
19 235
19 596
19 20
19 91
19 1442
19 1443
19 400
19 270
19 1444
19 231
19 22
19 284
19 1445
19 7
19 1362
19 118
19 154
19 1446
19 122
19 230
19 124
19 605
19 72
19 126
19 773
19 1447
19 1448
19 1361
1447 1449
1302 727
1302 439
1450 1451
1450 941
220 503
220 218
220 219
1452 154
1452 1297
534 1438
534 579
534 77
1453 361
1453 1454
1453 587
1455 680
1456 371
892 696
1457 1049
1457 811
1458 1459
137 1317
137 153
137 149
137 1460
137 146
137 1419
1461 1462
1463 612
1463 404
1464 1465
1464 372
1466 1467
1466 146
1468 340
1468 1469
1470 115
1470 1471
537 101
537 102
1053 154
1053 1407
1279 1281
1472 376
273 100
273 56
1473 55
1473 362
1247 340
1247 185
1247 186
1474 599
1474 1475
962 713
962 717
1476 397
1477 768
1477 122
1478 503
1478 502
1479 118
71 1480
71 72
1083 1082
1083 317
1141 175
1481 46
1481 1437
1481 572
1482 113
1482 784
1483 155
1483 146
738 212
738 56
1484 982
1485 111
1485 1486
1485 190
1427 19
1487 306
1487 1395
1488 322
329 326
1489 780
1489 131
205 22
1490 549
1490 1039
118 15
118 22
118 355
118 154
118 124
1491 599
1491 126
263 15
263 158
263 59
263 727
263 629
263 458
263 439
263 444
263 1492
263 624
263 416
263 105
263 944
263 466
263 503
263 335
263 1493
263 111
263 429
263 22
263 2
263 114
263 375
263 117
263 549
263 1494
263 319
263 119
263 1495
263 1162
263 120
263 218
263 460
263 680
263 169
263 625
263 124
263 228
263 125
263 10
263 923
1496 131
1497 1498
1497 1499
1497 15
1497 1500
1497 118
1497 959
1497 154
1497 388
1497 289
1497 122
1497 1501
1497 103
1497 1502
1497 341
1497 1297
1497 392
1497 1452
1497 1503
155 146
1504 534
1504 1505
1506 1507
1508 1509
1287 449
1287 340
1287 103
1287 341
1287 1222
1287 1280
1287 451
1287 959
1287 1173
1287 347
1287 778
1287 1223
1287 338
1287 1510
1287 350
1287 1284
1287 115
1287 1511
1287 1512
1287 117
1287 201
1287 355
1287 118
1287 120
1287 856
1287 122
1287 857
1287 126
1287 10
1287 1513
1287 1174
1287 360
976 457
910 664
1514 372
1514 1515
859 912
222 223
1516 1517
1516 459
1516 439
1516 680
1516 309
1518 1519
1520 1521
1520 183
1520 26
261 175
665 284
1522 1523
1524 990
1524 375
1524 380
1116 121
525 119
525 362
525 361
525 363
525 365
1525 1526
920 287
407 91
1527 74
1527 1528
1527 2
1149 1150
475 15
475 282
475 1461
475 105
475 478
475 281
475 480
475 1408
475 142
475 143
475 1529
475 145
475 486
475 167
475 146
475 488
475 147
475 1530
475 490
475 132
475 492
475 1462
475 149
475 152
475 63
475 882
475 154
475 124
282 142
257 717
1531 1532
1531 100
1533 435
1534 1535
1534 25
399 402
399 131
399 1496
399 130
399 403
749 127
1536 19
1536 909
1537 1538
169 376
169 378
169 1098
169 2
169 375
169 379
169 990
169 380
169 52
1539 154
1539 1540
367 368
1138 1140
1541 120
1541 1058
1541 1542
1541 457
1541 458
171 1224
171 169
171 375
171 170
1543 549
1543 554
1544 1141
1544 175
1545 1546
1545 303
1547 154
1547 1548
1549 12
1550 1551
1550 350
914 909
914 667
914 19
914 1552
914 1536
1553 591
1553 546
1554 1239
1554 117
1555 1556
1557 1558
1557 556
1557 416
1557 39
62 61
62 1101
62 1032
62 68
62 1429
62 72
62 73
1559 102
1559 127
1559 1560
1561 1266
1562 379
1562 378
1563 188
1563 82
1564 1067
1564 411
1565 1566
1565 549
1567 629
1568 525
1568 760
1568 587
352 353
352 360
1569 1151
1161 996
1161 748
1419 153
989 939
989 451
496 131
496 405
496 485
496 404
496 1570
496 1463
496 612
772 768
772 103
1571 629
1571 1495
1475 599
1475 393
889 263
889 1494
391 392
391 122
796 794
1572 177
1573 619
1573 15
1573 63
1573 492
1573 1574
1573 1575
1573 912
1573 860
1573 858
1573 105
1573 1576
1573 1084
1573 907
1573 859
1577 680
1577 1578
1579 1580
1448 1446
1581 366
908 1442
1582 1583
1584 110
983 1239
983 982
983 181
1585 125
1585 5
1492 944
1586 1033
1586 1034
1172 154
1172 118
102 107
1587 629
1587 942
1587 1075
1587 1588
1589 175
1589 1544
1589 1590
450 451
1591 56
1591 54
1592 277
1592 105
1593 1594
1593 1002
1595 1596
1595 100
1597 123
1598 123
1598 112
1599 677
1599 186
314 1600
314 106
314 224
314 1601
314 25
314 101
314 185
314 182
314 187
314 312
314 188
314 82
314 315
314 360
1602 1603
1465 372
1465 571
1604 1605
1606 1396
1606 1034
1607 20
1607 1228
1607 930
1607 72
1607 695
660 35
660 106
1608 1458
255 604
255 103
1609 101
1609 1610
1611 1612
1613 206
1613 209
1614 984
1615 447
1615 627
1615 720
1616 447
1616 798
754 752
754 759
1030 261
1617 224
1617 182
1617 314
1618 46
1618 47
1618 1219
1618 1192
1619 416
1619 2
1620 1621
1622 211
1622 215
1622 1186
1623 428
1623 457
1624 1625
1624 1626
1624 118
1624 355
1624 12
1627 423
1523 904
1628 263
1628 444
1628 1629
1628 319
1630 416
1630 1631
1176 554
1176 680
1632 1552
1632 667
296 120
1633 1242
1077 15
1634 52
1634 53
1634 1635
1314 35
1314 732
1636 1637
1638 1639
1638 1640
1156 1152
1641 447
359 353
359 352
1642 614
1643 110
1644 990
1644 375
1644 1524
1645 1155
59 15
59 35
59 458
59 439
59 444
59 416
59 105
59 106
59 466
59 503
59 91
59 109
59 112
59 111
59 22
59 113
59 2
59 114
59 1312
59 115
59 116
59 117
59 58
59 549
59 87
59 1082
59 119
59 120
59 218
59 460
59 4
59 1440
59 123
59 124
59 17
59 10
1521 26
458 15
458 444
458 105
458 550
458 53
458 51
458 334
458 111
458 22
458 2
458 114
458 375
458 117
458 975
458 52
458 120
458 169
458 124
458 1058
1646 46
1646 1221
1647 550
1647 458
1648 1649
1648 171
1648 169
1480 72
1381 366
1381 361
1650 404
1158 316
1651 1652
1651 1002
1653 1126
1653 110
1654 1655
1656 169
1273 341
1273 181
1657 1658
1657 355
1659 375
1659 377
1659 378
1659 1660
1661 242
1661 416
1240 1662
1663 114
1663 1664
1663 55
1663 1373
1663 1034
1665 1666
1665 182
791 124
1667 1221
1667 46
1667 1646
1667 764
1668 142
1668 1669
1670 101
1670 127
435 691
435 15
435 331
435 106
435 1671
435 314
435 25
435 101
435 185
435 182
435 188
435 82
435 248
435 542
435 972
435 360
1672 1673
1672 1345
1110 614
1674 311
1675 108
1675 1676
1675 340
159 158
159 77
1677 90
1677 1339
1575 860
1678 22
1678 1679
1625 118
1625 355
1680 232
90 1681
90 210
90 91
90 115
90 632
90 1339
90 215
1460 1419
1460 1414
1460 146
528 780
528 131
462 428
1682 1683
1682 1567
1100 1684
1100 355
1685 270
649 446
649 306
1686 1687
1686 1459
1688 114
1688 940
1688 978
1688 1689
1690 253
1690 500
1690 501
1154 1691
1692 1693
1694 292
1694 1695
1696 938
1696 755
1695 125
1697 120
1697 460
1697 975
1697 1031
594 601
1698 111
1698 1699
1698 716
1698 713
1698 110
1700 1684
1700 122
1700 355
1700 1263
1701 292
1701 1702
1703 90
705 1211
1610 101
1610 108
1704 1137
1705 811
1705 1457
1505 534
1505 535
1505 533
1706 211
1706 216
1706 1707
1706 210
1708 435
1708 82
1708 1533
886 458
886 51
1709 1710
1709 1002
480 882
480 881
480 142
480 1159
480 494
1711 811
1712 338
1712 959
1712 1713
1712 894
1712 342
1712 344
1714 1082
1714 87
1715 1082
1715 87
1716 355
1716 126
1716 1717
1718 143
1718 1177
1719 231
1719 591
1719 279
526 361
1433 306
1433 207
1201 1203
1530 1408
1720 416
1720 439
1658 355
1658 12
1721 263
1721 727
1721 1038
1722 479
1723 843
866 392
866 773
112 106
112 111
112 113
112 114
112 116
112 123
112 127
1724 1643
1724 714
1724 110
1725 1726
1727 218
1727 1728
1727 942
1729 133
1370 599
1730 263
1730 429
1731 1732
1733 1035
1733 439
1733 309
1734 175
945 943
1735 206
1735 1613
1736 1737
1738 1739
1738 322
1740 198
1220 1741
1742 224
1742 182
1743 1744
1745 263
1745 1494
1745 1495
1745 1746
830 968
552 557
1747 937
1747 726
1292 366
248 15
248 247
248 765
248 59
248 103
248 1259
248 105
248 106
248 183
248 91
248 314
248 46
248 484
248 486
248 110
248 1732
248 25
248 101
248 112
248 111
248 22
248 113
248 1258
248 114
248 115
248 185
248 182
248 117
248 713
248 118
248 119
248 120
248 188
248 121
248 122
248 82
248 124
248 125
248 126
248 766
248 10
248 360
1748 800
1748 798
1748 1428
1412 1625
1412 355
1204 1202
1687 366
1749 727
1749 847
1749 922
1749 466
15 647
15 154
15 405
15 265
15 124
15 646
457 975
457 120
457 458
457 1058
1660 375
1660 378
1750 1751
1752 1753
1754 1755
1754 460
69 67
1756 629
1756 783
1757 1758
476 499
260 474
260 175
260 261
1759 1
1130 392
343 342
731 231
731 19
731 230
1416 1417
1760 90
1760 210
1207 811
1207 586
1761 11
1761 355
1761 1762
1763 58
1763 4
1764 1765
1764 279
1766 466
1767 1768
1769 428
1769 456
1770 299
1770 130
1771 216
1771 538
1771 210
1772 306
1772 1773
1772 798
1774 116
165 15
165 166
165 411
165 1775
165 764
165 647
165 1776
165 1107
165 1777
165 218
165 124
1778 371
1778 543
1779 122
1779 1477
607 22
1010 299
1780 1034
348 346
348 357
1781 2
1782 553
1782 309
8 7
8 68
1783 1439
1783 59
1341 115
1784 955
1785 35
1785 125
1785 5
1785 732
1785 1585
85 84
85 170
669 664
669 910
669 124
669 791
1786 213
97 98
97 1690
1082 123
1082 113
1082 17
1082 116
1082 548
1082 317
1787 22
1787 492
1787 205
1787 687
1788 1789
1788 22
1788 1790
1788 1791
1788 28
1788 7
1788 106
1532 100
1532 56
123 113
123 116
123 127
1792 124
1792 15
1792 1793
1792 1041
1794 1210
1794 1795
1794 142
1794 641
1794 152
1794 1346
161 1683
618 898
618 405
618 1580
618 616
969 15
969 388
969 472
969 340
969 435
969 1796
969 950
969 341
969 26
969 1797
969 106
969 311
969 956
969 313
969 1324
969 959
969 314
969 1537
969 1602
969 167
969 1538
969 1798
969 25
969 101
969 1614
969 42
969 1799
969 984
969 185
969 965
969 182
969 1800
969 73
969 713
969 966
969 312
969 63
969 809
969 1801
969 248
969 717
969 718
969 971
969 360
1802 4
1802 1763
1340 397
1803 231
1803 1719
1803 591
971 1551
971 15
971 740
971 340
971 435
971 103
971 1230
971 331
971 105
971 341
971 26
971 106
971 654
971 956
971 91
971 451
971 959
971 314
971 1229
971 1804
971 25
971 101
971 1805
971 338
971 1550
971 754
971 1806
971 350
971 115
971 185
971 1807
971 182
971 117
971 713
971 966
971 118
971 752
971 120
971 188
971 856
971 122
971 369
971 248
971 1287
971 126
971 10
971 1513
971 739
971 360
1808 416
1808 1809
1810 1811
1810 361
1812 143
1812 152
1812 1388
1812 1392
1813 1814
1088 84
1088 169
111 15
111 207
111 105
111 1
111 106
111 91
111 22
111 113
111 2
111 114
111 115
111 375
111 90
111 52
111 123
111 206
111 169
111 124
1815 1347
1816 22
1816 1817
1014 838
1014 1723
1014 1818
1014 843
1014 1011
1014 837
1819 215
1819 1820
897 1317
897 433
897 137
897 1821
897 1336
897 1316
337 91
363 362
363 365
1822 405
138 133
138 134
138 1104
138 139
138 1823
138 1729
138 1824
138 1825
138 143
138 144
138 145
138 1826
138 1827
138 1828
138 1693
138 149
138 152
138 1726
138 63
138 1692
138 124
138 1290
138 1725
138 156
138 1392
803 189
1829 1327
1829 1363
1817 22
1817 1265
1830 1831
1830 1637
1832 219
1832 1298
1833 1367
1833 1834
20 103
20 105
20 392
20 1342
20 1835
20 1343
20 1445
20 1836
20 154
20 773
20 1837
1838 1554
1838 1239
1839 154
1839 1840
1839 1452
1841 193
1842 126
1842 1491
1843 1525
1844 444
1844 380
1844 1098
1844 1845
1844 169
683 682
1846 470
469 322
1847 366
1847 1581
1847 361
1848 1849
1499 1503
1684 122
1684 355
1462 486
1850 179
1850 180
1851 392
1851 1852
1851 103
66 65
66 1123
66 68
66 1089
293 1322
293 292
1853 345
1454 361
481 494
627 91
627 516
627 115
627 447
1093 215
1804 1230
151 140
1800 717
1800 1799
287 55
287 209
287 56
287 978
287 397
287 212
287 114
287 117
287 90
287 365
287 288
287 119
287 1034
287 120
287 206
287 10
287 1397
1854 1855
1854 479
1560 127
1856 1857
1856 428
1856 460
1856 335
1856 872
1858 1399
1858 680
1859 365
1859 1034
1859 1860
154 265
154 124
1861 1862
1061 1063
1863 721
1863 492
1863 50
1864 185
1864 1865
1864 25
72 1655
72 103
72 105
72 392
72 1654
72 61
72 20
72 1032
72 1768
72 22
72 154
72 1767
1866 1120
1866 25
1594 1002
845 839
845 1822
845 617
845 405
845 883
845 613
1867 808
1867 809
763 411
763 98
763 764
1868 10
1868 1549
1868 12
1869 734
1869 303
1870 1784
1870 1871
1872 379
1872 375
1872 1873
1872 169
1528 2
1114 125
1874 1704
1875 1599
1875 186
1876 726
1876 727
1876 775
1824 1826
1877 1493
1878 460
1878 872
416 444
416 458
416 439
416 105
416 1
416 39
416 550
416 242
416 551
416 309
416 111
416 2
416 114
416 117
416 549
416 119
416 554
416 120
416 556
416 10
653 428
1879 317
1879 116
1879 1774
1183 240
1183 509
1183 398
1183 400
1183 404
1183 789
1183 401
1183 152
1880 365
1880 362
1880 767
1880 1881
614 265
614 1651
614 303
614 1061
614 1002
614 299
614 1652
614 405
614 1063
1280 1284
1280 1281
1882 493
1882 405
1882 131
1882 1076
1882 473
1883 416
1883 1720
1884 713
1884 728
1885 1886
1885 897
1887 1888
371 444
371 1224
371 544
371 171
371 503
371 84
371 1225
371 375
371 169
1889 169
1890 146
1891 15
207 91
207 115
207 90
207 1022
1892 923
1892 1893
1894 1734
1894 1137
1894 175
1895 94
1895 288
1895 95
1896 17
1896 991
1896 1440
1896 87
1896 59
1588 218
1588 629
1588 942
633 90
600 602
600 279
38 550
38 39
1897 365
1897 95
1898 55
1535 116
1535 25
1899 1900
1899 59
1901 206
1901 212
1901 287
1901 1044
1902 58
1902 1903
1904 519
1904 1519
1265 22
1905 90
1905 210
1905 1703
1213 182
1213 184
365 55
365 978
365 1048
365 397
365 1881
365 114
365 1034
365 120
365 10
1762 355
1906 331
1906 809
1907 1082
1907 548
1907 113
1907 1261
1908 531
1908 15
1908 118
1908 1406
1908 154
1908 1909
1908 122
1908 1497
1908 532
1908 1405
1908 422
1908 1910
1908 420
1908 167
1908 386
1500 1502
1689 114
1689 978
1911 270
1912 439
1912 1302
862 277
862 105
1801 956
1913 1914
1915 247
1915 121
1916 1917
1916 55
1916 1339
1916 56
1471 447
1471 115
1918 125
1918 5
1918 1145
1919 348
1919 346
1919 357
785 137
105 15
105 142
105 22
105 154
105 124
105 118
1920 405
1920 1822
1626 118
1626 12
1921 1922
1921 207
1921 91
1923 831
1676 340
55 56
55 978
55 397
55 1049
55 1373
55 114
55 940
55 117
55 90
55 632
55 1339
55 206
1144 111
1144 190
323 322
323 1004
323 325
323 1924
1629 263
1629 444
1574 15
1925 428
1926 299
1926 1010
550 111
550 120
550 1359
550 114
550 105
550 39
1927 340
1927 1928
1020 923
1020 680
1929 1930
1931 52
1931 51
1931 53
1932 1933
1932 554
1264 1102
17 1440
1934 152
1934 795
1935 15
1935 1936
484 15
484 165
484 503
484 91
484 335
484 146
484 101
484 182
484 130
484 47
484 428
484 518
484 103
484 466
484 372
484 764
484 142
484 111
484 22
484 2
484 375
484 154
484 405
484 680
484 169
484 322
484 59
484 727
484 458
484 439
484 265
484 106
484 371
484 219
484 185
484 117
484 549
484 120
484 218
484 122
484 460
484 1913
484 124
484 126
484 10
484 1914
484 411
484 444
484 105
484 400
484 486
484 571
484 25
484 114
484 115
484 119
484 118
484 263
484 726
484 125
1937 549
1937 774
695 72
1515 372
1515 571
490 148
490 132
490 154
490 1210
490 1794
490 142
490 1938
490 143
490 136
490 151
490 152
490 1334
490 1209
490 1939
1940 113
1940 887
1941 207
1941 924
1942 1943
1942 1243
1942 186
1942 184
1942 190
1241 913
1944 90
1944 1677
1945 165
1271 605
1946 1947
1946 1177
115 15
115 103
115 105
115 515
115 392
115 91
115 22
115 118
115 154
115 122
115 1948
115 124
1949 263
1949 1299
1949 518
1949 1162
1746 158
1746 263
1746 1495
1669 142
1950 91
1950 1951
1952 1953
838 613
838 1818
838 322
838 1288
838 842
838 1043
838 1954
838 1003
838 844
838 1955
838 147
838 1488
1956 1957
1956 1958
1583 1959
1960 91
1960 1961
1962 118
1963 726
1963 1056
1078 1964
708 248
1965 1553
1965 546
1966 384
1967 396
1967 397
1968 1529
1969 371
1969 812
1970 447
1970 306
1970 801
1970 799
1970 1971
1972 1424
1972 667
133 134
133 1827
133 697
133 698
133 124
133 145
1469 340
1469 755
1973 1694
1973 292
592 604
592 595
1578 923
1578 680
1974 1289
1975 1823
1975 145
952 967
1170 629
1170 1075
834 308
834 549
39 120
39 556
1976 1962
1976 546
1976 118
566 458
566 53
1977 1355
1978 22
1978 106
1978 712
1978 7
1978 1265
1178 1185
1979 277
1979 1980
321 474
321 1869
321 15
321 131
321 322
321 323
321 1007
321 265
321 1650
321 303
321 637
321 614
321 479
321 1179
321 400
321 142
321 143
321 46
321 484
321 1182
321 486
321 146
321 147
321 1924
321 636
321 22
321 404
321 30
321 1981
321 152
321 1738
321 1982
321 398
321 405
321 130
321 827
321 1739
321 734
321 124
321 1004
321 1177
321 613
1717 126
1983 1931
1983 52
1983 51
855 727
1330 1329
1282 1285
1984 1484
1985 184
239 118
1986 215
1986 100
750 758
1987 982
1987 341
1987 1988
1980 277
1980 770
1566 549
1566 39
1845 444
1845 380
751 749
1989 890
1989 1167
1990 22
1990 204
1991 590
1991 350
1992 778
1992 1993
1992 360
1994 1065
1981 734
1981 1869
1995 1996
1995 300
1997 824
1498 15
1498 1998
1498 959
1498 154
1498 388
1498 122
1498 1999
1498 14
1498 1502
1498 1078
1498 1964
1498 341
1498 1503
2000 549
2000 1275
2001 1386
530 340
530 350
1495 2002
1495 218
1495 629
1495 835
1495 1494
1495 836
2003 525
2003 361
2004 248
2004 2005
498 485
2006 1496
2006 131
2007 377
2007 376
1827 2008
1827 697
1827 1824
1827 698
1827 145
1239 177
1239 118
1239 355
1239 176
1239 1849
1239 982
1239 117
1239 1572
1283 2009
2010 2011
2010 584
972 960
2012 35
2012 34
4 1312
4 58
328 325
2013 549
2011 2014
518 59
518 727
518 439
518 466
518 1199
518 503
518 486
518 1162
518 263
518 218
518 460
518 680
518 125
518 1085
518 923
158 534
158 59
158 444
158 629
158 458
158 439
158 416
158 105
158 74
158 111
158 2
158 114
158 76
158 77
158 117
158 835
158 549
158 579
158 119
158 1495
158 120
158 218
158 460
158 680
158 625
158 125
158 10
2015 299
2015 2016
793 797
1999 14
1999 1998
2017 1177
2017 1718
2018 206
2018 1786
2018 213
540 306
540 800
139 133
139 2019
139 15
139 996
139 2008
139 105
139 1823
139 143
139 78
139 145
139 491
139 1827
139 1975
139 2020
139 149
139 495
139 152
139 1161
139 63
139 154
139 124
139 748
139 2021
139 925
139 985
139 986
2022 101
2022 188
2022 2023
2024 327
1334 1938
478 476
478 282
2025 568
2025 2026
703 91
703 206
703 207
703 1341
703 115
703 92
703 213
703 90
2027 219
2027 2028
958 715
2029 503
2029 635
2030 215
2030 208
197 109
197 35
546 591
546 118
546 105
546 239
2031 1479
2031 118
2031 12
2032 158
2032 2033
2032 579
1961 627
1961 91
2034 1759
2034 1
2034 2
553 551
553 552
2035 2036
2035 1753
2037 185
2037 186
2037 719
753 107
1988 341
1320 1183
1320 152
1320 404
2038 87
2038 1714
2039 466
2039 378
2040 549
2040 1543
181 1848
181 355
181 701
181 1239
181 982
181 1849
181 180
2041 224
2041 1617
2041 1600
2041 314
1284 1510
973 956
973 341
1511 1512
2042 209
2042 287
2042 397
2042 729
800 801
800 446
1744 128
114 15
114 207
114 105
114 1
114 106
114 91
114 22
114 113
114 2
114 115
114 77
114 90
114 123
114 206
114 124
1235 811
1953 1234
2043 626
2043 115
2043 516
2043 627
2044 435
2045 109
2045 2046
582 299
1436 1426
2047 571
2047 764
2048 440
2048 95
422 15
1366 596
1366 126
1366 561
605 2049
605 91
605 154
605 103
605 105
828 2050
2051 2052
2051 122
127 102
127 104
2053 1092
2053 397
1404 84
1404 371
1392 1825
1255 265
1255 303
744 627
744 91
1558 416
1558 39
2054 19
2054 575
1356 546
1041 124
1041 15
2055 365
2055 1881
727 439
727 922
727 923
2056 780
2046 109
2046 17
2057 1821
2058 2059
56 209
56 212
56 117
56 90
56 1339
56 206
2060 76
2060 74
1640 1108
2061 1690
2062 2063
2062 1955
2062 322
2023 188
2064 185
2064 435
2064 2044
2065 1112
2066 4
2066 1311
2067 59
2068 947
2068 1066
2068 7
2068 593
782 780
782 781
782 142
2069 2070
2071 15
2071 1574
2072 324
1835 1837
2073 1278
2073 1282
2073 2074
2075 400
2075 72
2075 2076
2077 55
2077 362
2077 1898
1319 404
2078 133
2078 145
2078 2079
1024 15
2080 125
2080 411
1157 2081
2082 1200
2082 74
2082 75
2083 591
2083 2084
2083 126
1570 131
1570 424
2085 990
2085 1889
2085 169
2086 1619
2086 416
2087 2049
505 270
505 230
2088 95
2088 2089
1012 841
1012 322
1012 1710
1012 843
1012 1109
1012 1580
1012 884
1012 614
1012 1307
1012 1002
1012 147
1012 1723
1012 1652
1012 837
1012 883
1012 838
1012 405
1012 1014
1012 618
1012 845
1012 1579
1012 613
2090 1685
1153 970
2091 2092
2091 224
1865 185
1673 428
1267 1270
1394 115
1394 516
2093 286
2093 287
2094 1040
2094 15
662 22
2095 263
2095 1730
10 534
10 15
10 55
10 458
10 444
10 439
10 103
10 105
10 1
10 397
10 106
10 91
10 551
10 309
10 110
10 111
10 22
10 113
10 1034
10 2
10 114
10 115
10 77
10 117
10 549
10 90
10 118
10 355
10 554
10 122
10 460
10 120
10 206
10 124
10 126
10 190
2096 788
2097 143
2097 1939
474 15
474 261
474 322
474 265
474 614
474 142
474 46
474 484
474 1138
474 486
474 22
474 30
474 175
474 405
474 130
474 1140
474 124
2098 1912
2098 439
426 605
2099 1590
2100 388
2100 2101
2100 181
1236 143
2102 1871
2103 277
2103 1592
1194 605
1728 942
2104 781
2104 404
2105 206
2105 992
1415 1414
2106 55
2106 1049
2106 362
2106 1473
419 265
419 146
2107 811
2107 1055
2026 568
2026 1217
2108 1238
2108 1239
934 371
934 1225
1139 2109
2110 780
2110 2056
2110 142
1873 375
1873 169
2111 91
2111 93
959 15
959 177
959 256
959 2112
959 340
959 41
959 103
959 105
959 341
959 26
959 106
959 392
959 344
959 479
959 257
959 91
959 400
959 40
959 145
959 46
959 484
959 486
959 1984
959 25
959 101
959 2113
959 338
959 42
959 22
959 492
959 1484
959 181
959 176
959 115
959 185
959 982
959 182
959 1713
959 117
959 2114
959 713
959 178
959 118
959 355
959 154
959 120
959 122
959 354
959 124
959 1239
959 248
959 126
959 717
959 1431
959 10
959 360
275 2115
2116 997
1702 125
1702 292
2117 679
2117 680
2118 852
2118 375
2118 380
224 1600
224 223
224 182
1910 1406
1917 55
1917 56
92 91
92 93
92 90
167 15
167 340
167 165
167 1197
167 392
167 479
167 49
167 91
167 385
167 143
167 145
167 146
167 147
167 101
167 1555
167 1262
167 182
167 971
167 428
167 435
167 103
167 764
167 1839
167 142
167 111
167 22
167 2119
167 2
167 2120
167 1840
167 1627
167 154
167 680
167 420
167 386
167 360
167 776
167 59
167 458
167 439
167 341
167 2121
167 106
167 2061
167 46
167 523
167 423
167 2122
167 50
167 185
167 117
167 152
167 549
167 120
167 1690
167 122
167 218
167 460
167 124
167 19
167 126
167 2123
167 10
167 1452
167 166
167 411
167 388
167 444
167 1106
167 105
167 26
167 2124
167 959
167 1501
167 400
167 484
167 486
167 1556
167 777
167 501
167 25
167 492
167 284
167 114
167 115
167 713
167 2125
167 98
167 1107
167 118
167 119
167 263
167 1497
167 125
167 248
2126 331
2126 1398
2127 174
2128 2129
1793 124
1793 165
1793 15
670 668
2130 586
2130 585
25 15
25 227
25 59
25 103
25 105
25 106
25 91
25 109
25 101
25 112
25 111
25 22
25 113
25 114
25 115
25 185
25 116
25 117
25 58
25 118
25 119
25 120
25 188
25 123
25 122
25 124
25 125
25 126
25 127
25 10
183 112
2131 549
2131 558
1423 1183
1423 398
2132 1181
2133 1897
2133 95
1664 114
1664 55
2134 115
2134 2135
14 15
14 122
826 405
1666 182
1666 184
77 75
77 105
77 76
77 579
2136 525
2136 119
2136 745
2137 555
2137 2039
2137 466
2137 378
2036 1807
2138 1661
2138 416
201 118
201 355
201 959
201 338
201 701
201 181
201 1511
201 1239
201 2070
201 341
201 117
201 1966
201 1223
201 180
201 384
178 2113
2139 2140
2139 103
2141 1731
2141 2059
63 133
63 15
63 340
63 69
63 392
63 479
63 503
63 91
63 270
63 143
63 145
63 146
63 147
63 101
63 70
63 182
63 7
63 1495
63 971
63 428
63 518
63 158
63 435
63 629
63 103
63 466
63 372
63 20
63 764
63 142
63 1607
63 111
63 22
63 930
63 2
63 375
63 941
63 154
63 680
63 169
63 72
63 360
63 996
63 59
63 458
63 439
63 416
63 341
63 106
63 46
63 371
63 64
63 149
63 185
63 117
63 152
63 549
63 73
63 120
63 218
63 122
63 460
63 124
63 19
63 126
63 10
63 411
63 388
63 444
63 950
63 68
63 137
63 105
63 26
63 959
63 400
63 484
63 486
63 167
63 25
63 492
63 284
63 114
63 115
63 965
63 713
63 119
63 118
63 809
63 263
63 125
63 248
2142 2143
2142 270
2144 1146
2144 518
89 90
89 92
827 825
2145 940
2145 1034
2145 1780
2146 1208
2146 90
2146 92
2147 91
2147 2111
2148 4
2148 5
1301 726
1301 727
2149 425
736 2150
298 123
298 112
1304 1002
1430 1429
292 59
292 1322
292 1695
292 927
292 1201
292 22
292 218
292 125
1820 215
1820 210
723 171
2151 1737
2151 1645
2152 1690
2152 2061
807 227
807 26
1909 15
1909 1891
1542 120
1542 458
577 109
577 17
2153 143
2153 1290
1148 1153
1831 2154
142 15
142 265
142 22
142 175
142 154
142 405
142 124
142 781
2143 270
2143 593
397 209
397 56
397 978
397 100
397 1093
397 114
397 117
397 90
397 632
397 1339
397 206
397 215
1128 92
1128 703
2155 1166
2156 287
1758 433
1790 22
1790 2157
1062 1064
2158 52
2158 335
2159 126
2160 299
2160 130
2160 300
2160 2161
2160 1770
2162 2163
2164 2165
2166 1805
488 474
488 133
488 2129
488 15
488 996
488 441
488 322
488 521
488 433
488 897
488 137
488 2167
488 265
488 442
488 105
488 138
488 139
488 2024
488 479
488 432
488 321
488 400
488 142
488 324
488 143
488 46
488 145
488 484
488 1336
488 486
488 167
488 146
488 147
488 2072
488 2127
488 520
488 320
488 132
488 22
488 492
488 2020
488 149
488 174
488 404
488 152
488 1507
488 175
488 63
488 154
488 398
488 266
488 130
488 405
488 1337
488 124
488 748
488 327
488 1295
488 431
599 277
599 546
599 393
599 279
599 105
110 714
110 91
110 111
110 113
110 114
110 115
110 716
110 677
110 190
2168 1443
2169 124
2169 671
1998 14
1998 122
1269 426
1269 605
1269 1271
295 120
876 35
876 5
1095 182
1095 183
2170 1137
1713 2114
305 306
305 703
2171 996
2171 149
2172 2173
2172 811
2174 1243
2174 184
2175 237
2176 131
2176 1489
878 681
878 72
2177 2175
2178 1189
2178 968
1948 2179
130 15
130 131
130 322
130 2015
130 265
130 303
130 614
130 400
130 142
130 299
130 146
130 22
130 2161
130 300
130 403
130 404
130 2016
130 405
130 124
2180 131
2180 2181
2182 35
2182 106
2183 466
2183 923
2184 658
460 1755
460 15
460 444
460 458
460 105
460 335
460 74
460 457
460 111
460 22
460 2
460 114
460 375
460 77
460 117
460 872
460 975
460 120
460 169
460 124
2185 2150
2185 262
1214 572
2186 549
2186 553
2186 2013
2112 2187
2188 484
2188 522
2188 523
905 131
629 59
629 444
629 295
629 439
629 416
629 105
629 2002
629 2189
629 1075
629 319
629 942
629 119
629 120
629 218
629 680
629 125
2190 2063
2191 375
2191 1656
2191 169
768 122
768 103
768 599
1350 287
1350 586
1350 95
1350 920
2192 371
2192 1224
2192 2193
2194 1221
2194 1722
2194 479
1811 364
1811 361
2195 1315
2196 149
2196 1890
2196 146
2084 126
2197 581
2198 428
2198 335
2198 1925
2199 2200
932 154
936 811
936 362
210 1681
210 216
2201 154
2201 124
2202 165
2202 1945
2202 523
2203 59
2203 1250
2203 764
2204 2128
2204 251
2205 2206
2205 112
2205 189
2205 182
1903 58
1903 340
1776 1777
1343 392
2207 1222
2207 1287
2207 44
1652 1002
2208 1755
2208 460
2208 74
2208 2209
2208 2
326 322
2210 123
2210 1597
2210 113
1080 364
1080 119
1080 586
2211 287
2211 397
2211 1476
2212 306
2212 1021
1893 922
1893 923
2140 355
2140 103
53 334
2213 1455
2213 554
2213 680
2214 1754
2214 460
929 158
929 77
2215 74
2215 2060
1939 143
2216 271
2216 91
756 753
374 171
2217 114
2217 978
2217 977
2218 1711
2219 1584
2219 110
2219 190
1325 1323
2220 2074
339 351
35 36
35 106
35 5
35 109
35 732
35 58
35 120
35 4
1773 306
136 148
1486 190
2221 547
2221 116
2222 549
2222 378
1188 206
1188 216
2223 1356
2223 546
2223 2224
2225 2226
1789 1791
2121 1501
106 15
106 103
106 1791
106 105
106 392
106 91
106 22
106 113
106 284
106 115
106 7
106 118
106 154
106 122
106 123
106 124
2227 58
2227 1312
2227 4
2227 57
2227 59
2228 120
2228 2229
2228 1438
2230 121
2230 1915
2231 1335
211 216
211 210
2232 428
2232 1623
2233 2234
2235 1061
2235 302
2235 30
2235 299
2235 1015
2235 614
2236 2237
2236 832
145 428
145 15
145 518
145 411
145 59
145 340
145 458
145 444
145 439
145 103
145 105
145 26
145 341
145 106
145 466
145 1823
145 503
145 372
145 91
145 764
145 400
145 142
145 698
145 143
145 46
145 484
145 371
145 486
145 146
145 25
145 101
145 111
145 22
145 492
145 2
145 114
145 115
145 185
145 375
145 182
145 117
145 549
145 713
145 119
145 118
145 154
145 263
145 218
145 122
145 460
145 120
145 680
145 169
145 124
145 125
145 248
145 126
145 10
145 360
2189 2002
1358 408
1216 1218
144 156
144 1726
26 15
26 2238
26 227
26 59
26 340
26 435
26 103
26 1116
26 105
26 341
26 803
26 106
26 183
26 91
26 314
26 2239
26 46
26 484
26 486
26 802
26 2205
26 110
26 25
26 101
26 112
26 111
26 1115
26 22
26 113
26 114
26 115
26 185
26 182
26 117
26 713
26 118
26 119
26 120
26 188
26 121
26 122
26 124
26 125
26 248
26 189
26 126
26 10
26 360
1930 331
2240 460
2240 1878
1060 95
964 957
610 361
2241 1379
2241 551
2241 309
2242 215
2242 1681
231 591
231 103
231 279
231 105
231 234
231 392
231 277
231 1979
231 546
231 599
231 1386
231 1980
231 770
231 1362
231 2001
231 118
231 122
231 280
2122 2119
894 895
1860 365
2243 971
2243 188
2244 549
2244 2222
2245 101
2245 104
2245 1670
2245 127
149 133
149 15
149 996
149 105
149 2116
149 997
149 143
149 145
149 1418
149 146
149 154
149 124
1118 549
1118 47
2246 1472
2246 379
2246 376
186 119
186 1243
186 91
186 120
186 677
186 184
186 190
186 10
186 110
2247 2171
2247 149
117 15
117 1
117 210
117 91
117 551
117 110
117 1082
117 123
117 206
117 103
117 703
117 111
117 22
117 2
117 800
117 213
117 87
117 306
117 17
117 190
117 127
117 106
117 113
117 90
117 355
117 122
117 124
117 215
117 534
117 207
117 105
117 92
117 112
117 114
117 115
117 77
117 116
117 118
152 15
152 241
152 322
152 265
152 105
152 2231
152 400
152 142
152 1825
152 143
152 46
152 145
152 484
152 486
152 146
152 1319
152 240
152 22
152 492
152 1335
152 149
152 404
152 381
152 2248
152 382
152 154
152 398
152 405
152 130
152 124
152 1392
175 265
175 266
2249 188
2249 1563
215 1681
215 208
215 210
215 211
215 216
2250 1681
2250 90
2250 210
2250 1760
2167 2020
2251 2148
2251 5
2252 923
2252 2183
2253 215
2253 2030
1391 1389
2254 2255
1943 186
1943 190
2256 84
2256 383
2256 171
2256 170
2257 2258
1621 2259
718 42
2123 484
2123 165
2260 1594
2260 1651
2260 1002
2260 614
2261 1344
2262 2263
2262 2264
2019 1823
2019 1975
410 411
2265 550
2265 458
2265 2266
411 428
411 15
411 59
411 1750
411 444
411 458
411 1224
411 439
411 1751
411 1695
411 466
411 171
411 503
411 371
411 486
411 111
411 22
411 2
411 375
411 549
411 119
411 263
411 218
411 460
411 680
411 169
411 124
411 125
411 292
411 762
2267 534
2267 533
2268 542
2268 185
2268 435
2268 2269
1900 87
1900 59
2270 971
2270 2243
2271 549
2271 1163
2272 2161
2272 300
2273 340
2273 2274
851 400
2275 1022
2275 91
2275 1294
2276 447
2276 1616
2277 443
2277 263
2052 122
2052 11
2124 1840
2278 15
2209 74
2209 2
1417 265
2234 149
2279 218
2280 2239
1933 1
1933 554
2135 206
2135 115
2281 2184
2282 1695
2282 2080
2282 125
2282 411
2283 1456
778 1510
778 1284
778 651
778 650
778 360
2284 1135
2284 26
2076 400
309 1
309 551
309 552
309 553
309 111
309 2
309 114
309 117
309 308
309 120
309 557
2285 2286
2285 1211
1852 103
2287 436
2288 2182
2288 106
1806 1513
2289 371
2289 2290
1105 152
93 91
2291 287
2291 2292
2291 1034
2291 978
2291 1397
2293 13
2293 15
980 397
980 203
1928 541
1928 340
2294 1057
2294 457
2295 1959
2295 1642
1028 56
2296 333
2296 335
187 1601
121 111
121 247
121 114
121 110
2297 120
2297 1072
2298 567
2298 820
2298 322
2298 819
2298 568
2298 467
2298 999
2298 1888
2298 469
2298 479
1862 203
2299 460
2299 1402
1576 1084
2224 546
900 100
1552 667
2300 158
2300 534
2300 2301
623 335
430 263
430 428
430 941
468 469
468 322
2264 1177
2079 133
2226 131
2302 1906
2302 809
561 2049
561 91
561 154
561 1446
561 103
561 605
561 105
561 594
561 2087
561 392
561 596
2303 152
2304 115
2304 2305
2304 1341
2304 703
823 826
2292 287
2292 978
1855 1219
1855 479
995 428
995 75
2306 2307
2306 199
597 603
2269 185
2269 435
2308 1518
2309 474
2309 1137
2309 2170
203 100
203 56
203 397
2301 158
2301 120
2301 534
2301 1438
2310 571
2310 2047
270 426
270 561
270 593
270 103
270 105
270 106
270 392
270 20
270 91
270 231
270 232
270 1343
270 1269
270 22
270 284
270 1680
270 7
270 1836
270 118
270 154
270 122
270 230
270 2154
270 605
270 72
270 773
270 2149
270 425
245 2311
1954 1818
2312 299
2312 582
2312 846
2157 22
1955 1488
1955 322
147 474
147 15
147 1305
147 261
147 322
147 2099
147 1874
147 433
147 897
147 137
147 1589
147 1590
147 265
147 2057
147 105
147 2190
147 1704
147 1306
147 1757
147 2062
147 1139
147 614
147 1226
147 1029
147 1758
147 2233
147 400
147 2234
147 142
147 1821
147 143
147 46
147 145
147 484
147 1042
147 486
147 146
147 1141
147 1418
147 1544
147 1955
147 2063
147 22
147 1136
147 1137
147 492
147 1030
147 149
147 1043
147 30
147 2163
147 1245
147 152
147 175
147 2109
147 154
147 405
147 130
147 124
147 1227
1538 314
489 1387
489 483
489 143
489 796
489 139
489 986
1922 91
278 277
278 279
1924 1004
2313 1813
2313 1303
2313 322
2313 1887
2313 1007
2313 1015
2313 265
2313 467
2313 303
2313 479
2313 614
2313 1016
2313 2237
2313 2197
2313 321
2313 2235
2313 1002
2313 299
2313 147
2313 1888
2313 1846
2313 470
2313 1421
2313 300
2313 30
2313 1012
2313 413
2313 2298
2313 405
2313 130
2313 582
2313 581
2313 1420
2313 1304
2313 613
2314 112
2314 1598
1556 523
2315 1360
2316 2115
2316 2317
2318 188
2318 901
2318 435
2318 82
2318 1671
2319 405
2319 131
2319 1076
226 227
226 185
226 25
192 2248
2320 2055
2320 365
2321 154
2321 2201
839 617
2322 167
2322 1400
1125 287
2323 811
2323 1034
2324 503
2324 218
2324 2279
2325 231
2325 280
2325 2326
1390 1388
1836 1343
2327 550
2327 39
1034 55
1034 978
1034 397
1034 1373
1034 114
1034 940
1034 1397
1546 303
1546 300
1191 115
52 638
52 53
52 2
188 1671
188 101
188 128
2328 77
2328 1385
2329 224
2329 1742
2330 55
2330 1413
1886 897
1886 137
2331 2327
2331 39
2332 1037
2332 1526
47 549
47 1219
497 2231
497 480
497 475
497 882
497 1335
497 1333
497 881
497 1794
497 142
497 1529
497 1968
497 152
497 1669
497 641
497 490
2333 371
2333 1253
2333 466
2333 544
2334 2174
2334 184
714 111
2335 101
2335 127
2335 611
1387 483
2336 30
2336 1348
2336 614
1796 1801
1795 152
1795 2303
2337 215
2337 2242
1710 1002
301 302
2338 1368
2338 643
2339 874
2339 103
331 542
1509 710
1306 1418
2340 63
2340 20
2340 60
2340 70
2340 72
2340 1837
2340 1654
5 4
1775 2341
1834 26
2342 444
2342 990
2343 2104
2343 404
1352 112
1352 248
2344 810
2344 811
2344 288
1407 154
1407 118
2345 180
2345 2346
2347 1371
2347 680
11 355
11 122
11 12
11 10
1993 778
2348 244
2033 158
2349 239
2349 118
2349 545
2350 1639
523 1914
523 165
523 1913
523 484
2351 372
2351 1766
2351 466
2352 811
2352 2323
1707 216
1707 210
1018 800
870 365
1288 844
2021 2008
2353 2007
2353 376
300 2161
300 303
939 758
939 451
939 340
939 1355
939 350
939 804
939 755
939 1977
2 1755
2 534
2 15
2 105
2 1
2 242
2 551
2 74
2 22
2 77
2 124
2120 165
2120 1107
2120 2123
2092 224
2092 1600
1649 171
2354 2355
2354 335
1383 121
1383 110
284 15
284 103
284 105
284 392
284 91
284 1561
284 22
284 1266
284 1066
284 118
284 154
284 122
284 124
284 605
284 72
284 668
1184 1182
2317 680
693 629
693 295
926 927
2258 609
306 207
306 703
306 91
306 798
306 799
306 1341
306 115
306 800
306 213
306 90
306 801
306 1022
306 206
306 446
2356 1034
2356 1372
2357 1133
2357 362
513 397
513 203
511 188
511 1671
657 404
2358 517
2358 518
1828 1729
2238 2359
372 371
372 571
372 466
949 967
949 973
949 956
265 266
265 405
265 734
2360 400
2360 2361
341 15
341 177
341 340
341 103
341 105
341 106
341 392
341 956
341 91
341 400
341 46
341 484
341 486
341 963
341 180
341 25
341 101
341 22
341 1850
341 181
341 115
341 185
341 982
341 182
341 179
341 117
341 1572
341 713
341 118
341 355
341 154
341 120
341 122
341 124
341 1239
341 248
341 126
341 10
341 1325
341 360
2362 993
2362 629
2362 319
1765 277
1765 279
2363 1123
2363 68
1074 552
1074 551
2364 444
2364 2342
1971 447
1971 801
1215 1214
1101 1103
1996 299
1996 300
362 55
362 1881
362 365
362 10
362 1049
1180 2365
1444 1445
2366 1958
2367 550
2367 1359
2367 458
2367 680
2367 1647
46 15
46 503
46 91
46 146
46 101
46 182
46 130
46 1064
46 47
46 428
46 103
46 466
46 372
46 764
46 142
46 111
46 22
46 2
46 375
46 154
46 405
46 680
46 169
46 572
46 322
46 59
46 458
46 439
46 265
46 106
46 371
46 185
46 117
46 549
46 120
46 218
46 122
46 460
46 124
46 126
46 10
46 411
46 444
46 105
46 400
46 484
46 486
46 571
46 1219
46 25
46 114
46 115
46 119
46 118
46 263
46 1221
46 125
1378 966
1378 311
2028 503
2028 219
645 503
645 1224
1517 439
1517 309
684 1767
684 72
684 682
1957 1798
2305 115
2305 703
2368 108
2368 127
2368 1328
2369 58
2369 2067
2369 59
1257 101
1257 188
1257 128
402 403
378 379
378 555
378 52
378 377
2326 231
2370 629
2370 1571
2371 1674
2371 311
2371 314
1693 1823
769 770
769 771
1857 428
1857 335
2274 104
2274 340
1451 941
1451 942
2355 638
2355 335
2372 893
2373 2259
2373 672
2374 2255
2374 573
312 315
2375 606
2375 2200
218 15
218 727
218 439
218 458
218 444
218 416
218 105
218 466
218 503
218 111
218 219
218 22
218 2
218 114
218 221
218 117
218 549
218 119
218 120
218 726
218 460
218 124
218 10
671 124
124 2341
124 1775
124 405
124 265
124 175
1947 1177
1947 1179
780 142
780 781
2101 388
2101 701
2101 201
2101 181
2376 686
2376 2278
2377 143
2377 1389
2377 132
2377 136
740 188
388 15
388 2009
388 340
388 435
388 103
388 12
388 2346
388 105
388 341
388 26
388 106
388 392
388 344
388 479
388 91
388 959
388 314
388 2345
388 1189
388 400
388 893
388 46
388 145
388 484
388 486
388 1282
388 2372
388 180
388 2073
388 1605
388 1283
388 25
388 101
388 338
388 2014
388 22
388 492
388 1157
388 821
388 181
388 115
388 185
388 182
388 117
388 201
388 713
388 966
388 118
388 355
388 154
388 1278
388 968
388 122
388 120
388 1285
388 2178
388 124
388 1239
388 248
388 1287
388 126
388 2081
388 971
388 10
388 360
417 416
1797 1324
950 2220
950 15
950 2112
950 388
950 340
950 435
950 561
950 103
950 105
950 341
950 26
950 106
950 392
950 344
950 43
950 479
950 1222
950 91
950 1712
950 959
950 400
950 270
950 1150
950 2069
950 46
950 145
950 484
950 486
950 167
950 1223
950 2187
950 2073
950 1441
950 25
950 101
950 44
950 338
950 22
950 2207
950 492
950 284
950 1405
950 115
950 185
950 182
950 7
950 117
950 1713
950 2074
950 2114
950 201
950 713
950 1152
950 2070
950 1908
950 118
950 355
950 809
950 154
950 1278
950 120
950 122
950 1497
950 1286
950 124
950 605
950 19
950 1287
950 126
950 248
950 971
950 10
950 360
1091 458
1091 975
2378 1046
2378 518
2379 270
2379 773
2379 1911
999 1000
2165 2263
1548 154
1548 124
2380 2159
2206 112
2206 182
1179 404
2381 677
2381 1985
2381 184
2382 87
2382 1715
400 15
400 1789
400 322
400 103
400 1791
400 265
400 105
400 106
400 392
400 91
400 574
400 270
400 142
400 146
400 684
400 1768
400 22
400 284
400 115
400 7
400 118
400 1788
400 154
400 122
400 405
400 1767
400 124
400 681
400 126
400 72
917 303
917 300
2383 15
2383 1077
2193 371
2384 335
2384 2158
2385 11
2385 12
2385 9
347 1131
347 351
347 778
347 650
347 360
2386 525
2386 363
2386 2003
2386 361
2387 447
2387 1641
2387 800
1809 416
1809 439
2229 120
1421 1002
453 629
113 207
113 91
113 115
113 116
113 548
113 90
113 306
113 206
113 127
2388 1782
2388 309
1011 1013
2389 1562
2389 378
116 127
116 548
1635 52
1699 111
1699 713
1982 1650
1982 1179
1982 404
2390 1781
2390 52
2390 2
2125 2122
2125 1777
2125 165
2125 1913
2125 484
2125 523
98 252
98 253
98 411
98 764
98 1690
98 1751
98 1330
119 15
119 55
119 362
119 458
119 439
119 444
119 105
119 550
119 397
119 106
119 466
119 503
119 91
119 335
119 364
119 110
119 111
119 22
119 113
119 2
119 114
119 115
119 375
119 117
119 549
119 365
119 90
119 52
119 1034
119 120
119 460
119 206
119 169
119 124
119 190
119 361
119 10
2391 215
2391 100
2391 1093
2391 1986
267 265
267 175
267 266
809 2096
809 15
809 388
809 340
809 435
809 103
809 331
809 105
809 341
809 26
809 1929
809 106
809 2311
809 1744
809 91
809 451
809 959
809 314
809 345
809 788
809 1612
809 1930
809 167
809 346
809 804
809 805
809 25
809 101
809 338
809 939
809 350
809 1853
809 115
809 185
809 938
809 182
809 117
809 755
809 713
809 1070
809 1743
809 118
809 120
809 188
809 122
809 1696
809 248
809 1287
809 126
809 357
809 971
809 10
809 128
809 360
2392 287
2392 2156
2392 978
2307 95
2266 550
2393 2131
2393 549
2394 2272
2394 300
