84 166
0 1
2 3
4 5
6 7
8 9
4 10
11 12
13 14
15 6
16 17
18 19
20 21
4 22
23 9
18 24
25 26
27 26
28 19
16 29
30 31
32 31
33 10
34 35
18 14
36 3
37 30
38 30
33 39
12 19
40 41
42 17
39 43
38 5
44 15
25 45
46 47
8 3
12 47
48 49
45 35
41 50
20 51
17 24
48 22
52 53
32 54
8 55
34 33
2 56
57 45
42 58
59 60
20 61
34 62
36 63
64 65
64 50
22 66
67 68
28 69
40 70
71 72
55 50
73 74
70 49
59 54
17 19
29 24
75 11
8 49
46 72
51 30
76 18
75 38
77 78
71 79
74 50
71 66
53 14
32 1
80 13
58 69
71 49
60 64
79 43
16 15
56 35
67 65
79 1
53 80
77 10
23 81
73 53
48 3
61 43
11 69
29 14
62 39
20 31
82 41
75 37
77 2
51 26
44 28
52 64
76 12
69 27
46 66
5 47
7 35
73 68
21 41
78 33
59 52
74 23
9 63
82 43
44 7
58 46
13 0
40 55
62 61
57 81
73 29
60 82
78 56
74 65
80 21
34 37
4 39
83 77
1 72
11 5
83 40
82 70
45 6
21 67
57 56
80 54
57 15
83 63
36 81
68 65
42 24
70 79
76 72
32 38
58 13
51 62
76 0
22 47
59 31
36 9
75 27
25 6
54 0
37 7
83 66
60 61
16 28
2 81
78 26
44 27
48 10
52 68
23 55
