266 1596
0 1
2 3
4 5
6 7
0 8
9 10
11 12
13 3
14 15
16 17
18 19
20 21
22 3
23 24
25 26
27 28
29 30
31 32
33 34
14 35
36 37
38 39
4 40
41 42
43 44
45 46
47 48
49 50
51 52
53 54
55 56
47 57
58 59
60 61
11 62
63 64
65 11
66 67
20 68
11 69
70 57
42 71
72 73
74 75
62 61
76 75
77 7
32 46
51 78
79 32
80 81
82 83
7 71
60 84
77 85
20 86
87 88
89 39
90 91
92 93
94 73
95 96
97 98
99 100
101 23
102 103
101 49
104 67
105 4
74 106
107 108
109 110
111 112
33 113
114 115
116 117
118 119
120 24
121 45
68 122
123 84
85 124
34 125
126 117
113 127
98 81
89 128
129 114
130 10
131 132
133 117
134 37
135 136
8 137
79 138
109 24
21 139
92 140
141 91
129 142
72 143
144 28
6 145
120 146
147 148
149 110
150 151
87 141
152 116
96 46
105 149
153 149
127 154
155 61
48 156
29 7
45 137
157 145
55 158
34 12
114 159
160 161
96 19
87 162
68 75
150 163
18 164
70 93
20 165
93 166
87 149
167 137
38 168
48 106
121 169
150 170
145 171
126 172
94 171
173 62
135 174
175 176
70 134
177 57
178 16
1 179
141 106
138 164
180 138
181 154
72 182
65 77
56 84
89 183
184 185
186 187
55 62
99 188
175 52
186 168
11 38
27 75
51 189
157 190
129 191
192 193
194 188
54 115
23 188
66 154
195 196
114 197
89 156
198 35
45 81
90 40
56 91
199 98
14 200
101 155
29 118
80 110
20 201
147 5
111 69
89 202
69 115
158 193
203 50
29 60
158 204
205 160
206 159
68 207
112 39
208 156
209 189
42 28
210 32
211 187
36 15
112 212
169 100
213 212
214 31
214 41
215 36
212 216
217 218
219 75
31 112
25 38
220 126
64 128
121 125
127 84
220 221
66 110
133 148
64 154
222 67
169 146
181 143
12 59
223 224
101 125
138 225
208 37
157 72
99 226
201 151
25 194
199 221
79 104
83 161
194 164
178 138
227 132
82 192
228 181
89 5
134 229
107 8
12 124
48 193
167 166
215 18
230 182
104 143
218 231
190 232
145 44
141 164
32 204
7 202
138 40
190 224
173 8
21 164
158 35
153 230
233 159
102 167
174 15
180 88
218 50
34 234
235 1
142 166
58 202
233 3
133 156
236 154
205 236
12 28
185 61
34 237
65 228
66 71
77 120
140 67
214 107
238 239
185 187
135 191
129 76
70 98
167 124
180 191
240 181
185 212
99 35
99 151
241 75
213 197
52 146
51 238
77 112
234 19
63 45
11 13
145 183
108 239
89 81
147 146
74 19
4 19
72 146
38 242
218 73
173 112
125 132
184 147
0 243
114 110
29 150
150 24
244 172
245 194
144 139
240 195
246 182
157 140
41 145
235 218
127 187
116 183
160 17
237 81
245 42
147 229
36 159
76 67
235 130
32 71
120 247
248 115
118 35
125 151
216 232
195 183
178 12
244 84
237 166
233 166
198 170
11 127
62 166
92 42
191 249
250 127
149 212
72 225
22 37
162 137
211 196
250 2
116 249
217 142
237 187
77 251
30 204
1 196
252 163
175 8
223 61
13 212
253 78
23 46
6 218
27 163
157 114
125 39
237 247
138 10
68 154
211 132
56 5
31 230
254 232
109 171
118 182
79 186
33 153
111 60
127 182
83 224
63 72
11 88
55 227
186 255
157 62
95 120
206 100
135 141
74 81
83 163
173 241
111 23
85 232
245 238
43 187
118 19
234 24
252 226
62 172
88 71
155 35
256 75
80 168
252 71
157 57
54 151
237 161
241 164
7 224
29 49
87 64
246 115
152 22
86 249
208 163
104 81
221 24
178 185
120 132
76 119
45 44
177 227
2 171
158 242
220 93
253 257
186 100
55 234
189 229
34 90
155 207
26 84
130 207
22 91
13 67
217 258
155 202
41 133
165 173
8 132
18 200
165 97
259 233
158 197
72 200
127 46
259 150
165 259
210 80
22 110
199 260
26 229
260 44
80 164
251 91
256 61
97 223
9 39
97 38
0 252
98 212
253 260
142 183
223 182
104 61
42 128
1 159
63 216
191 24
34 198
63 251
101 233
214 220
99 59
114 39
238 151
261 204
58 242
261 249
82 162
140 124
111 72
208 119
53 189
21 117
215 195
48 224
253 176
191 100
233 232
111 158
162 75
65 0
221 200
191 139
176 148
256 242
134 71
77 162
121 130
25 1
13 35
259 90
77 26
64 224
65 101
241 226
32 148
165 262
26 100
86 28
210 72
215 57
184 123
104 170
228 138
180 248
69 139
180 27
79 120
53 127
235 52
109 106
32 75
109 239
194 263
234 73
4 207
116 197
264 254
246 242
165 240
51 190
177 99
78 10
129 223
195 193
190 91
190 81
250 144
123 71
49 193
12 263
80 172
53 191
257 17
33 209
210 254
222 249
29 45
174 61
82 12
53 133
142 91
121 185
251 156
259 134
97 192
8 15
144 179
178 8
152 189
85 73
118 124
112 44
138 196
111 186
186 207
218 117
244 242
253 155
210 248
33 25
133 110
208 179
127 197
6 78
70 83
135 57
29 133
53 194
94 188
265 116
252 139
82 104
230 159
135 13
184 258
6 243
220 60
203 200
157 162
185 226
102 131
227 164
31 237
203 255
58 50
176 122
30 106
56 161
185 156
162 5
1 154
43 73
49 187
198 106
248 84
70 155
9 171
76 202
258 46
246 100
199 16
160 197
33 6
191 143
223 196
8 188
203 249
38 137
244 232
31 244
109 182
104 239
96 128
264 26
47 127
60 249
260 67
262 12
240 190
85 148
206 75
136 128
47 234
129 227
216 163
54 166
178 126
126 171
257 226
244 225
140 226
6 22
126 247
167 163
203 115
7 188
0 219
262 174
254 5
214 95
90 137
260 128
175 134
189 137
102 98
220 238
236 163
11 218
201 61
69 75
233 59
58 139
49 28
176 24
109 40
259 158
237 188
76 161
222 148
221 229
264 48
32 59
136 187
246 71
8 182
130 84
68 212
88 159
93 44
173 221
257 263
30 226
22 139
55 27
177 38
64 239
125 229
45 179
123 193
53 83
184 118
235 246
218 128
194 61
265 42
58 196
82 246
264 142
262 219
113 208
47 233
257 50
191 44
153 94
260 106
135 125
120 242
206 73
70 261
62 106
228 213
217 181
108 115
265 256
126 5
192 166
184 38
175 54
62 100
131 44
21 17
129 134
27 117
215 90
48 151
222 39
116 40
216 249
86 166
25 32
199 174
142 168
235 251
222 207
217 194
27 182
68 172
130 106
140 132
236 255
253 69
198 46
152 219
186 179
201 71
82 14
63 4
181 156
112 239
176 119
233 143
245 69
47 147
258 200
205 36
157 58
87 234
55 136
56 226
219 24
230 91
136 232
243 17
178 158
153 18
205 219
52 46
47 112
97 252
214 55
60 132
92 22
203 106
243 168
243 193
192 202
223 204
2 170
256 255
7 143
140 168
135 94
165 253
33 199
215 54
55 9
62 148
141 202
251 197
251 67
118 172
25 190
111 66
52 193
130 119
8 183
136 146
76 151
105 145
235 254
43 172
264 174
101 208
18 224
97 203
180 238
220 252
89 225
253 126
54 204
191 193
4 159
85 161
21 67
0 141
113 131
88 171
235 57
177 176
33 205
142 212
264 222
123 239
103 35
152 108
264 241
20 214
83 172
162 249
87 52
257 81
65 92
259 94
165 265
253 142
105 48
265 72
199 118
240 167
88 119
215 103
210 192
167 197
262 230
175 206
2 137
58 170
65 102
254 28
136 110
126 46
64 139
25 213
13 179
87 244
108 146
97 23
150 164
42 172
235 2
66 166
217 252
41 261
215 213
261 19
262 238
265 243
4 242
234 37
206 247
199 195
107 66
23 231
253 1
101 116
251 59
185 24
240 43
250 260
228 222
52 61
145 154
176 255
245 56
8 232
243 59
68 200
180 155
189 247
184 131
11 150
253 123
89 124
90 154
64 148
210 160
258 196
165 79
157 123
107 18
51 241
41 52
261 188
262 80
98 151
174 154
214 63
87 160
43 40
95 49
256 91
53 254
155 110
48 137
14 128
250 125
221 168
89 100
181 17
13 10
152 186
16 71
12 146
228 83
114 188
144 231
174 117
63 78
0 43
26 110
78 28
93 156
152 260
176 225
219 35
107 218
11 261
227 50
18 59
158 81
103 146
265 13
33 175
93 255
123 3
64 168
113 104
240 76
53 16
201 197
107 160
95 99
77 54
70 258
153 254
155 73
265 26
9 263
6 74
169 171
78 132
217 158
236 10
4 231
209 114
98 28
49 171
245 149
121 66
221 204
49 225
201 10
11 195
96 263
254 37
105 258
105 60
121 85
261 239
227 239
152 223
250 149
252 207
95 80
101 246
173 49
93 182
237 139
141 247
102 126
30 154
135 32
194 3
254 35
165 87
2 226
102 230
113 9
257 182
83 159
66 5
95 69
169 231
138 166
228 221
214 82
77 257
238 242
109 59
70 120
133 10
248 170
47 14
122 45
31 203
70 9
52 39
245 222
90 50
63 195
234 67
201 44
78 161
213 73
105 237
217 36
36 202
14 247
262 213
144 183
70 243
228 45
121 261
209 192
78 204
144 61
209 43
246 164
95 223
54 171
259 222
65 51
140 122
116 263
245 198
42 137
114 28
228 256
89 3
108 172
133 242
258 100
241 143
121 27
201 50
97 145
136 119
20 109
205 136
29 142
162 10
12 207
41 233
30 39
113 203
152 85
2 19
184 141
92 18
111 2
125 255
147 50
130 143
43 3
29 160
13 224
181 28
195 255
95 16
14 40
131 224
36 44
175 13
244 263
98 148
261 225
77 198
129 244
69 229
63 219
31 155
177 74
176 197
23 10
120 3
246 212
30 231
36 148
254 255
230 229
248 247
167 200
60 37
20 211
26 19
213 132
131 17
238 17
189 212
189 231
220 74
41 76
209 64
209 257
94 84
20 57
238 122
80 249
102 194
86 229
250 206
42 24
198 159
250 138
220 85
264 43
240 198
79 216
47 78
120 154
16 39
177 66
95 130
259 96
98 40
6 244
205 140
201 168
85 164
265 237
167 239
102 186
92 130
131 110
121 14
185 159
9 139
107 191
79 56
149 143
147 188
211 148
86 46
199 227
101 64
68 188
210 185
108 226
220 13
214 250
55 7
177 144
42 196
105 108
103 156
79 118
145 229
111 141
248 224
25 93
165 53
210 260
95 167
107 256
209 150
18 187
262 208
157 96
227 46
194 119
153 252
90 119
177 248
21 146
14 17
7 40
245 192
101 74
211 115
33 180
82 176
131 75
209 258
260 188
107 98
88 81
105 16
65 105
131 225
258 232
190 24
55 189
238 183
153 45
77 144
205 48
145 35
221 263
250 103
21 204
227 156
241 197
264 88
101 56
63 134
94 156
9 15
228 136
157 208
149 50
180 147
51 66
173 248
78 100
80 231
198 168
222 247
33 111
96 255
175 58
66 263
125 172
252 225
141 28
160 207
217 248
92 206
241 179
219 50
215 244
184 54
235 221
215 104
245 57
51 118
152 88
209 103
174 225
97 136
189 59
108 10
230 193
69 156
86 119
31 150
201 232
82 30
87 99
245 236
88 132
32 183
169 224
250 190
130 183
199 162
205 246
256 171
103 161
16 73
219 39
214 184
87 93
236 81
62 17
43 204
189 225
0 104
251 15
181 19
51 36
2 148
260 242
141 122
52 163
30 232
135 4
206 263
177 43
219 84
113 85
1 249
20 89
0 169
74 15
6 222
34 241
102 58
152 57
261 91
60 128
228 123
54 128
109 161
92 174
153 76
68 37
142 146
74 196
184 116
51 94
178 76
211 231
208 204
54 207
79 114
127 202
178 203
12 44
88 200
217 162
41 186
245 169
23 124
107 208
82 94
21 255
34 133
31 140
173 103
92 158
102 234
133 200
20 33
25 49
190 117
22 46
174 115
49 67
96 161
103 71
218 122
16 170
79 48
153 120
264 23
257 37
216 202
177 216
60 59
109 179
248 124
34 223
234 115
201 19
243 119
34 216
105 176
41 213
94 196
213 106
16 179
16 91
201 247
174 161
53 140
45 115
113 42
83 183
129 14
38 37
211 35
175 80
180 251
265 30
213 139
1 151
192 19
86 224
195 226
112 117
211 91
108 202
210 9
175 56
149 124
149 15
220 114
92 147
206 239
236 73
74 146
254 239
236 59
26 122
212 96
217 125
265 36
134 106
69 232
138 37
195 247
93 231
238 187
205 126
27 168
256 124
65 210
47 256
153 62
129 2
113 99
211 143
173 22
0 96
211 263
118 139
26 163
34 123
253 18
0 133
243 5
162 187
21 84
205 261
47 252
208 247
144 200
222 182
150 5
205 144
116 170
136 170
178 57
244 179
235 237
220 90
134 124
198 225
123 231
217 109
95 36
72 151
169 37
105 27
135 167
173 236
86 15
149 204
180 96
86 226
113 4
221 202
18 39
192 117
103 122
227 207
250 243
112 196
68 193
230 10
258 67
140 40
93 170
147 179
99 117
6 185
107 198
113 142
53 74
86 242
264 58
20 65
129 236
6 167
41 248
213 5
48 263
38 161
56 200
23 17
241 128
90 100
98 84
240 9
234 183
25 14
97 251
228 99
63 194
173 4
155 137
29 57
52 40
126 143
262 2
104 229
211 163
51 203
175 181
152 181
223 5
25 108
135 257
21 137
153 116
240 60
65 129
1 124
265 227
259 108
47 80
195 110
186 15
123 15
262 258
55 1
38 143
102 30
169 197
9 122
214 264
260 163
21 159
262 7
184 236
180 30
192 132
111 83
209 256
112 119
235 131
78 170
215 27
216 17
41 257
121 58
259 144
134 187
31 169
76 231
178 64
178 26
230 128
219 166
240 246
69 40
203 3
85 193
259 131
199 233
190 207
97 206
22 151
83 50
223 122
82 22
160 196
86 73
233 122
199 169
192 179
240 147
56 44
103 249
209 130
165 121
94 168
210 90
243 115
145 164
92 216
134 117
216 171
160 3
68 170
177 230
7 255
29 206
251 172
215 23
70 241
150 15
31 181
160 229
27 3
79 218
