209 767
0 1
0 2
0 3
0 4
1 5
1 3
1 6
1 7
1 8
5 9
5 7
5 8
5 10
5 11
9 12
9 8
9 10
9 13
12 14
12 10
12 13
12 15
14 16
14 13
14 15
14 17
16 18
16 15
16 17
16 19
16 20
16 21
16 22
16 23
16 24
16 25
16 26
16 27
18 28
18 17
18 19
18 29
18 20
18 21
18 23
18 30
18 31
28 32
28 19
28 29
28 33
32 34
32 29
32 33
32 35
34 36
34 33
34 35
34 37
34 38
34 39
34 40
34 41
36 42
36 35
36 37
36 43
42 44
42 37
42 43
42 45
44 46
44 43
44 45
44 47
44 48
2 3
2 4
2 49
2 50
3 4
3 6
3 7
3 51
4 6
4 51
4 49
4 50
4 52
46 45
46 47
46 53
46 54
6 7
6 51
6 55
7 8
7 51
7 55
7 56
8 10
8 55
8 56
8 57
8 58
10 13
10 56
10 57
10 59
13 15
13 57
13 59
13 60
15 17
15 59
15 60
15 61
17 19
17 60
17 61
17 62
17 22
19 29
19 61
19 62
19 63
19 64
29 33
29 62
29 63
29 65
33 35
33 63
33 65
33 66
35 37
35 65
35 66
35 67
35 39
35 68
35 69
37 43
37 70
37 66
37 67
43 45
43 47
43 70
43 67
43 71
45 47
45 70
47 70
47 53
47 72
47 54
70 67
70 73
70 72
70 54
51 55
51 50
51 52
51 74
55 56
55 52
55 74
55 75
56 57
56 74
56 75
56 76
57 59
57 75
57 76
57 77
59 60
59 76
59 77
59 78
60 61
60 77
60 78
60 79
61 62
61 22
61 78
61 79
61 80
62 63
62 79
62 80
62 81
63 65
63 82
63 80
63 81
63 83
65 66
65 82
65 83
65 84
65 85
66 67
66 84
66 85
66 73
67 85
67 73
67 72
82 81
82 83
82 84
20 21
20 22
20 86
20 87
20 30
20 88
20 25
20 26
20 89
21 86
21 87
21 23
21 30
21 90
22 86
22 79
49 91
49 50
49 92
49 93
91 94
91 74
94 95
94 96
94 75
94 97
94 98
95 99
95 96
99 100
99 96
99 101
99 77
100 86
100 101
86 87
86 102
86 103
86 101
86 79
86 90
86 104
86 26
86 89
86 105
86 106
86 107
87 102
87 103
87 80
87 30
87 90
87 108
102 103
102 109
102 110
102 111
102 112
102 108
102 113
102 89
102 105
102 114
103 115
103 116
103 110
103 111
103 90
103 108
103 117
103 118
103 119
115 120
115 81
120 38
120 83
38 121
38 85
38 39
38 122
38 123
121 124
121 73
124 53
124 72
124 54
53 72
53 54
53 125
53 126
53 127
53 128
50 52
50 92
50 93
50 129
96 75
96 76
96 77
101 77
101 78
101 79
52 74
52 93
52 129
52 130
74 75
74 129
74 130
74 131
75 76
75 130
75 131
75 132
75 133
75 134
76 77
76 131
76 132
76 135
77 78
77 132
77 135
77 136
78 79
78 109
78 135
78 136
78 137
79 80
79 109
79 116
80 109
80 116
80 81
109 116
109 112
109 136
109 137
109 138
116 81
116 137
116 138
116 139
116 140
116 141
81 83
81 138
81 139
81 142
83 84
83 139
83 142
83 143
84 85
84 142
84 143
84 144
85 73
85 143
85 144
85 145
85 39
85 146
85 147
73 72
73 144
73 148
73 145
72 54
72 126
72 148
72 145
72 149
72 150
54 125
54 126
54 148
92 93
92 151
92 152
93 129
93 151
93 152
93 153
110 111
110 112
110 154
110 155
110 117
110 156
110 105
110 114
110 157
111 154
111 155
111 108
111 117
111 158
112 137
112 154
112 159
125 126
125 160
125 161
126 148
126 160
126 162
126 161
129 130
129 152
129 153
129 163
130 131
130 153
130 163
130 164
131 132
131 163
131 164
131 165
132 135
132 164
132 165
132 166
135 136
135 165
135 166
135 167
136 137
136 166
136 167
136 159
137 138
137 167
137 159
137 168
138 139
138 159
138 168
138 169
139 142
139 168
139 169
139 170
142 143
142 169
142 170
142 171
143 144
143 170
143 171
143 172
144 171
144 172
144 173
144 145
148 173
148 162
148 161
148 145
151 174
151 152
174 175
174 152
174 153
174 163
174 164
175 176
175 163
175 164
175 165
175 177
176 178
176 164
176 165
176 166
178 179
178 165
178 166
178 167
179 154
179 166
179 167
179 159
154 155
154 167
154 159
154 168
154 158
154 180
154 114
154 157
154 181
155 182
155 159
155 168
155 169
155 117
155 158
155 183
182 184
182 168
182 169
182 170
184 185
184 169
184 170
184 171
185 186
185 170
185 171
185 172
186 187
186 171
186 172
186 173
187 188
187 172
187 173
187 162
188 160
188 173
188 162
188 161
160 162
160 161
160 189
152 153
152 163
153 163
163 164
164 165
164 190
165 166
166 167
167 159
159 168
168 169
168 191
169 170
170 171
171 172
172 173
172 145
173 162
173 145
162 161
162 145
162 192
23 30
23 24
23 88
23 25
30 90
30 24
30 88
30 104
30 26
90 108
90 88
90 104
90 113
90 89
108 117
108 104
108 113
108 156
108 105
117 158
117 113
117 156
117 180
117 114
158 156
158 180
158 157
24 88
24 25
24 193
24 194
24 195
88 104
88 26
88 193
88 194
88 196
88 197
104 113
104 89
104 194
104 196
104 198
104 199
113 156
113 105
113 196
113 198
113 200
113 201
156 180
156 114
156 198
156 200
156 202
156 203
180 157
180 200
180 202
180 204
25 26
25 193
25 195
25 197
26 89
26 194
26 195
26 197
26 199
89 105
89 196
89 197
89 199
89 201
105 114
105 198
105 199
105 201
105 203
114 157
114 200
114 201
114 203
114 204
157 202
157 203
157 204
193 194
193 195
193 197
194 196
194 195
194 197
194 199
196 198
196 197
196 199
196 201
198 200
198 199
198 201
198 203
200 202
200 201
200 203
200 204
202 203
202 204
195 197
197 199
199 201
201 203
203 204
11 97
11 58
11 27
11 205
97 58
97 133
97 27
97 106
58 133
58 205
58 206
133 106
133 206
27 106
27 205
27 206
106 206
205 206
98 177
98 134
98 107
98 207
177 134
177 190
177 107
177 181
134 190
134 207
134 208
190 181
190 208
107 181
107 207
107 208
181 208
207 208
31 118
31 64
31 40
31 68
118 64
118 140
118 40
118 122
64 140
64 68
64 146
140 122
140 146
40 122
40 68
40 146
122 146
68 146
41 123
41 69
41 48
41 71
123 69
123 147
123 48
123 127
69 147
69 71
69 149
147 127
147 149
48 127
48 71
48 149
127 149
71 149
119 183
119 141
119 128
119 150
183 141
183 191
183 128
183 189
141 191
141 150
141 192
191 189
191 192
128 189
128 150
128 192
189 192
150 192
