110 148
0 1
0 2
3 4
3 5
6 7
6 8
6 9
7 10
7 8
11 12
11 13
13 14
15 14
15 16
17 18
17 19
17 20
17 16
19 18
19 21
21 5
22 23
22 24
22 25
22 26
22 27
22 28
29 30
29 31
29 32
29 33
34 16
34 35
34 36
34 37
38 39
38 40
38 41
42 43
42 44
44 43
45 46
45 47
45 36
45 30
45 48
24 24
24 49
20 36
20 35
20 50
51 30
51 28
33 52
49 28
46 36
53 54
53 37
54 55
55 56
57 58
57 59
57 60
57 61
62 14
62 63
62 64
62 65
14 66
67 39
67 68
67 52
1 69
1 70
71 69
71 70
71 5
23 72
23 41
73 12
73 10
73 37
73 74
75 76
75 77
75 78
75 79
75 80
77 79
77 81
77 78
82 64
82 79
82 83
82 84
64 85
64 86
64 84
64 80
43 87
43 70
66 18
66 63
66 88
52 50
50 31
12 10
10 89
90 91
90 92
90 93
90 94
92 95
92 47
92 93
70 96
74 9
9 97
48 91
48 56
91 98
91 97
91 99
72 100
96 87
101 102
101 58
101 89
101 78
4 88
65 83
85 83
31 31
103 95
103 104
86 76
25 26
58 8
61 105
106 107
106 94
104 107
105 108
108 8
107 109
68 2
40 32
32 100
