192 379
0 1
2 3
4 1
5 6
7 8
9 10
11 12
2 13
14 12
15 16
17 18
19 20
21 22
23 20
24 12
25 3
26 27
28 29
30 10
31 32
33 34
35 22
36 37
38 37
39 40
41 27
42 1
43 6
44 3
45 3
46 13
11 10
47 29
48 27
49 32
50 51
52 53
25 54
38 55
26 55
56 22
57 54
58 18
59 34
60 61
62 8
63 16
30 61
64 55
65 27
66 22
67 22
35 13
68 40
69 6
70 34
71 13
72 51
68 34
73 10
74 51
75 54
76 54
7 53
77 3
78 79
80 20
81 18
56 8
82 18
42 55
83 13
84 27
85 86
87 20
50 12
52 88
89 20
90 27
91 12
92 29
93 16
94 10
95 22
96 20
97 37
98 12
31 10
99 86
48 22
85 37
100 79
101 22
102 12
103 104
105 6
106 34
107 34
108 16
62 54
35 27
109 29
93 110
111 1
112 32
108 54
72 88
94 113
76 34
114 10
28 10
115 61
116 34
117 55
118 6
119 6
120 27
121 10
122 37
123 54
102 51
124 32
125 3
126 53
127 51
128 40
129 27
130 29
131 40
127 13
131 51
130 86
9 79
101 55
132 6
133 51
84 88
47 32
69 86
76 53
23 29
33 6
134 13
77 12
49 61
120 16
135 110
39 16
118 104
136 12
137 10
134 53
44 13
43 13
78 1
106 88
76 16
138 18
133 3
139 104
140 22
141 6
120 22
33 22
139 37
70 79
142 22
143 18
128 110
144 40
89 61
74 54
145 55
146 40
147 3
148 40
24 54
97 113
149 3
100 55
17 3
150 32
65 22
151 16
152 51
60 53
153 86
102 6
153 61
154 6
119 32
48 3
133 8
151 110
155 32
117 79
49 10
4 27
83 34
156 113
157 53
155 22
105 18
158 110
159 79
160 54
128 3
144 8
161 34
60 32
145 1
123 13
117 1
56 29
162 51
0 79
163 12
164 110
165 88
80 37
87 1
92 22
0 54
166 54
114 55
159 1
19 88
163 40
154 40
70 6
82 51
167 27
2 8
151 53
167 32
152 16
137 27
168 18
169 29
119 34
122 32
96 22
170 34
168 104
171 34
117 18
90 79
84 29
58 53
91 53
11 61
140 10
133 88
112 61
172 20
41 61
35 29
5 27
173 79
116 10
174 104
132 8
159 55
36 27
175 10
48 12
158 53
116 6
143 13
164 13
146 88
176 88
177 79
178 40
73 32
2 51
156 79
179 104
135 88
48 51
142 1
180 51
166 88
125 16
181 61
169 61
145 79
182 104
107 110
183 53
149 88
81 16
63 12
181 1
184 12
68 6
17 110
102 110
185 61
147 51
160 6
157 16
186 113
170 88
136 18
177 29
5 34
141 16
84 22
14 8
103 18
162 53
187 34
182 79
178 20
151 54
118 34
126 3
158 188
180 8
179 29
148 13
184 88
48 110
189 8
98 13
190 1
185 79
129 29
11 32
172 40
57 53
115 55
71 104
45 6
31 61
187 6
120 29
138 8
49 6
59 20
95 104
176 6
31 51
191 20
191 10
59 6
75 110
174 61
56 27
109 1
161 18
69 34
159 3
150 79
0 55
186 86
165 18
171 6
66 61
67 113
99 1
175 1
121 104
60 10
15 8
48 29
145 40
64 29
187 55
21 79
46 34
183 40
189 3
173 20
111 32
161 6
124 55
190 104
