758 2618
0 1
0 2
0 3
1 4
1 2
1 3
1 5
4 3
4 5
2 3
2 6
2 7
3 5
3 6
3 7
3 8
5 7
5 8
6 7
6 9
6 10
7 8
7 9
7 10
7 11
8 10
8 11
9 10
9 12
9 13
10 11
10 12
10 13
10 14
11 13
11 14
12 13
12 15
12 16
13 14
13 15
13 16
13 17
14 16
14 17
18 19
18 20
18 21
19 22
19 20
19 21
19 23
22 24
22 21
22 23
22 25
24 26
24 23
24 25
24 27
26 28
26 25
26 27
26 29
28 30
28 27
28 29
28 31
30 32
30 29
30 31
30 33
32 34
32 31
32 33
32 35
34 36
34 33
34 35
34 37
36 38
36 35
36 37
36 39
38 40
38 37
38 39
38 41
40 42
40 39
40 41
40 43
42 44
42 41
42 43
42 45
44 46
44 43
44 45
44 47
46 48
46 45
46 47
46 49
48 50
48 47
48 49
48 51
50 52
50 49
50 51
50 53
52 54
52 51
52 53
52 55
54 56
54 53
54 55
54 57
56 58
56 55
56 57
56 59
58 60
58 57
58 59
58 61
60 62
60 59
60 61
60 63
62 64
62 61
62 63
62 65
64 66
64 63
64 65
64 67
66 68
66 65
66 67
66 69
68 70
68 67
68 69
68 71
70 72
70 69
70 71
70 73
72 74
72 71
72 73
72 75
74 76
74 73
74 75
74 77
76 78
76 75
76 77
76 79
78 80
78 77
78 79
78 81
80 82
80 79
80 81
80 83
82 84
82 81
82 83
82 85
84 86
84 83
84 85
84 87
86 88
86 85
86 87
86 89
88 90
88 87
88 89
88 91
90 92
90 89
90 91
90 93
92 94
92 91
92 93
92 95
94 96
94 93
94 95
94 97
96 98
96 95
96 97
96 99
98 100
98 97
98 99
98 101
100 15
100 99
100 101
100 102
15 16
15 101
15 102
15 103
16 17
16 102
16 103
16 104
17 105
17 103
17 104
17 106
105 107
105 104
105 106
105 108
107 109
107 106
107 108
107 110
109 111
109 108
109 110
109 112
111 113
111 110
111 112
111 114
113 115
113 112
113 114
113 116
115 117
115 114
115 116
115 118
117 119
117 116
117 118
117 120
119 121
119 118
119 120
119 122
121 120
121 122
20 21
20 123
20 124
21 23
21 123
21 124
21 125
23 25
23 124
23 125
23 126
25 27
25 125
25 126
25 127
27 29
27 126
27 127
27 128
29 31
29 127
29 128
29 129
31 33
31 128
31 129
31 130
33 35
33 129
33 130
33 131
35 37
35 130
35 131
35 132
37 39
37 131
37 132
37 133
39 41
39 132
39 133
39 134
41 43
41 133
41 134
41 135
43 45
43 134
43 135
43 136
45 47
45 135
45 136
45 137
47 49
47 136
47 137
47 138
49 51
49 137
49 138
49 139
51 53
51 138
51 139
51 140
53 55
53 139
53 140
53 141
55 57
55 140
55 141
55 142
57 59
57 141
57 142
57 143
59 61
59 142
59 143
59 144
61 63
61 143
61 144
61 145
63 65
63 144
63 145
63 146
65 67
65 145
65 146
65 147
67 69
67 146
67 147
67 148
69 71
69 147
69 148
69 149
71 73
71 148
71 149
71 150
73 75
73 149
73 150
73 151
75 77
75 150
75 151
75 152
77 79
77 151
77 152
77 153
79 81
79 152
79 153
79 154
81 83
81 153
81 154
81 155
83 85
83 154
83 155
83 156
85 87
85 155
85 156
85 157
87 89
87 156
87 157
87 158
89 91
89 157
89 158
89 159
91 93
91 158
91 159
91 160
93 95
93 159
93 160
93 161
95 97
95 160
95 161
95 162
97 99
97 161
97 162
97 163
99 101
99 162
99 163
99 164
101 102
101 163
101 164
101 165
102 103
102 164
102 165
102 166
103 104
103 165
103 166
103 167
104 106
104 166
104 167
104 168
106 108
106 167
106 168
106 169
108 110
108 168
108 169
108 170
110 112
110 169
110 170
110 171
112 114
112 170
112 171
112 172
114 116
114 171
114 172
114 173
116 118
116 172
116 173
116 174
118 120
118 173
118 174
118 175
120 122
120 174
120 175
120 176
122 175
122 176
123 124
123 177
123 178
124 125
124 177
124 178
124 179
125 126
125 178
125 179
125 180
126 127
126 179
126 180
126 181
127 128
127 180
127 181
127 182
128 129
128 181
128 182
128 183
129 130
129 182
129 183
129 184
130 131
130 183
130 184
130 185
131 132
131 184
131 185
131 186
132 133
132 185
132 186
132 187
133 134
133 186
133 187
133 188
134 135
134 187
134 188
134 189
135 136
135 188
135 189
135 190
136 137
136 189
136 190
136 191
137 138
137 190
137 191
137 192
138 139
138 191
138 192
138 193
139 140
139 192
139 193
139 194
140 141
140 193
140 194
140 195
141 142
141 194
141 195
141 196
142 143
142 195
142 196
142 197
143 144
143 196
143 197
143 198
144 145
144 197
144 198
144 199
145 146
145 198
145 199
145 200
146 147
146 199
146 200
146 201
147 148
147 200
147 201
147 202
148 149
148 201
148 202
148 203
149 150
149 202
149 203
149 204
150 151
150 203
150 204
150 205
151 152
151 204
151 205
151 206
152 153
152 205
152 206
152 207
153 154
153 206
153 207
153 208
154 155
154 207
154 208
154 209
155 156
155 208
155 209
155 210
156 157
156 209
156 210
156 211
157 158
157 210
157 211
157 212
158 159
158 211
158 212
158 213
159 160
159 212
159 213
159 214
160 161
160 213
160 214
160 215
161 162
161 214
161 215
161 216
162 163
162 215
162 216
162 217
163 164
163 216
163 217
163 218
164 165
164 217
164 218
164 219
165 166
165 218
165 219
165 220
166 167
166 219
166 220
166 221
167 168
167 220
167 221
167 222
168 169
168 221
168 222
168 223
169 170
169 222
169 223
169 224
170 171
170 223
170 224
170 225
171 172
171 225
171 226
171 227
172 173
172 226
172 227
172 228
173 174
173 227
173 228
173 229
174 175
174 228
174 229
174 230
175 176
175 229
175 230
175 231
176 230
176 231
177 178
177 232
177 233
178 179
178 232
178 233
178 234
179 180
179 233
179 234
179 235
180 181
180 234
180 235
180 236
181 182
181 235
181 236
181 237
182 183
182 236
182 237
182 238
183 184
183 237
183 238
183 239
184 185
184 238
184 239
184 240
185 186
185 239
185 240
185 241
186 187
186 240
186 241
186 242
187 188
187 241
187 242
187 243
188 189
188 242
188 243
188 244
189 190
189 243
189 244
189 245
190 191
190 244
190 245
190 246
191 192
191 245
191 246
191 247
192 193
192 246
192 247
192 248
193 194
193 247
193 248
193 249
194 195
194 248
194 249
194 250
195 196
195 249
195 250
195 251
196 197
196 250
196 251
196 252
197 198
197 251
197 252
197 253
198 199
198 252
198 253
198 254
199 200
199 253
199 254
199 255
200 201
200 254
200 255
200 256
201 202
201 255
201 256
201 257
202 203
202 256
202 257
202 258
203 204
203 257
203 258
203 259
204 205
204 258
204 259
204 260
205 206
205 259
205 260
205 261
206 207
206 260
206 261
206 262
207 208
207 261
207 262
207 263
208 209
208 262
208 263
208 264
209 210
209 263
209 264
209 265
210 211
210 264
210 265
210 266
211 212
211 265
211 266
211 267
212 213
212 266
212 267
212 268
213 214
213 267
213 268
213 269
214 215
214 268
214 269
214 270
215 216
215 269
215 270
215 271
216 217
216 270
216 271
216 272
217 218
217 271
217 272
217 273
218 219
218 272
218 273
218 274
219 220
219 273
219 274
219 275
220 221
220 274
220 275
220 276
221 222
221 275
221 276
221 277
222 223
222 276
222 277
222 278
223 224
223 277
223 278
223 279
224 225
224 278
224 279
224 280
225 226
225 279
225 280
225 281
226 227
226 280
226 281
226 282
227 228
227 281
227 282
227 283
228 229
228 282
228 283
228 284
229 230
229 283
229 284
229 285
230 231
230 284
230 285
230 286
231 285
231 286
232 233
233 234
234 235
235 236
236 237
237 238
238 239
239 240
240 241
241 242
242 243
243 244
244 245
245 246
246 247
247 248
248 249
249 250
250 251
251 252
252 253
253 254
254 255
255 256
255 287
256 257
256 287
257 258
257 287
257 288
257 289
258 259
258 289
259 260
259 289
259 290
259 291
260 261
260 291
260 292
261 262
261 291
261 292
261 293
262 263
262 292
262 293
262 294
263 264
263 293
263 294
263 295
264 265
264 294
264 295
264 296
265 266
265 295
265 296
265 297
266 267
266 296
266 297
266 298
267 268
267 297
267 298
267 299
268 269
268 298
268 299
268 300
269 270
269 299
269 300
269 301
270 271
270 300
270 301
270 302
271 272
271 301
271 302
271 303
272 273
272 302
272 303
272 304
273 274
273 303
273 304
273 305
274 275
274 304
274 305
274 306
275 276
275 305
275 306
275 307
276 277
276 306
276 307
276 308
277 278
277 307
277 308
277 309
278 279
278 308
278 309
278 310
279 280
279 309
279 310
279 311
280 281
280 310
280 311
280 312
281 282
281 311
281 312
281 313
282 283
282 312
282 313
282 314
283 284
283 313
283 314
283 315
284 285
284 314
284 315
284 316
285 286
285 315
285 316
285 317
286 316
286 317
287 288
288 289
289 290
290 318
290 291
318 319
318 291
318 292
319 292
319 320
321 322
321 323
321 324
321 325
322 323
322 326
322 327
322 328
322 324
322 329
322 330
323 326
326 331
326 330
326 332
331 333
331 332
331 334
333 335
333 334
333 336
335 337
335 338
335 336
337 338
337 336
337 339
337 340
337 341
337 342
338 343
338 341
338 342
343 344
343 342
343 345
343 346
344 347
344 346
344 348
344 349
347 350
347 349
347 351
347 352
350 353
350 354
350 352
350 355
353 354
353 356
353 357
353 355
354 356
354 357
354 355
354 358
354 359
354 360
356 357
356 361
357 361
357 359
357 360
357 362
361 363
361 362
361 364
363 365
363 362
363 364
363 366
365 367
365 364
365 366
365 368
367 369
367 366
367 368
367 370
369 371
369 368
369 370
369 372
291 292
292 293
292 320
293 294
293 320
293 373
294 295
294 320
294 373
294 374
295 296
295 373
295 374
295 375
296 297
296 374
296 375
296 376
297 298
297 375
297 376
297 377
298 299
298 376
298 377
298 378
299 300
299 377
299 378
299 379
300 301
300 378
300 379
300 380
301 302
301 379
301 380
301 381
302 303
302 380
302 381
302 327
303 304
303 381
303 327
303 328
304 305
304 327
304 328
304 382
305 306
305 328
305 382
305 383
306 307
306 382
306 383
306 384
307 308
307 383
307 384
307 385
308 309
308 384
308 385
308 386
309 310
309 385
309 386
309 387
310 311
310 386
310 387
310 388
311 312
311 387
311 388
311 389
312 313
312 388
312 389
312 390
313 314
313 389
313 390
313 391
314 315
314 390
314 391
314 392
315 316
315 391
315 392
315 393
316 317
316 392
316 393
316 394
317 393
317 394
371 395
371 370
371 372
371 396
395 397
395 372
395 396
395 398
397 399
397 396
397 398
399 400
399 398
399 401
399 402
400 403
400 401
400 402
400 404
403 402
403 404
403 405
403 406
320 373
320 407
373 374
373 407
373 408
374 375
374 408
374 409
375 376
375 409
375 410
375 411
376 377
376 411
376 412
377 378
377 411
377 412
377 413
378 379
378 412
378 413
378 414
379 380
379 413
379 414
379 415
380 381
380 414
380 415
380 324
381 327
381 415
381 324
381 329
327 328
327 324
327 329
327 416
327 330
328 382
328 329
328 416
328 417
328 330
382 383
382 416
382 417
382 418
383 384
383 417
383 418
383 419
384 385
384 418
384 419
384 420
385 386
385 419
385 420
385 421
386 387
386 420
386 421
386 422
387 388
387 421
387 422
387 423
388 389
388 422
388 423
388 424
389 390
389 423
389 424
389 425
390 391
390 424
390 425
390 426
391 392
391 425
391 426
391 427
392 393
392 426
392 427
392 428
393 394
393 427
393 428
393 429
394 428
394 429
407 408
408 409
409 410
410 411
411 412
411 430
412 413
412 430
413 414
413 430
413 431
414 415
414 431
414 325
415 324
415 325
324 329
324 325
329 416
416 417
416 330
416 332
417 418
417 330
417 332
417 432
418 419
418 332
418 432
418 433
419 420
419 432
419 433
419 434
420 421
420 433
420 434
420 435
421 422
421 434
421 435
421 436
422 423
422 435
422 436
422 437
423 424
423 437
423 438
424 425
424 438
424 439
424 440
425 426
425 439
425 440
425 441
426 427
426 440
426 441
426 442
427 428
427 441
427 442
427 443
428 429
428 442
428 443
428 444
429 443
429 444
430 431
431 325
330 332
332 432
332 334
432 433
432 334
432 336
433 434
433 334
433 336
433 339
434 435
434 336
434 339
434 340
435 436
435 339
435 340
435 445
436 437
436 340
436 445
436 446
437 438
437 445
437 446
437 447
438 439
438 446
438 447
438 448
439 440
439 447
439 448
439 449
440 441
440 448
440 449
440 450
441 442
441 449
441 450
441 451
442 443
442 450
442 451
442 452
443 444
443 451
443 452
443 453
444 452
444 453
334 336
336 339
339 340
339 341
340 445
340 341
340 454
445 446
445 341
445 454
445 455
446 447
446 454
446 455
446 456
447 448
447 455
447 456
447 457
448 449
448 456
448 457
448 458
449 450
449 457
449 458
449 459
450 451
450 458
450 459
450 460
451 452
451 459
451 460
451 461
452 453
452 460
452 461
452 462
453 461
453 462
341 454
341 342
341 345
454 455
454 342
454 345
454 463
455 456
455 345
455 463
455 464
456 457
456 463
456 464
456 465
457 458
457 464
457 465
457 466
458 459
458 465
458 466
458 467
459 460
459 466
459 467
459 468
460 461
460 467
460 468
460 469
461 462
461 468
461 469
461 470
462 469
462 470
342 345
342 346
345 463
345 346
345 348
463 464
463 346
463 348
463 471
464 465
464 348
464 471
464 472
465 466
465 471
465 472
465 473
466 467
466 472
466 473
466 474
467 468
467 473
467 474
467 475
468 469
468 474
468 475
468 476
469 470
469 475
469 476
469 477
470 476
470 477
346 348
346 349
348 471
348 349
348 351
471 472
471 349
471 351
471 478
472 473
472 351
472 478
472 479
473 474
473 478
473 479
473 480
474 475
474 479
474 480
474 481
475 476
475 480
475 481
475 482
476 477
476 481
476 482
476 483
477 482
477 483
349 351
349 352
351 478
351 352
351 484
478 479
478 352
478 484
478 485
479 480
479 484
479 485
479 486
480 481
480 485
480 486
480 487
481 482
481 486
481 487
481 488
482 483
482 487
482 488
482 489
483 488
483 489
352 484
352 355
484 485
484 355
484 358
485 486
485 355
485 358
485 490
486 487
486 358
486 490
486 491
487 488
487 490
487 491
487 492
488 489
488 491
488 492
488 493
489 492
489 493
355 358
355 359
358 490
358 359
358 494
490 491
490 359
490 494
490 495
491 492
491 494
491 495
491 496
492 493
492 495
492 496
492 497
493 496
493 497
359 494
359 360
359 498
494 495
494 360
494 498
494 499
495 496
495 498
495 499
495 500
496 497
496 499
496 500
496 501
497 500
497 501
360 498
360 362
360 502
498 499
498 362
498 502
498 503
499 500
499 502
499 503
499 504
500 501
500 503
500 504
500 505
501 504
501 505
362 502
362 364
362 506
502 503
502 364
502 506
502 507
503 504
503 506
503 507
503 508
504 505
504 507
504 508
504 509
505 508
505 509
364 506
364 366
364 510
506 507
506 366
506 510
506 511
507 508
507 510
507 511
507 512
508 509
508 511
508 512
508 513
509 512
509 513
366 510
366 368
366 514
510 511
510 368
510 514
510 515
511 512
511 514
511 515
511 516
512 513
512 515
512 516
512 517
513 516
513 517
368 514
368 370
368 518
514 515
514 370
514 518
514 519
515 516
515 518
515 519
515 520
516 517
516 519
516 520
516 521
517 520
517 521
370 518
370 372
370 522
518 519
518 372
518 522
518 523
519 520
519 522
519 523
519 524
520 521
520 523
520 524
520 525
521 524
521 525
372 522
372 396
372 526
522 523
522 396
522 526
522 527
523 524
523 526
523 527
523 528
524 525
524 527
524 528
524 529
525 528
525 529
396 526
396 398
396 530
526 527
526 398
526 530
526 531
527 528
527 530
527 531
527 532
528 529
528 531
528 532
528 533
529 532
529 533
398 530
398 401
530 531
530 401
530 534
531 532
531 401
531 534
531 535
532 533
532 534
532 535
532 536
533 535
533 536
401 534
401 402
401 537
534 535
534 402
534 537
534 538
535 536
535 537
535 538
535 539
536 538
536 539
402 537
402 404
402 540
537 538
537 404
537 540
537 541
538 539
538 540
538 541
538 542
539 541
539 542
404 540
404 405
404 406
404 543
540 541
540 406
540 543
540 544
541 542
541 543
541 544
541 545
542 544
542 545
405 406
405 546
405 547
406 543
406 546
406 547
406 548
543 544
543 547
543 548
543 549
544 545
544 548
544 549
544 550
545 549
545 550
546 547
546 551
546 552
547 548
547 551
547 552
547 553
548 549
548 552
548 553
548 554
549 550
549 553
549 554
549 555
550 554
550 555
551 552
551 556
551 557
552 553
552 556
552 557
552 558
553 554
553 557
553 558
553 559
554 555
554 558
554 559
554 560
555 559
555 560
556 557
556 561
556 562
557 558
557 561
557 562
557 563
558 559
558 562
558 563
558 564
559 560
559 563
559 564
559 565
560 564
560 565
561 562
561 566
561 567
562 563
562 566
562 567
562 568
563 564
563 567
563 568
563 569
564 565
564 568
564 569
564 570
565 569
565 570
566 567
566 571
566 572
567 568
567 571
567 572
567 573
568 569
568 572
568 573
568 574
569 570
569 573
569 574
569 575
570 574
570 575
571 572
571 576
571 577
572 573
572 576
572 577
572 578
573 574
573 577
573 578
573 579
574 575
574 578
574 579
574 580
575 579
575 580
576 577
576 581
576 582
577 578
577 581
577 582
577 583
578 579
578 582
578 583
578 584
579 580
579 583
579 584
579 585
580 584
580 585
581 582
581 586
581 587
582 583
582 586
582 587
582 588
583 584
583 587
583 588
583 589
584 585
584 588
584 589
584 590
585 589
585 590
586 587
586 591
586 592
587 588
587 591
587 592
587 593
588 589
588 592
588 593
588 594
589 590
589 593
589 594
589 595
590 594
590 595
591 592
591 596
591 597
592 593
592 596
592 597
592 598
593 594
593 597
593 598
593 599
594 595
594 598
594 599
594 600
595 599
595 600
596 597
596 601
596 602
597 598
597 601
597 602
597 603
598 599
598 602
598 603
598 604
599 600
599 603
599 604
599 605
600 604
600 605
601 602
601 606
601 607
602 603
602 606
602 607
602 608
603 604
603 607
603 608
603 609
604 605
604 608
604 609
604 610
605 609
605 610
606 607
606 611
606 612
607 608
607 611
607 612
607 613
608 609
608 612
608 613
608 614
609 610
609 613
609 614
609 615
610 614
610 615
611 612
611 616
611 617
612 613
612 616
612 617
612 618
613 614
613 617
613 618
613 619
614 615
614 618
614 619
614 620
615 619
615 620
616 617
616 621
616 622
617 618
617 621
617 622
617 623
618 619
618 622
618 623
618 624
619 620
619 623
619 624
619 625
620 624
620 625
621 622
621 626
621 627
622 623
622 626
622 627
622 628
623 624
623 627
623 628
623 629
624 625
624 628
624 629
624 630
625 629
625 630
626 627
626 631
626 632
627 628
627 631
627 632
627 633
628 629
628 632
628 633
628 634
629 630
629 633
629 634
629 635
630 634
630 635
631 632
631 636
631 637
632 633
632 636
632 637
632 638
633 634
633 637
633 638
633 639
634 635
634 638
634 639
634 640
635 639
635 640
636 637
636 641
636 642
637 638
637 641
637 642
637 643
638 639
638 642
638 643
638 644
639 640
639 643
639 644
639 645
640 644
640 645
641 642
641 646
641 647
642 643
642 646
642 647
642 648
643 644
643 647
643 648
643 649
644 645
644 648
644 649
644 650
645 649
645 650
646 647
646 651
646 652
647 648
647 651
647 652
647 653
648 649
648 652
648 653
648 654
649 650
649 653
649 654
649 655
650 654
650 655
651 652
651 656
651 657
652 653
652 656
652 657
652 658
653 654
653 657
653 658
653 659
654 655
654 658
654 659
654 660
655 659
655 660
656 657
656 661
656 662
657 658
657 661
657 662
657 663
658 659
658 662
658 663
658 664
659 660
659 663
659 664
659 665
660 664
660 665
661 662
661 666
661 667
662 663
662 666
662 667
662 668
663 664
663 667
663 668
663 669
664 665
664 668
664 669
664 670
665 669
665 670
666 667
666 671
666 672
667 668
667 671
667 672
667 673
668 669
668 672
668 673
668 674
669 670
669 673
669 674
669 675
670 674
670 675
670 676
671 672
671 677
671 678
672 673
672 677
672 678
672 679
673 674
673 678
673 679
673 680
674 675
674 679
674 680
674 681
675 676
675 680
675 681
675 682
676 681
676 682
677 678
677 683
677 684
678 679
678 683
678 684
678 685
679 680
679 684
679 685
679 686
680 681
680 685
680 686
680 687
681 682
681 686
681 687
681 688
682 687
682 688
682 689
683 684
683 690
683 691
684 685
684 690
684 691
684 692
685 686
685 691
685 692
685 693
686 687
686 692
686 693
686 694
687 688
687 693
687 694
687 695
688 689
688 694
688 695
688 696
689 695
689 696
690 691
690 697
690 698
691 692
691 697
691 698
691 699
692 693
692 698
692 699
692 700
693 694
693 699
693 700
693 701
694 695
694 700
694 701
694 702
695 696
695 701
695 702
695 703
696 702
696 703
697 698
697 704
697 705
698 699
698 704
698 705
698 706
699 700
699 705
699 706
699 707
700 701
700 706
700 707
700 708
701 702
701 707
701 708
701 709
702 703
702 708
702 709
702 710
703 709
703 710
703 711
704 705
704 712
704 713
705 706
705 712
705 713
705 714
706 707
706 713
706 714
706 715
707 708
707 714
707 715
707 716
708 709
708 715
708 716
708 717
709 710
709 716
709 717
709 718
710 711
710 717
710 718
710 719
711 718
711 719
712 713
712 720
712 721
713 714
713 720
713 721
713 722
714 715
714 721
714 722
714 723
715 716
715 722
715 723
715 724
716 717
716 723
716 724
716 725
717 718
717 724
717 725
717 726
718 719
718 725
718 726
718 727
719 726
719 727
720 721
721 722
722 723
723 724
724 725
725 726
725 728
725 729
726 727
726 728
726 729
726 730
727 729
727 730
728 729
728 731
728 732
729 730
729 731
729 732
729 733
730 732
730 733
731 732
731 734
731 735
732 733
732 734
732 735
732 736
733 735
733 736
734 735
734 737
734 738
735 736
735 737
735 738
735 739
736 738
736 739
737 738
737 740
737 741
738 739
738 740
738 741
738 742
739 741
739 742
740 741
740 743
740 744
741 742
741 743
741 744
741 745
742 744
742 745
743 744
743 746
743 747
744 745
744 746
744 747
744 748
745 747
745 748
746 747
746 749
746 750
747 748
747 749
747 750
747 751
748 750
748 751
749 750
749 752
749 753
750 751
750 752
750 753
750 754
751 753
751 754
752 753
752 755
752 756
753 754
753 755
753 756
753 757
754 756
754 757
755 756
756 757
