80 167
0 1
0 2
1 3
1 4
1 2
1 5
1 6
1 7
1 8
1 9
1 10
1 11
1 12
1 13
1 14
1 15
1 16
1 17
1 18
1 19
1 20
1 21
1 22
1 23
1 24
1 25
1 26
1 27
1 28
1 29
30 17
31 32
31 1
31 4
31 30
31 33
31 34
31 19
31 35
31 25
31 5
31 6
31 36
31 7
31 37
31 38
31 39
31 40
31 2
31 10
31 11
31 41
31 42
31 15
31 43
31 44
31 45
31 17
31 46
31 47
31 21
31 48
31 49
31 50
31 23
31 26
31 51
31 29
33 52
33 21
33 24
33 1
33 6
33 30
33 40
33 11
33 53
33 29
33 54
33 25
33 10
33 5
33 4
33 17
33 55
33 46
33 51
33 47
56 1
57 27
57 1
58 59
32 10
32 1
32 6
5 17
5 40
6 52
6 10
6 51
60 17
60 8
61 1
17 8
17 40
17 48
38 55
39 1
59 17
59 8
59 1
59 31
62 55
10 52
10 17
63 2
64 47
55 21
55 1
55 65
55 40
55 27
55 42
42 17
66 51
67 40
67 55
67 51
67 2
68 2
15 17
53 2
69 1
70 1
26 17
34 18
34 1
71 1
72 17
72 55
72 1
72 31
73 1
73 2
19 17
47 74
47 1
47 75
47 76
47 11
77 1
52 17
21 52
21 17
50 60
50 53
50 1
25 17
78 1
78 2
79 27
27 15
27 2
27 17
51 52
51 17
51 21
