433 1314
0 1
0 2
0 3
0 4
0 5
6 7
6 8
9 10
9 11
9 12
9 13
9 14
9 15
9 16
9 17
9 18
9 19
9 20
21 22
21 23
21 24
21 25
26 27
26 28
26 29
26 30
26 15
26 31
26 32
26 33
26 34
35 36
35 37
35 38
35 39
35 40
35 41
35 42
35 43
35 44
35 45
35 46
35 47
35 20
48 49
48 50
48 51
27 52
27 28
27 53
27 39
27 54
27 55
27 56
27 57
27 58
27 40
27 59
27 10
27 12
27 60
27 23
27 14
27 61
27 15
27 62
27 63
27 64
27 65
27 66
27 31
27 67
27 68
27 33
27 69
27 34
27 70
27 20
27 71
27 24
27 25
72 73
72 74
72 75
72 76
72 77
72 78
72 79
72 80
81 82
83 84
83 85
52 86
52 23
52 87
52 88
52 89
52 32
90 60
90 77
90 91
92 29
92 93
92 88
28 94
28 39
28 93
28 56
28 95
28 40
28 30
28 62
28 96
28 97
28 64
28 98
28 99
28 100
28 31
28 101
28 102
28 103
28 104
28 82
28 33
28 69
28 34
28 105
106 107
108 109
108 110
108 111
112 66
112 113
112 34
112 114
115 116
117 84
117 118
117 119
117 66
117 120
117 121
117 8
117 122
117 123
124 125
124 10
124 126
124 13
124 127
124 96
124 19
124 128
129 130
129 131
129 132
129 133
134 135
134 136
36 38
36 137
36 41
36 42
135 136
138 139
138 140
138 12
141 49
141 142
141 143
141 144
141 24
145 61
145 4
145 146
147 137
147 148
147 19
147 128
147 149
150 151
37 38
37 45
152 130
152 153
152 154
152 116
152 155
152 156
157 158
53 159
53 39
53 160
53 161
53 40
53 162
53 137
53 163
53 164
53 60
53 165
53 166
53 167
53 2
53 18
53 64
53 168
53 4
53 103
53 33
53 8
53 34
53 20
53 25
53 169
53 170
171 172
171 110
173 29
173 174
173 163
173 175
173 62
173 103
173 176
173 20
177 19
178 179
178 140
180 64
180 181
182 183
182 133
130 184
130 185
130 132
130 133
186 187
186 188
186 65
186 121
186 123
189 190
189 191
192 39
192 193
192 40
192 163
192 31
184 137
184 194
184 103
184 82
184 195
153 155
196 54
196 55
196 56
196 197
196 40
196 198
196 199
196 137
196 200
196 201
196 62
196 64
196 31
196 202
196 203
196 82
196 33
204 205
204 131
204 206
207 208
207 167
94 161
94 93
94 209
94 210
94 56
94 98
94 104
94 211
94 170
212 167
212 66
212 213
212 214
212 170
172 110
215 125
216 148
216 217
159 164
159 168
218 85
38 39
38 86
38 197
38 40
38 137
38 219
38 220
38 164
38 200
38 221
38 222
38 223
38 41
38 44
38 45
38 224
38 202
38 225
38 46
38 47
38 226
38 170
227 29
227 161
227 228
227 165
229 55
229 197
229 230
229 200
229 205
229 202
229 203
229 176
229 25
231 86
231 44
231 46
232 65
233 39
233 40
233 219
234 30
234 63
234 34
84 235
84 236
84 63
84 107
84 237
84 8
179 80
39 238
39 136
39 56
39 58
39 86
39 40
39 199
39 50
39 23
39 65
39 45
39 68
39 33
39 34
39 70
39 71
39 24
39 239
39 211
39 105
39 169
39 240
241 242
241 74
241 243
241 154
241 155
241 244
29 245
29 40
29 1
29 137
29 246
29 163
29 30
29 62
29 64
29 31
29 46
29 34
29 20
29 71
247 248
160 174
160 44
160 249
160 250
160 24
160 170
73 251
73 252
73 77
253 63
248 254
248 167
248 255
248 99
248 31
248 181
248 144
248 256
248 169
248 170
257 258
257 259
257 162
257 65
260 137
258 259
258 162
261 262
261 30
261 263
261 264
265 30
265 62
266 267
266 10
266 7
268 154
158 155
235 269
235 270
235 271
235 85
235 237
245 137
245 85
245 272
161 56
161 23
161 62
161 273
161 25
274 275
274 211
254 95
254 131
254 250
254 170
276 277
276 278
276 279
280 262
280 263
281 137
281 282
283 57
283 208
283 66
283 113
283 114
93 56
93 255
93 104
118 66
118 77
118 51
284 225
284 20
285 286
209 58
209 127
54 287
54 137
54 61
54 99
54 31
54 169
288 289
288 290
288 85
288 272
291 292
291 121
251 74
251 293
292 140
292 162
292 228
292 294
292 121
292 295
296 4
297 10
297 13
298 299
298 113
174 40
174 300
174 23
174 44
174 2
174 194
174 120
174 249
174 47
174 250
174 24
238 301
238 302
238 303
238 304
238 127
301 11
301 305
301 176
301 306
55 58
55 197
55 199
55 59
55 137
55 200
55 307
55 223
55 167
55 205
55 88
55 308
55 305
55 202
55 203
55 225
55 103
55 82
55 33
55 176
55 24
151 309
151 4
242 155
139 140
139 12
139 23
310 85
136 56
136 58
136 40
136 65
136 33
136 71
136 169
311 10
311 96
210 312
210 24
287 99
287 82
287 105
140 313
140 49
140 137
140 12
140 16
140 64
140 8
56 58
56 40
56 23
56 201
56 62
56 65
56 88
56 31
56 67
56 68
56 104
56 82
56 250
56 105
57 142
57 67
57 146
267 75
267 156
267 314
267 315
267 316
317 318
317 98
319 10
319 18
319 98
319 82
319 320
74 321
74 155
74 77
58 197
58 40
58 322
58 199
58 10
58 12
58 23
58 13
58 30
58 127
58 15
58 16
58 62
58 65
58 88
58 31
58 77
58 67
58 102
58 82
58 71
58 24
323 324
277 325
277 279
277 7
277 326
327 24
327 328
125 10
125 13
125 127
125 17
125 18
125 329
125 19
330 199
330 96
313 331
109 332
333 220
333 334
333 168
333 335
333 20
86 336
86 219
86 220
86 23
86 87
86 221
86 222
86 44
86 45
86 88
86 224
86 32
86 47
95 228
95 337
95 167
95 64
95 308
302 88
302 33
338 339
49 77
49 8
197 322
197 199
197 200
197 221
197 222
197 223
197 41
197 31
197 202
197 203
197 25
40 137
40 163
40 11
40 50
40 23
40 201
40 62
40 187
40 64
40 65
40 45
40 31
40 217
40 67
40 68
40 103
40 82
40 33
40 8
40 34
40 340
40 239
40 211
40 105
40 169
40 240
341 278
341 66
341 51
208 119
208 342
208 255
208 66
208 343
208 344
262 263
345 346
347 282
322 31
322 4
236 348
162 289
162 137
162 294
162 18
162 194
162 4
162 349
162 121
199 200
199 307
199 30
199 334
199 223
199 166
199 64
199 205
199 100
199 31
199 202
199 203
199 34
199 71
199 24
199 25
199 350
59 312
59 18
59 88
59 217
59 103
59 24
190 351
190 62
190 352
190 113
190 237
190 353
190 354
190 191
10 13
10 127
10 62
10 96
10 18
10 194
10 88
10 339
10 329
10 31
10 217
10 4
10 102
10 19
10 103
10 82
10 320
10 69
10 34
10 24
355 282
356 114
356 264
336 23
336 224
336 357
289 358
289 4
289 146
289 82
289 105
1 4
137 359
137 219
137 163
137 360
137 200
137 361
137 362
137 221
137 222
137 41
137 363
137 194
137 3
137 64
137 45
137 168
137 214
137 31
137 225
137 46
137 176
137 20
137 71
137 195
137 24
137 170
364 5
365 219
365 366
367 237
367 326
230 219
230 220
230 202
368 361
219 220
219 200
219 366
219 214
219 357
246 163
269 369
163 64
163 181
163 340
163 24
163 169
175 228
175 167
220 45
220 47
370 110
142 146
371 372
371 88
371 373
119 342
119 65
119 374
119 120
119 331
119 114
148 61
148 217
164 375
11 8
50 8
228 167
228 20
228 170
12 23
12 14
12 15
143 181
143 4
143 144
143 71
143 24
376 377
376 378
360 23
360 166
360 379
380 111
325 279
278 66
278 107
278 114
381 382
200 221
200 222
200 223
200 45
200 205
200 202
200 203
200 24
200 357
200 25
307 166
307 203
60 166
60 33
303 127
377 383
377 378
377 315
377 250
154 155
154 293
154 384
154 385
361 46
290 386
290 272
387 155
388 329
389 8
390 168
390 214
391 85
304 312
304 392
304 31
304 34
304 71
351 66
351 113
351 237
116 2
116 75
116 202
116 5
116 211
362 23
362 15
362 97
23 87
23 393
23 18
23 88
23 224
23 66
23 217
23 68
23 32
23 33
23 250
23 20
23 25
87 88
87 32
394 75
324 271
13 18
13 88
13 31
13 102
13 19
30 65
30 88
30 263
30 31
30 103
30 33
30 34
395 97
395 396
395 397
312 88
312 100
312 71
312 24
252 82
252 282
337 308
334 223
334 24
398 315
221 222
221 223
221 45
221 46
221 25
222 223
222 45
222 25
399 382
399 400
294 66
294 121
61 99
61 31
223 64
223 45
223 31
223 203
223 24
223 25
41 42
41 225
41 47
15 62
15 97
15 375
15 217
15 68
15 82
42 44
42 46
16 64
16 82
62 64
62 100
62 68
62 113
62 102
62 401
62 103
62 33
62 8
62 69
62 71
62 402
62 169
403 122
166 404
166 100
166 31
166 19
166 33
17 19
271 275
342 66
342 113
342 114
309 88
309 33
405 19
43 46
43 47
43 20
96 329
96 406
382 407
382 408
382 239
409 410
44 250
411 65
411 331
411 340
167 65
167 213
167 20
167 170
2 194
2 3
2 349
2 314
2 82
2 250
2 406
2 282
18 329
18 4
18 146
18 19
18 34
412 329
187 217
187 33
187 8
194 3
194 131
194 250
97 396
97 397
188 343
255 213
255 181
255 104
255 82
255 256
255 105
413 414
413 353
414 353
63 67
63 113
63 70
64 99
64 31
64 415
64 203
64 24
64 416
417 7
75 308
75 156
75 418
75 77
75 78
75 80
286 66
286 113
286 237
286 132
286 114
372 373
65 374
65 331
65 213
65 113
45 224
45 46
45 47
205 131
205 203
205 24
205 350
386 239
88 89
88 100
88 31
88 85
88 67
88 4
88 32
88 103
88 33
88 69
88 34
88 24
98 132
98 69
404 33
168 214
168 46
308 203
419 66
99 31
99 181
99 256
99 169
76 80
76 406
224 357
110 79
89 420
89 33
89 24
155 80
66 77
66 68
66 113
66 421
66 121
66 344
66 354
66 8
66 114
66 122
66 123
407 31
374 331
131 170
120 8
120 123
100 31
100 34
100 24
107 353
107 5
107 191
422 103
422 104
422 82
156 80
305 203
305 176
7 263
7 82
7 320
7 275
7 326
7 282
7 306
7 264
331 25
213 214
213 5
213 275
213 170
423 122
214 46
214 170
31 4
31 203
31 102
31 33
31 34
31 71
31 24
31 105
31 169
85 272
181 144
181 256
217 104
217 33
217 8
217 211
202 203
202 225
202 24
77 237
77 79
77 8
424 340
400 19
67 113
67 237
67 8
67 34
67 340
67 114
67 191
67 24
91 425
91 122
68 82
68 250
68 20
68 71
113 103
113 82
113 354
113 34
4 349
4 146
4 144
4 33
349 33
203 225
203 103
203 82
203 176
203 24
203 25
237 353
237 275
237 191
46 47
46 20
46 226
121 8
121 123
102 250
102 25
78 79
314 8
314 315
314 426
314 316
19 427
19 33
353 354
353 191
396 397
428 429
401 8
103 82
103 33
103 34
144 24
410 8
82 256
82 8
82 275
82 34
82 282
82 105
82 430
33 8
33 34
33 70
33 71
33 402
33 25
33 169
33 170
354 191
408 195
8 5
8 275
431 169
249 250
320 132
320 282
315 426
315 316
132 282
132 133
293 282
250 24
250 170
275 282
34 71
34 24
326 282
326 264
326 432
70 169
406 264
71 24
71 25
71 169
24 416
239 240
384 385
211 105
426 316
