3012 3566
0 1
2 3
2 4
5 6
7 8
7 9
10 11
10 12
13 14
15 16
17 18
19 20
21 22
21 23
21 24
25 26
27 28
27 29
27 30
31 32
31 33
34 35
34 36
34 37
38 39
40 41
42 43
42 44
45 46
45 47
48 49
50 16
50 51
52 53
52 54
52 55
56 57
56 58
59 60
61 62
61 63
61 64
65 66
67 68
69 70
69 71
72 73
72 74
75 76
77 78
77 79
80 81
80 82
83 84
83 85
83 86
87 88
89 90
89 91
89 92
93 94
95 96
95 97
95 98
95 99
95 100
101 102
101 103
104 105
104 106
107 108
109 110
109 67
111 112
111 113
114 115
114 111
116 117
118 119
120 121
120 122
123 124
11 125
126 127
126 128
129 130
129 131
132 133
134 135
134 136
137 138
139 140
139 141
142 143
142 144
145 146
145 147
145 148
73 149
73 150
73 151
73 152
153 154
153 113
155 156
157 158
159 160
161 162
163 164
163 165
32 166
167 168
167 169
170 85
170 171
170 172
173 174
175 176
177 178
177 179
180 181
182 183
182 184
185 186
187 188
187 189
190 191
192 193
192 63
194 195
196 197
198 199
198 142
200 201
200 202
203 204
205 206
207 208
209 210
209 211
212 213
214 215
216 217
218 219
220 221
222 223
224 225
224 226
224 227
228 229
228 230
231 232
233 234
235 138
236 237
236 238
239 240
241 242
241 243
244 245
244 246
247 248
249 250
251 252
253 254
255 256
257 258
257 259
260 261
260 262
263 264
117 265
266 267
268 269
270 271
272 273
272 274
275 276
277 278
279 280
279 281
282 283
105 284
105 285
286 188
287 288
289 290
289 291
292 177
293 294
295 218
295 83
296 297
296 298
299 300
301 302
303 240
304 305
70 177
70 306
307 308
309 310
311 312
313 314
313 315
316 317
318 319
320 321
322 323
324 325
324 326
324 327
328 329
330 331
332 333
334 335
336 337
338 339
338 340
338 341
338 342
338 343
344 345
344 346
347 348
349 350
351 352
351 353
351 241
354 355
356 357
358 359
358 360
358 361
358 338
358 362
363 364
365 366
367 368
367 369
370 371
372 373
372 374
375 376
375 151
44 377
378 379
380 381
256 382
383 384
383 385
386 310
387 388
387 389
390 391
390 392
393 394
395 396
395 397
398 399
398 400
401 402
403 404
403 405
406 407
408 127
409 410
411 412
411 413
414 415
416 417
416 418
419 420
419 421
422 423
422 191
424 425
426 427
428 9
428 429
430 431
432 202
433 434
435 436
437 438
437 439
440 441
440 442
443 444
443 445
443 446
443 447
448 449
450 451
452 453
454 455
454 456
457 258
458 459
458 460
461 462
463 273
463 464
465 466
467 468
28 469
470 471
472 464
473 474
473 475
476 477
476 478
479 480
479 325
481 482
481 483
481 484
485 486
485 487
485 488
485 489
490 491
490 432
490 142
492 493
494 495
496 497
496 222
496 498
496 499
496 427
500 501
500 445
20 399
20 502
503 504
503 505
503 506
507 508
507 55
509 510
509 511
512 513
512 514
512 515
516 288
516 517
516 518
519 520
521 522
523 524
523 525
523 526
523 527
528 6
529 530
531 532
533 534
535 536
535 537
538 539
538 540
541 542
543 544
545 546
547 548
547 549
547 550
551 552
551 553
554 555
556 557
556 558
556 559
560 423
561 518
561 562
563 135
564 565
564 566
567 568
525 57
569 570
569 571
572 573
572 574
575 576
577 578
579 580
581 582
583 584
585 158
585 586
585 587
585 460
588 589
590 591
590 592
593 594
593 595
596 374
597 598
599 600
601 602
601 603
604 605
604 606
607 608
607 609
610 611
610 612
88 613
88 614
615 616
617 618
617 619
620 408
621 622
621 623
621 624
621 625
626 455
627 628
629 368
629 630
629 631
632 633
262 634
635 636
637 254
637 49
638 639
640 475
641 642
641 643
644 645
644 646
644 304
647 648
647 649
650 651
652 68
653 654
653 655
653 656
657 658
657 659
660 661
442 562
662 663
662 107
664 665
664 666
667 51
668 285
669 670
671 672
671 673
671 526
674 675
674 676
74 677
74 678
679 680
679 681
679 682
683 290
684 685
684 686
482 687
688 689
539 690
539 691
692 192
692 693
692 694
692 695
692 696
697 698
697 699
700 701
600 122
702 703
704 149
337 444
337 705
706 133
707 708
709 710
711 712
711 713
714 715
714 81
716 717
716 306
718 719
720 721
722 723
722 724
46 725
281 726
281 727
281 728
281 540
281 66
729 730
729 731
729 732
729 733
734 735
183 736
183 737
738 739
522 740
522 741
522 742
522 743
744 745
744 746
747 748
747 749
750 751
752 753
752 754
755 756
757 758
757 759
760 761
762 763
3 764
3 765
3 766
767 768
769 770
771 772
771 592
773 774
775 328
776 777
776 778
779 309
780 393
780 250
781 782
783 784
785 262
786 787
788 789
788 790
791 493
791 792
793 352
793 794
795 796
797 33
798 799
798 42
800 801
800 802
800 803
804 805
804 806
807 808
809 54
810 235
811 812
811 813
814 350
815 816
815 817
818 584
819 726
820 277
821 822
823 824
825 502
826 827
828 829
830 831
636 832
636 833
834 610
835 836
837 161
837 838
839 840
839 841
839 842
843 844
843 763
845 846
845 847
848 849
848 430
850 851
850 202
852 853
136 854
855 856
857 363
857 858
859 860
861 680
861 862
861 863
861 578
864 865
864 866
421 14
421 867
421 868
421 506
869 742
870 871
870 58
872 873
874 875
874 876
211 278
211 215
877 878
877 879
391 880
881 882
883 884
885 60
886 887
886 888
889 188
890 891
890 892
893 520
894 12
894 447
449 354
895 764
896 897
896 898
553 331
553 899
553 26
900 365
901 199
901 401
902 164
903 904
905 906
907 908
909 910
911 912
911 913
911 914
911 915
916 917
918 618
288 919
288 41
920 600
921 922
921 923
924 925
924 926
927 928
929 930
931 932
933 934
933 935
936 937
938 939
938 940
941 942
941 943
844 195
944 945
946 947
946 948
949 950
951 748
951 952
951 953
954 955
954 956
957 958
772 959
631 960
631 961
962 963
962 12
964 247
698 965
698 920
698 966
967 968
967 969
135 970
971 759
971 972
973 974
973 975
976 784
977 934
977 978
979 76
980 981
980 982
983 40
983 984
985 986
431 466
431 987
988 989
988 990
875 68
991 992
993 302
994 995
996 997
996 998
999 136
673 1000
673 514
673 304
1001 1002
1003 1004
1005 145
1005 1006
1007 779
1007 1008
1009 1010
1011 1012
1013 1014
352 1015
1016 741
1017 575
1017 1018
708 1019
360 1020
1021 1022
1021 1023
1021 1024
1025 1026
1027 100
1028 930
1028 1029
1030 1031
1032 1033
1034 1035
1034 1036
425 1037
1038 1039
451 1040
1041 1042
1041 1043
1044 1045
1044 326
586 1046
501 1047
501 1048
501 1049
501 1050
501 1051
1052 1053
1054 1055
1056 794
1056 1057
1058 1059
1058 1060
1061 1062
184 43
1063 1064
1063 1065
1066 1067
1068 1069
1070 1071
1072 188
1072 390
1073 388
1074 1075
1076 1077
1078 1079
1080 1081
1080 1082
1083 822
1083 1084
1085 528
1084 949
115 370
1086 1087
1086 1088
1089 1090
1091 1092
1093 1094
1095 1096
225 116
1097 825
1097 1098
345 1099
1100 310
1101 1102
1103 1104
1105 397
1106 59
1106 724
1107 151
1108 1109
1108 1110
1108 1111
1112 1113
1114 1115
1116 1117
1118 1119
1118 1120
1121 705
1121 1122
1123 1124
1125 1000
1125 1126
1127 1015
1128 1129
1130 1131
1132 1133
1132 1134
379 1135
379 561
1136 179
1137 1138
1137 1139
1140 1141
1142 422
480 1069
1143 753
1144 881
1144 1145
1146 70
1147 1148
1147 1149
1147 38
1150 1151
1150 1152
1150 1153
1154 1155
1156 1157
1156 1158
1159 1160
1159 1161
1162 1012
1163 1164
1165 1166
1165 1167
1165 1168
1165 1169
1170 760
1170 263
1171 1172
1171 1173
1174 1175
1174 751
1176 1177
1178 1179
1180 1181
1180 1182
1183 586
1184 1185
1186 1187
1186 1188
22 785
1189 1190
1189 1191
1189 550
1189 549
1192 1193
1194 1195
1191 1196
1197 1198
1197 1199
1200 1201
1202 1203
1204 1205
1206 62
1206 1100
1206 76
1207 1208
1209 963
1210 1211
1210 1212
1213 1214
1215 1216
1215 1217
1201 1218
1201 1219
1220 522
342 1221
1222 1223
1222 432
1224 1016
1224 1225
1226 96
1227 1228
1227 1229
1230 1231
1232 1233
37 1234
1235 325
1235 1236
969 1237
1238 911
1238 1239
1240 1241
1240 923
1242 1243
1244 1245
1244 1246
1244 1247
1248 1249
1248 995
1250 1251
1252 1253
1252 1254
677 820
677 1254
677 661
677 1255
1256 1257
740 1258
740 1259
740 741
269 956
1260 1261
838 1262
838 1263
1264 14
1265 164
1266 1267
1266 1268
1077 1256
1269 544
1270 1271
1272 309
1273 732
1274 1275
1276 1277
1276 563
1276 1278
1279 801
1279 1196
1267 1280
1267 1088
1221 341
611 276
1281 1282
133 1283
987 1284
970 1285
1286 1287
1288 1289
1288 1066
1290 1291
1292 1293
1292 1294
1292 1295
1296 1297
840 1298
840 860
199 1299
867 1300
867 1301
1302 1303
1304 1101
1305 1306
1307 1308
1307 169
1182 1286
1182 783
1182 1309
1182 1116
1310 1311
1310 845
1312 255
1313 1314
1193 252
1315 1316
1317 1318
1317 166
1317 83
732 1319
1320 1321
1322 1323
1322 173
1322 1069
377 1324
377 1107
377 1325
377 134
1326 1327
1323 1000
1323 1328
1323 161
1329 1330
1331 1332
1331 1333
1334 333
1334 415
63 1335
63 960
63 1336
63 713
63 1206
1337 305
1337 1338
1211 759
1339 1194
613 929
1340 436
1341 910
1341 1010
1342 1343
1342 1344
1345 1346
1345 1322
1345 1347
1348 1349
1348 405
1350 291
1141 1351
30 1352
30 1353
30 591
30 621
1354 1355
1356 1357
1356 1358
1356 1359
1356 1360
1361 85
842 1362
1363 411
1363 1364
1365 1366
1365 305
243 1367
1368 1369
1368 1370
1371 1372
1373 561
1373 1374
1373 445
1373 1375
717 1376
1377 174
1378 1379
1380 1381
1380 1382
1383 1207
1384 1385
1386 1387
687 1067
1388 1389
1388 1015
1390 1229
1391 313
1391 1392
1391 1393
1391 1394
1391 260
736 1395
1396 1397
1045 483
1398 119
1398 1399
1400 288
1400 1401
1402 1403
1402 1404
1402 143
366 1405
1406 1407
1406 974
1408 1409
1408 1410
1411 1412
1413 1138
1413 1414
1415 1416
1415 1051
1417 188
1418 1419
1418 1420
727 1421
1422 1392
1423 1424
1423 665
1425 817
1426 1427
1426 89
1428 1429
1428 1430
245 1431
1432 1417
966 1433
438 1136
1434 1225
1434 599
1435 1436
1435 1265
1437 297
1438 1439
1438 540
1440 638
1441 1442
1443 471
1357 1444
1357 592
1357 815
1357 1445
1446 1447
1446 1448
1449 1450
1449 559
1451 1452
1453 1454
1455 1081
1455 1100
1456 1457
1456 1458
1459 175
1460 188
1460 1461
1462 1463
1464 556
1464 161
1465 1466
1467 2
1468 1411
1469 1470
1469 1214
1471 1472
1473 1474
1473 1475
1476 1477
1476 906
1478 841
158 1479
158 191
1480 1481
1480 1482
1053 773
1483 1484
1483 1485
90 611
1277 1107
1277 555
1277 1278
958 188
958 1486
1487 548
1487 549
1488 1489
1490 77
1490 1491
695 1492
695 1493
695 1494
695 1495
1496 513
402 1330
1497 193
1497 270
1498 82
1499 68
1499 832
1500 1501
1502 1503
1502 1504
981 1505
1506 1507
1508 1361
1508 697
1508 83
1509 491
1510 1511
1510 1512
1510 1234
1513 1514
1515 1516
1517 1518
1519 360
1519 1520
1519 1521
1522 1523
1522 1524
1522 1259
1525 1526
1527 1335
1527 1528
1529 872
1530 1531
1530 542
1530 1532
1530 1270
1533 1534
1535 676
1536 1537
1536 721
1538 100
1538 1539
1538 1540
1538 1541
1344 1343
1542 1256
1543 1245
1543 1544
1543 45
1543 655
1545 1507
1546 1547
1546 1465
1548 1549
1548 1550
1548 334
1548 1551
1552 857
1553 1554
1555 38
323 1403
1556 1557
1556 1558
1556 1559
1560 1218
1560 1561
1560 347
1562 1451
1562 1563
1245 1247
1564 1050
1565 1566
1565 1567
1568 1569
1568 1570
1568 1571
1568 1572
1568 1193
906 1573
1574 1575
1574 405
1576 1577
1578 1579
371 119
1580 481
1580 1581
1580 1582
1583 1584
418 1585
1586 1536
1586 905
552 813
1587 1588
1589 1226
1589 1590
1591 1592
1591 769
1591 510
1591 1593
1594 1595
1594 1596
1597 1598
1597 1459
1599 1110
1599 1294
1600 1309
1601 1157
1601 1602
1601 1603
1023 942
1604 1605
1606 1607
1606 1608
1606 1013
1606 1609
1606 1610
908 1611
1612 1613
1612 1614
1015 1615
960 961
1387 1616
1617 1618
1223 1619
1501 1620
1501 1621
1622 1069
1623 1051
1624 53
1624 1625
1626 1567
1627 1628
1627 632
1629 1075
1629 1114
1630 1612
1631 1632
1633 18
1634 1635
1636 1637
1636 405
1198 1638
1198 1639
1640 1641
1642 1643
1644 1368
1644 1645
1644 1646
1647 1648
1647 1649
1403 753
1650 893
1651 1069
1006 1652
1006 1653
1654 558
1655 1656
1655 1657
1050 1256
1658 1251
1658 993
1659 1660
1661 1662
801 1663
801 1248
1664 1049
1665 1666
1665 1667
1668 52
1668 1669
1668 1670
1671 1672
1673 1674
1673 1675
1676 953
1677 47
1678 1679
1678 1244
1678 1407
1680 1566
1680 193
1680 1151
789 1681
319 750
1682 371
1682 1488
1682 448
1683 1684
1685 1686
1685 1687
1688 1689
1688 736
1690 1479
400 207
400 1691
400 1550
1692 1693
715 1694
619 12
1695 995
1696 1697
1696 1395
1696 1698
1699 576
1700 1701
1700 1702
1703 1704
1705 1706
29 388
29 1707
29 1708
1709 1541
1710 1711
1710 1712
1713 826
1649 645
1714 1715
1714 1716
1714 513
150 1717
150 1718
150 1719
150 824
150 461
1720 86
1720 1721
1722 806
1722 1026
1722 1384
739 1723
439 1724
1652 1725
1652 595
1726 1727
1728 1729
1728 211
1730 1731
1730 1732
1730 1733
658 1734
1735 1736
92 922
1737 178
1738 1739
1738 932
1738 1740
1741 1742
1743 1744
1745 1746
1745 34
1745 272
1745 103
1301 1300
1518 92
1747 753
1747 1748
189 1749
1750 1751
1750 1752
1750 138
1753 1754
1755 1756
1755 1757
1758 90
1319 1759
1319 1760
699 698
1761 1762
1528 1763
1764 1765
1764 1567
1766 681
1169 1767
1169 973
1169 1768
1769 468
1770 1771
1772 1773
1772 160
1772 1120
1772 1774
1772 1405
487 1775
1776 302
1561 1777
1561 30
1561 1669
1778 1779
1780 1781
1064 1638
1064 1782
1783 1339
1784 1785
1784 1476
1786 1787
1786 142
1777 1788
1777 1789
1790 125
1790 276
1791 1792
1791 826
1793 925
1793 636
1794 1795
1582 1584
1796 1797
1796 1798
1799 1646
1799 136
1800 1801
1802 604
381 1803
381 1804
381 212
381 1805
381 1534
381 1806
381 1807
1808 1809
1808 1174
1808 1810
1811 1812
1811 1010
1813 1814
1813 364
1815 1816
1815 1817
1818 1081
1818 1819
1820 1440
1821 1516
1821 514
1208 1822
1823 1824
1822 1699
1825 642
1825 292
1298 1826
1298 432
1827 1318
1827 171
1828 1614
1829 566
1829 1830
1829 316
1774 1831
1832 1833
1834 1357
1834 1835
1581 1505
1836 1766
1836 1837
1838 1681
1839 1021
1839 1840
1839 1841
1842 1626
1842 310
1843 708
1844 1845
1844 107
317 603
606 475
1846 1847
1846 1437
1846 531
1848 855
1849 1850
1 1851
1852 1717
1852 1620
1037 1241
1853 1854
1855 1042
1855 385
1856 1539
1857 1598
1858 623
1859 1860
1861 162
1861 1541
1861 1862
1861 1863
1864 160
1864 1865
1731 1866
1742 1867
1742 1868
1742 1869
1742 1870
1871 780
325 1872
405 1873
947 1576
947 759
1874 1875
1876 1877
1878 1879
1878 970
1880 385
1881 543
1881 1760
998 1882
1816 1883
1884 1385
634 314
258 649
1841 1094
1885 1216
1886 1641
1887 1117
1888 1392
1889 1890
1491 1622
1891 1892
1891 1893
1894 223
1894 1895
1896 1251
758 1897
758 1898
1899 1080
1899 128
573 1320
573 467
573 1900
1901 1902
1289 1903
1904 1905
1904 1553
1906 1268
1907 1908
57 1909
1161 1910
897 472
897 1911
897 1912
897 1913
1914 422
1914 1199
1915 1916
1917 288
1918 1385
1900 1919
1920 1921
1920 673
1920 1922
1923 1828
1924 1925
1924 1142
1882 1362
1926 1927
1926 519
1926 1928
1929 1930
1929 249
746 1931
746 1932
746 1933
746 1934
550 1935
550 1196
1936 1937
1461 1938
1520 1939
1520 108
1940 1684
1941 348
1941 1942
1943 1359
1943 815
1944 90
1944 1945
1946 1947
1948 1949
1950 67
1950 1951
1952 1510
291 1953
291 321
291 195
1954 1346
1955 968
1956 1957
1956 1958
1959 1960
340 1961
1485 1962
1963 188
1963 1964
1965 1966
1965 308
1967 231
1967 1968
1967 1969
1970 1971
1972 1973
1972 1294
1974 1578
1974 1975
283 1976
1977 1978
1977 1979
1977 397
1980 562
1980 1776
1981 51
1982 1983
1982 1724
1984 1985
1261 1090
1986 801
1986 1987
1119 1988
1989 1990
1991 1992
1993 1994
1993 1653
1993 1995
1996 195
1997 1244
1997 1998
1997 419
1997 1999
2000 1909
2001 1230
2001 2002
2001 2003
459 530
459 2004
459 1768
2005 2006
2005 2007
2008 2009
2010 2011
2012 1203
2012 1854
2013 1399
2014 2015
2016 2017
2016 2018
2016 766
2016 2019
2020 1976
2021 1498
493 2022
2023 2024
1381 1403
2025 2026
2025 1600
915 945
2027 2028
2027 686
2029 710
2029 939
2030 721
2031 879
2032 436
2033 2034
2035 1800
2035 1386
1814 768
2036 2037
2036 2038
2039 2040
2039 2041
882 2042
882 1851
2043 2044
2043 2045
2046 1242
2046 2047
587 1925
1062 444
1062 1633
2048 293
2048 2049
2048 2050
1454 79
1994 2051
1994 2052
2053 1430
2054 2034
2054 1617
2055 906
2056 1903
2057 2058
833 2059
2060 2061
546 2062
2063 935
777 628
2064 2065
2064 1234
1593 1269
2066 2049
2067 1472
2068 124
2068 1988
2068 1773
2068 2069
2068 1772
2070 1238
280 2071
280 1763
2072 285
2073 2074
1910 12
2075 472
2075 2076
2075 1003
2075 2077
665 165
436 1760
2078 321
2079 1920
2079 2080
2079 500
2081 670
2082 902
2082 2083
2082 151
2084 2085
2084 1954
2084 103
35 2086
2087 2088
2087 968
1736 2089
792 1586
2090 944
2091 283
2092 2093
2092 529
361 1514
361 1349
361 2094
2095 2096
2097 2098
2097 2099
2097 2100
1795 50
2101 2102
2101 253
731 2103
2104 2105
2104 2045
2106 1916
2106 2107
1122 425
2108 2109
2110 65
2110 471
2111 2112
2111 167
2113 545
2113 2114
2115 2049
71 2116
71 186
2117 1514
2117 1513
2118 1806
2118 2119
1554 903
2120 302
2121 2055
2121 2122
2123 1245
2123 2124
2018 1074
2125 2126
2125 2005
2125 1640
666 2127
666 994
1716 2128
2129 253
2129 2122
259 963
2130 736
2130 1698
2131 758
2131 2132
2131 2133
2131 972
2134 1872
1018 2135
1018 2136
1018 2137
1595 1345
1168 2138
1168 2139
1168 2140
1168 2141
1168 1797
1958 2142
940 1613
940 299
2143 761
1099 1619
1295 2144
1295 57
1697 2145
2146 1973
2147 469
594 2148
2149 1368
2149 2150
992 1549
1271 6
2151 373
2152 1635
2153 1829
2153 421
2153 1414
141 2154
2155 327
2156 1096
2156 2157
2156 596
2156 2158
2156 2159
2160 2161
2160 888
1275 562
1275 955
2162 1429
1762 514
2163 623
2164 1697
2164 1500
1693 1955
1757 2165
1757 2166
1757 110
1757 1692
2167 2168
2169 1609
849 2051
849 2170
1681 1417
2093 1617
1875 2171
2172 2173
1316 2174
2175 1257
2176 1400
1788 607
1788 1145
1788 628
2177 2178
1779 267
2179 2180
1789 600
682 1360
672 2181
672 2182
2183 2184
2185 431
2186 1006
2186 1353
2186 2187
2188 2189
2190 1598
2191 524
2192 2193
2192 1611
2194 2195
2196 2197
2196 2198
2103 1501
2199 527
873 2200
2201 2048
2201 446
1725 1990
1725 2202
2203 2204
2203 1154
2203 2205
2203 355
2203 1936
2206 2207
2206 1612
2208 952
2209 1918
2209 1216
2210 2211
2210 2212
997 1976
1749 2155
1749 390
1749 2213
2214 177
2214 2205
2215 978
2216 2053
2216 1218
2216 2217
2216 2218
2219 1873
952 2220
1610 2060
1610 1013
2221 704
2222 536
1389 670
2223 2224
2223 2225
2226 1992
2227 1039
2227 1319
2228 804
2228 2162
2229 2230
2229 2231
661 737
2232 756
2232 1790
574 13
2233 1493
2233 2234
2235 1751
2235 598
2235 2236
1719 2237
2238 1940
2239 2240
2239 1052
1179 1650
1179 944
1179 2220
1179 2241
156 1047
2242 1462
2242 1741
2242 2243
2244 2245
2244 2246
694 1732
694 1632
694 329
444 1850
2247 318
2247 1174
2248 2249
2248 2250
851 2230
1625 892
2251 2252
2245 472
2245 2253
2245 214
2245 2254
2245 43
2245 2255
648 2256
1297 2257
1297 1427
2258 2259
2258 2260
2258 758
2258 1211
2258 1905
1324 1355
1324 151
1324 2261
2262 2226
2262 724
2263 2264
1008 471
2265 1004
2265 2266
1985 176
2050 672
2050 266
2267 347
2267 1385
1931 2268
1931 2269
1931 2270
1931 240
1931 1966
1931 505
2271 1996
2271 2272
2273 2274
2275 2276
2277 464
1691 1901
1775 1831
2278 2279
348 2280
348 1561
348 1353
2281 1831
2282 1234
2283 2284
2283 1893
2285 2005
2285 2286
1375 762
1375 1896
2287 321
2288 2289
2288 1640
2288 1755
2290 2269
2290 1264
2290 2291
2292 2293
943 2294
2295 2296
2295 2297
171 2298
171 2299
686 202
2300 2301
2300 2302
368 1654
368 1397
368 1260
368 216
2303 1759
2304 2305
2304 2306
2307 2308
2309 302
2309 683
2310 2080
2310 2311
2312 2313
1439 310
2314 2190
2315 1457
2315 1425
2316 1204
2316 2317
2316 298
2318 2319
2320 2321
2320 2241
2322 1358
2322 2323
2322 1139
2322 1445
2181 176
2324 2000
643 2325
2326 1934
2326 2327
2328 1695
2329 288
2330 2331
2330 763
2042 624
2042 2180
1537 2332
2333 1281
2333 242
2334 176
2334 1060
1332 2114
2335 2061
2336 282
2336 2337
2338 1788
1155 1386
164 165
2339 657
2340 2341
2340 1784
2340 1473
2340 2288
2342 533
2342 2343
2344 582
2344 1057
2345 2346
2345 531
2138 1128
2138 1798
2138 2347
2348 494
2348 2349
2348 1112
2348 1771
2350 2124
2350 688
2351 897
878 1236
878 2352
2353 1892
2353 2354
2355 469
2355 796
2044 527
2356 2357
1379 1877
2358 1189
2358 1987
624 2359
624 1
624 248
2198 305
2360 2361
871 434
871 203
871 1603
645 703
645 2362
645 1715
2363 2364
2363 1366
2363 2365
165 1436
2366 1683
2366 1868
1040 2367
609 2359
2368 885
2368 2135
2369 798
2369 1485
2370 698
2371 1634
2371 2246
2372 2373
2372 2374
2372 2363
2372 606
384 2375
2279 762
2279 379
2279 729
2376 1635
2376 2207
1167 814
1167 349
2377 810
2377 370
655 2378
655 725
2379 2380
2379 2381
1448 2343
1448 2382
1448 1217
630 1464
630 281
701 1660
2383 2148
2383 1625
2286 2384
2286 1605
2286 1616
2286 2385
2386 1821
2386 821
2387 36
362 2067
362 2288
362 1942
362 2388
2389 755
2390 234
2390 2391
2390 1298
517 1896
517 321
2392 2393
2394 581
2394 2395
1701 2396
693 1767
693 1169
693 2397
2398 62
2398 1892
2398 2399
2400 815
2401 1251
1531 2402
2403 2404
237 2040
2405 2161
2405 1863
919 2240
2406 219
2406 1830
2407 2408
2407 2409
2410 294
2410 2411
1239 132
2412 1919
2413 937
1187 2414
1187 2297
64 525
64 262
64 713
765 2415
2416 211
2417 2418
1653 927
2166 2325
2166 2419
2166 2420
2166 140
989 1031
2421 1127
2421 1406
591 937
2422 1571
1715 2423
2256 2311
2424 2425
2424 1471
2426 307
2184 2080
2184 255
1670 2427
1670 1625
1424 1011
1367 2225
2011 922
2011 1427
2428 256
2429 2134
2430 2220
2431 2030
1314 1859
1314 1579
2432 647
1444 863
2433 1420
2434 2435
1819 1765
974 537
2436 1517
2094 663
2094 1560
2094 2437
2438 318
2438 165
2439 616
1019 1412
2440 1237
2440 2420
2441 889
2442 2443
1865 2444
1865 365
1865 123
1865 1405
2445 2390
1096 2292
2296 365
2446 2447
2446 2448
146 1390
1205 904
2449 1452
2450 2451
2450 2452
2453 2306
2453 1492
2454 2455
2454 738
103 1346
103 447
2456 286
1539 1054
2457 1376
1374 2387
2002 1909
2002 1672
2458 262
2458 2459
246 2419
2327 239
2460 2461
2462 1673
1219 78
2463 2464
2465 532
1463 762
1463 518
1463 1552
1463 2466
2085 36
2085 518
2085 2137
515 415
2225 2194
2467 1747
2468 1411
2028 2469
2470 273
2470 2471
2470 897
2470 2246
1470 1228
2472 1986
2472 1729
2472 1484
2472 1772
1343 1388
1870 1957
1870 1442
2473 1092
2474 2475
663 2084
663 2476
2477 2478
2479 949
357 970
2268 1458
2480 2481
2480 550
689 352
689 582
689 2395
937 1607
937 2482
937 2356
2483 796
2484 1552
2484 443
2484 2485
2486 2334
1706 1101
2487 2119
2488 2413
2488 2489
2361 544
2361 2303
2361 1032
1949 1591
2490 1194
1669 1206
1669 1214
2341 1753
2341 636
2341 884
2341 635
1397 2491
1397 434
1397 2492
2493 2076
2494 1426
2495 1051
2264 2317
2264 2496
1679 2222
1679 581
2497 498
2498 1290
2498 2499
592 2500
592 1823
812 2501
2502 2448
2503 2504
2503 2505
2503 1573
343 1514
2506 514
1087 1321
2507 2508
2507 2437
1951 2509
2510 995
2511 799
2512 2261
2513 2514
2513 2515
2516 2517
2518 1979
2519 1841
2520 17
2520 221
2105 2109
1559 1245
2253 2254
127 1071
168 2521
2419 1642
2522 1695
1173 852
2523 332
2524 1354
2524 2188
2524 151
2525 1483
2525 2126
2525 2526
2525 272
2525 1612
2009 774
2009 2149
2527 556
2527 2528
2529 1220
2529 1824
2427 352
2427 1127
2530 1104
2531 1707
2532 2533
685 2534
2535 2536
2535 1317
2537 1208
2538 1523
2538 743
862 2539
2540 66
85 2541
85 2542
312 2284
2543 766
1921 1076
1921 1440
1921 2544
1921 2545
1325 1319
1325 563
2546 1866
2546 2547
2548 871
2548 1156
2193 1299
2549 1643
770 2449
1234 1875
1234 2550
2551 2552
2551 2553
2554 2080
2555 2556
2555 833
1969 311
1218 976
1218 1025
2557 2558
1311 2074
1785 1595
1785 2559
1785 1210
2560 191
2560 2561
1022 1335
1022 2071
1022 2562
2563 2564
2563 2565
193 2566
193 1409
2567 2568
2567 2370
102 2456
102 2569
102 2570
102 2571
102 880
102 2572
1711 2573
1711 1397
2574 1029
2574 2575
2576 1983
2576 2577
154 2578
923 611
923 1876
2579 1076
2553 932
2580 265
1346 1125
2508 78
2581 1857
2582 84
2582 2299
537 1282
537 2224
537 2583
537 243
1727 1760
614 2506
1421 1157
2584 3
1495 1781
478 1849
26 2585
2577 2006
488 2069
2586 944
2587 2238
2587 2588
413 1051
2589 1836
2589 1824
2397 814
2397 158
2397 2590
2397 1198
1333 1303
2122 1721
2591 2592
2591 2564
2591 2593
2594 1905
2595 2017
2489 1280
2596 53
2597 159
2597 366
455 1976
2598 931
2598 2599
2600 808
2601 1441
2601 1496
2602 1390
2566 180
2603 2158
2603 196
2604 2605
2604 826
2604 2496
2606 1737
2606 717
733 1172
339 385
2038 524
2038 2607
2608 2251
2402 828
122 1837
2478 288
2478 321
2609 2610
2609 2473
2611 2612
1592 1319
1592 1451
1592 2613
1592 2231
1318 85
2614 2615
2614 2090
2616 2617
2618 1811
2618 985
2618 948
2619 705
2620 2621
2620 2470
2622 809
2623 266
2533 2624
2625 1081
2625 1883
2626 2627
2626 2512
2628 1725
2628 1284
2629 2630
2629 2361
678 2631
678 1395
1656 1306
778 594
2632 717
2633 2634
1079 1645
1999 1834
1999 2635
2636 2637
2638 1253
2638 824
2639 921
876 719
2640 2055
2640 168
2641 1319
2642 385
2642 2267
2643 650
2643 646
2644 1662
2644 647
2645 2301
2645 2646
1892 2647
1892 2648
1892 2170
1892 1660
1892 131
2649 1081
2476 1345
2476 135
2476 1954
2139 1782
2650 2651
2200 648
2652 609
2653 192
2653 224
2653 2654
2653 1455
2301 2655
2656 514
2656 1735
2631 37
2631 1875
2657 1140
2657 2432
2058 1453
2058 2352
1177 1726
1177 456
2658 2181
1947 611
1947 2659
2660 373
2660 412
2661 2662
2661 522
2663 2541
2664 911
2665 1769
2666 1190
2666 2667
2666 900
2086 1325
2086 44
2668 1251
2556 2021
300 2621
162 407
162 691
162 2669
162 1158
4 2670
4 808
4 2671
975 2672
2673 1909
2674 2675
2674 2341
754 1509
803 1249
2676 541
2676 2677
1998 745
1998 1246
1998 2678
2678 2679
2678 2535
2680 1557
2680 1247
2592 32
2681 2493
2681 2095
2682 2014
2682 1777
2683 2021
273 2684
273 2367
273 2685
1641 2088
1641 2154
1641 1923
2686 2687
2686 2688
498 1031
2354 2689
2690 2691
2692 8
2693 181
2694 2695
2694 995
2696 493
2696 1211
2617 1674
2617 2697
2435 245
2698 2272
2699 2578
2700 827
2701 2392
2701 1563
1540 2669
2702 2148
2703 2541
2703 827
2704 1857
2704 2182
1928 2173
1928 1971
1928 2705
2706 928
169 761
169 782
2707 1652
2707 1130
2423 2128
2708 2219
2252 1643
471 1071
471 2637
2709 2447
1962 1865
2137 2710
2137 1991
2137 2711
2137 2712
2713 2539
2713 1317
1953 1251
1953 2698
1255 376
1255 661
1255 1696
1255 660
2714 2202
2714 466
2715 2342
2715 2437
2716 244
2716 2717
1135 2312
1135 436
1135 1975
2718 2719
2718 2201
2718 304
2720 2721
2720 76
1908 1251
2722 910
2722 1754
1394 1804
1394 2487
1394 2723
2724 1615
2724 1123
2725 2458
2204 570
1935 2599
2612 702
2612 1102
808 1571
808 2726
2517 1376
2517 2727
2174 2552
2174 1612
2728 2729
2730 1874
2730 2731
2404 2276
2732 1000
2732 90
2732 2733
2732 134
2732 647
106 1939
106 2734
2735 2084
2735 2736
2737 1624
2737 2596
2738 2362
2738 1957
2452 265
2461 2276
2739 1420
2739 2116
2740 2741
2742 1191
2742 124
2742 2667
2464 513
2464 2475
2687 2192
2687 1091
14 2743
2744 1506
2744 2745
2746 1547
2746 2469
651 2466
651 142
2747 2516
2747 2476
2747 1999
130 2748
2749 990
2750 174
2751 2752
2751 2537
1416 568
1243 524
1243 2753
1243 2754
1243 2168
2026 122
1214 2706
1214 2755
2684 2096
1961 2633
2677 1771
602 1318
2756 1960
1395 1860
1395 1689
656 1931
656 1127
9 2757
359 663
359 2642
359 1448
2758 1494
2759 1994
2759 466
2760 2436
2760 221
1382 2761
1382 753
1382 2448
1382 2762
2763 1203
1544 1558
1544 2250
2575 616
2575 639
2080 1985
2080 872
2080 1779
2719 1303
2719 672
2719 1141
654 1502
654 591
2408 2764
2765 1663
2765 824
2766 381
2766 1336
2766 2767
1370 1743
2047 982
2729 12
963 1379
2768 850
2768 2769
618 584
1922 474
1922 2770
2771 76
217 2721
1351 1291
1351 1662
1744 2391
446 3
474 2474
474 2073
474 1853
2772 2685
2772 2620
1866 508
2773 1672
2289 1483
2289 2166
2289 28
2382 709
2774 2442
2774 1103
1291 1412
1590 97
1590 1450
1590 2775
2776 2313
2776 1038
2777 1713
2777 836
2778 808
2778 252
555 1686
555 1810
2578 2779
335 1113
887 1862
2780 686
2780 2781
152 2082
713 1230
2782 865
2782 968
2783 2784
2783 1198
2785 2149
2142 907
675 2786
675 1512
2787 1185
2787 824
2788 2080
2789 622
1826 2337
2790 1081
2791 1361
2791 2679
2755 1866
2755 2305
2755 2792
2793 790
2794 2348
2794 1243
2794 1323
2795 484
2795 2031
1475 2796
1475 1233
1475 2797
1475 2779
986 2332
2323 577
1524 2568
2570 2429
147 927
2798 1240
2799 2729
2437 1979
2437 534
2800 1081
1521 1345
1521 1349
1521 103
1335 2294
1335 1674
2672 1994
2672 2801
2672 1214
2802 1090
2802 2637
2803 1644
2804 1865
1797 1183
1797 1064
2805 1758
2805 707
1746 675
2806 2514
2806 444
2806 357
2806 2807
502 1833
502 2178
502 831
2357 1321
2808 2593
2808 679
2809 1613
2809 2212
2810 1597
2811 2386
2812 1275
2813 1327
2813 2814
2815 911
2815 2816
2815 446
2817 499
2818 1391
2818 711
2818 2767
1233 1605
1376 2565
1376 2443
1585 2819
2820 1742
2821 812
2821 2822
2444 931
2823 2824
2823 1909
2077 2786
544 1033
2825 2017
2826 2033
2826 1150
2827 1613
2827 1188
1596 2828
1596 246
1504 2665
1504 937
1504 1014
1504 959
2741 1419
2741 1708
2829 984
2830 1514
2831 1504
1477 1361
1477 169
2384 1801
831 2045
2832 2500
2832 2400
1489 1472
1466 1404
724 970
2833 2451
2833 1214
2816 808
2816 1922
2545 197
2834 1230
2834 2835
2834 712
2168 1903
2168 2836
2381 2510
2837 2630
2837 9
2838 606
2839 330
2839 323
2634 1002
930 2523
913 2840
2841 2842
2841 1752
2841 597
2841 926
2836 1532
2843 2310
2844 2588
1036 2192
1036 1741
2559 2369
2559 2747
2559 2674
745 2426
745 565
745 503
745 2845
745 1458
858 749
2846 200
2847 2052
2848 578
2849 2797
1131 2702
2850 823
2850 1011
2850 2627
143 1330
62 471
2851 1927
1287 2655
1812 1316
2852 1754
2853 1990
2853 928
2854 2855
2854 1211
2062 230
1065 2347
1160 2515
2856 1048
2857 2689
2857 2015
2858 1758
853 1760
2859 1397
1588 474
1588 452
1845 2764
2860 1178
2861 405
1149 417
1577 2132
1648 2196
1648 658
1628 763
2862 1247
2862 2558
2863 254
968 2864
2688 2844
91 583
2865 1566
1995 2547
2866 1385
612 2257
6 2045
2867 76
1930 249
1930 410
1353 654
1353 697
2868 1133
230 206
2736 2869
2189 1718
1740 2552
1740 2551
2870 2638
2870 2418
2492 1230
2526 1484
2526 274
2814 365
2871 2802
2455 104
1968 1887
763 1547
763 202
1619 144
787 1706
787 645
2872 253
2872 2465
2842 2504
2842 264
2873 1535
2873 1875
1231 23
1773 2814
2874 2875
2874 384
2876 950
2876 514
2877 2545
1550 2754
1164 2190
1164 267
1898 48
2393 1760
580 854
1059 2499
1712 2878
1712 262
2879 2880
2879 675
1020 404
1020 935
723 477
2572 2881
2572 790
2572 2403
2572 2882
2572 2883
2884 2005
2885 2875
2885 396
2022 2521
2886 916
2883 2887
1957 2339
396 385
1620 2888
2534 346
2889 2217
2889 2302
1771 1903
2869 894
2869 188
2890 2065
2890 675
2891 1514
2891 734
2717 2203
2892 215
1867 2893
1195 233
1195 1907
1195 859
2894 1711
2895 442
1739 2414
2896 883
2897 726
2897 1396
2898 2899
2898 1402
2898 394
2898 2900
2898 2709
2610 2893
2901 2280
2901 2789
2901 2902
2903 471
914 2321
1338 1516
2904 2221
2905 1688
2905 2691
2906 1933
2906 868
1152 224
2907 566
2908 2586
2909 668
2909 2470
2910 57
2910 2911
302 288
2911 1110
2911 1888
2912 571
2651 1262
499 409
2913 1645
468 816
2914 1189
2914 2481
2409 1133
2409 2219
2409 1347
2124 2557
2915 1788
2916 2917
2916 2415
2916 2918
2916 808
2916 4
2919 1583
2919 2168
2024 916
2024 1761
2920 190
2920 1890
2752 2171
2921 302
1675 2697
1809 1810
2922 2923
2922 1075
1787 1742
1613 2924
2925 1781
2925 1690
2926 1081
2926 1410
1575 2396
174 2460
174 877
524 208
524 829
524 528
2927 1848
2927 2175
2928 1644
2929 652
2930 2302
2924 450
2762 1748
1336 631
1336 1841
2236 795
2931 1072
2932 1383
2932 1938
899 39
2933 2595
2933 413
2934 352
2934 582
1964 1704
43 2418
43 898
43 2255
2935 808
2936 2860
2936 956
2936 1676
2936 2586
782 2937
1526 1832
2938 579
2331 1478
1674 1094
1431 2013
2939 2263
2939 1476
2939 2101
1987 2694
2940 76
462 1175
2941 1731
2941 1667
2942 365
2942 1326
2942 1865
2346 2605
2943 2754
2380 1248
824 489
1115 2319
1148 1545
2944 548
2399 2187
2711 2807
2945 889
2753 1482
2946 1324
2946 2237
2947 871
2947 557
2947 2099
2948 97
2887 1704
2949 888
2950 764
2950 1364
2950 856
429 2221
2855 2259
2951 2561
2952 1716
2953 302
2953 2954
250 1305
2955 1878
2955 2956
2957 1301
2957 655
121 965
2958 2608
2958 2929
238 1948
2959 2937
2959 2431
2515 2710
2880 675
94 1906
2960 1635
2960 2281
2961 2690
2961 2731
2961 2829
2745 198
2962 2086
2962 2279
2962 678
2270 2963
2964 511
2964 1298
274 2470
2965 667
2965 269
2966 2501
2966 2293
2967 2089
2967 846
2968 1938
2968 1822
16 2173
16 768
16 2938
16 2851
2969 1339
2969 633
2970 1729
2970 2962
2970 74
1262 1960
1262 888
1262 232
2971 1281
2195 1679
2972 1019
836 1317
2705 2615
1873 1637
2243 490
2243 2973
2243 2819
2243 2974
2243 990
2107 107
1372 2386
1372 1102
2308 440
2975 1077
1048 2318
2007 1937
2976 2829
712 2487
712 2977
712 1111
527 1481
527 1549
527 2109
527 2168
527 495
2659 2468
1666 1639
2187 2672
2187 2185
2187 1669
735 2978
2979 2036
2979 2349
2980 2780
1971 2840
2388 2981
2388 2203
1049 1820
2982 1051
1570 2585
1817 76
2505 797
2505 1104
2266 284
1897 2112
2041 1319
2983 2202
2983 2015
1945 276
2624 1869
2984 1401
2984 763
866 876
271 1494
2985 2669
2411 206
2986 802
2986 2416
2986 1162
1895 2532
2987 1632
2987 1618
2988 441
2988 1078
2989 654
2989 1266
2990 342
2990 2830
2991 2192
2991 2763
2992 1
2992 625
2993 2318
2994 2221
2994 1685
2822 812
2995 2168
2996 536
2997 871
2997 95
2954 321
2998 2997
2998 588
2998 713
2999 2396
227 2693
3000 471
3001 45
3001 2249
3001 1677
3001 2963
1942 177
3002 700
3002 310
3003 2661
3003 1999
3003 590
3003 1356
3004 1711
389 2531
2662 699
2662 742
3005 471
3006 2335
3006 1267
3007 568
3007 155
3008 3009
3008 2770
3008 1373
3008 1034
3010 1929
3010 426
2284 406
2284 888
3011 984
2274 1857
2274 229
2126 274
1723 1511
8 1501
