4960 9462
0 1
2 3
4 5
6 7
6 8
6 9
10 11
10 12
10 13
14 15
14 16
14 17
18 19
18 20
18 21
18 22
23 24
25 26
27 28
27 29
27 30
31 32
31 33
34 35
36 37
36 38
36 39
40 41
42 43
42 44
42 45
42 46
47 48
49 50
51 52
51 53
51 54
55 26
56 57
56 58
59 60
61 62
61 63
61 64
65 66
65 67
68 69
70 71
70 72
70 73
70 74
70 75
70 76
77 78
77 79
77 80
81 82
81 83
81 84
85 86
87 88
89 90
89 91
92 93
92 94
92 95
92 96
92 97
92 98
99 100
99 101
99 102
103 104
103 105
106 107
108 109
108 110
108 111
112 93
113 114
113 115
116 117
118 86
118 119
120 121
98 93
98 122
98 72
98 112
98 123
98 124
125 126
127 128
127 129
127 130
131 132
131 133
131 134
131 135
136 137
138 139
138 140
138 141
138 142
143 144
143 145
143 146
147 148
147 149
150 151
152 153
152 154
155 156
155 157
155 158
159 78
159 160
161 162
163 164
165 166
165 167
165 168
165 169
170 171
170 172
170 173
174 86
174 175
174 176
177 178
179 180
179 181
179 182
183 184
185 186
185 187
185 188
185 189
190 191
192 193
192 194
192 195
196 197
198 199
200 201
200 202
200 203
204 205
204 206
204 207
134 208
134 209
210 211
212 213
212 214
215 216
215 217
218 219
220 221
220 222
220 35
220 223
224 225
226 227
226 228
226 229
226 230
226 231
232 233
232 234
232 235
232 236
232 237
232 238
239 240
239 241
239 242
239 243
239 244
239 245
246 162
246 182
246 180
246 247
246 248
246 249
250 251
252 253
254 28
254 255
254 256
257 258
257 259
257 260
7 9
261 262
261 263
261 264
265 266
265 124
265 98
267 268
267 269
270 271
272 273
272 178
272 177
274 275
274 276
274 277
278 279
280 281
280 282
283 284
283 285
286 287
288 289
288 290
288 291
292 293
294 124
295 296
295 297
295 298
299 300
299 301
299 302
303 304
305 306
305 307
305 308
305 309
310 311
312 66
312 240
313 314
313 315
313 316
317 318
317 319
320 214
320 321
320 322
323 324
325 69
326 327
328 329
328 330
331 304
332 333
334 335
334 336
334 337
334 338
339 271
339 270
339 340
341 342
341 343
341 344
345 346
345 160
345 347
348 349
348 350
348 351
348 352
353 354
353 355
356 357
356 358
356 359
360 98
360 361
360 92
360 95
362 363
362 364
365 366
365 367
365 368
369 370
371 372
311 373
311 374
311 375
311 376
377 378
379 380
379 381
379 382
383 384
383 385
383 386
383 387
383 388
389 390
391 392
391 393
391 394
391 395
391 396
397 398
399 400
399 401
399 402
399 403
404 275
404 364
404 405
404 145
404 146
406 407
408 409
408 410
408 216
408 411
408 149
412 281
413 414
413 375
415 336
415 416
415 338
417 418
419 34
420 421
422 423
424 425
424 426
16 427
16 428
16 429
430 431
430 432
430 433
434 24
434 435
434 436
434 437
434 438
439 301
440 441
440 442
443 444
443 445
443 446
443 185
443 447
443 448
443 449
443 450
443 451
443 452
443 453
443 454
443 455
443 456
443 457
443 189
443 285
443 458
443 459
443 460
461 86
462 463
462 464
462 335
465 466
467 468
469 470
469 83
471 472
471 473
471 474
471 475
476 477
476 478
476 479
480 481
480 482
480 483
484 250
485 486
485 487
485 488
485 489
485 490
491 64
492 493
494 495
494 496
494 497
494 498
499 117
499 500
501 502
501 503
504 505
337 506
337 336
337 335
507 508
509 510
509 511
509 512
513 366
514 318
515 516
515 517
515 518
515 519
520 521
520 522
523 524
523 525
526 527
528 431
528 529
528 430
530 531
530 532
530 533
175 86
534 240
535 536
535 275
535 537
538 539
538 540
538 541
542 543
542 544
542 410
545 546
547 548
549 550
549 551
552 553
552 554
555 69
555 556
557 540
558 559
560 561
560 562
560 69
563 564
565 566
565 567
568 569
568 570
568 571
357 572
573 394
573 574
573 575
576 577
578 101
578 579
580 581
580 582
580 583
580 584
580 460
580 585
580 586
580 587
580 40
580 588
589 590
591 467
592 349
593 594
595 596
597 598
599 227
599 600
601 602
603 604
236 233
236 605
236 606
607 221
607 608
607 609
610 90
610 611
610 91
610 359
612 293
612 613
614 306
614 615
614 616
617 618
617 619
617 620
617 621
622 623
624 394
625 626
625 627
625 628
625 629
625 630
625 631
632 492
632 633
632 493
634 289
634 635
634 636
634 637
638 639
638 640
641 642
641 643
635 289
635 636
644 86
644 645
646 262
646 264
647 648
647 649
647 650
651 243
652 653
652 175
654 655
654 656
657 658
657 659
657 309
660 661
660 662
660 60
663 664
663 665
663 666
663 667
668 216
669 670
669 671
672 673
115 674
675 676
675 546
675 677
678 679
678 680
678 681
682 683
682 684
682 685
686 139
686 687
686 142
688 689
688 690
688 691
692 693
694 695
694 696
697 324
697 698
699 700
701 702
701 703
701 704
705 706
705 707
705 708
705 709
710 711
710 712
710 713
714 715
716 717
718 719
718 720
718 721
722 723
722 724
725 279
725 726
725 727
728 729
730 731
730 732
730 666
733 734
733 735
733 214
333 736
737 673
737 268
737 738
739 136
739 466
739 740
741 742
743 521
744 745
744 746
744 747
748 749
748 750
748 751
752 753
754 755
754 756
757 211
758 107
758 759
758 106
758 760
445 455
445 761
445 762
445 763
445 764
445 765
579 101
579 766
767 134
448 768
769 770
769 771
769 772
773 83
774 775
776 777
778 779
778 780
778 781
778 782
378 514
378 783
378 784
785 786
785 787
785 788
789 628
789 790
789 625
791 699
791 700
791 792
442 357
442 441
793 206
793 716
793 717
794 795
794 796
794 163
794 797
798 799
798 800
801 577
802 32
803 804
803 495
803 805
806 807
806 343
806 808
809 810
322 214
811 812
811 773
811 813
814 815
814 816
814 817
818 819
609 820
609 270
821 822
823 100
823 302
824 825
824 826
824 827
828 829
828 830
828 683
828 831
828 832
828 833
834 390
834 835
834 389
836 577
837 410
837 149
838 839
840 28
840 841
842 450
842 495
842 843
844 845
846 423
847 848
847 849
847 850
847 851
847 852
847 853
847 854
847 855
847 856
857 858
857 859
857 860
857 490
861 193
861 862
861 863
864 865
866 867
868 726
869 870
871 872
873 49
874 875
874 525
874 766
876 410
512 877
878 439
878 299
878 301
878 302
815 816
879 880
881 32
882 800
883 884
885 886
885 316
887 888
887 889
887 890
887 891
892 268
892 269
892 893
64 894
64 598
64 895
64 78
64 536
64 521
64 62
64 772
64 896
64 897
64 743
898 899
91 90
91 359
900 631
901 902
901 457
901 903
901 904
905 151
906 907
906 154
908 281
908 909
908 910
911 912
911 913
911 914
911 915
916 917
916 918
916 919
916 920
916 921
916 922
923 924
923 925
926 460
927 928
927 929
927 930
931 757
931 437
931 211
932 933
932 934
935 936
935 937
935 938
939 940
37 941
37 39
942 943
942 34
942 944
945 551
946 947
907 948
949 950
684 683
619 620
951 70
951 72
952 953
954 955
954 330
653 907
653 175
653 956
957 437
957 210
957 211
958 959
958 960
958 961
958 962
963 285
964 628
964 965
964 327
966 967
966 968
966 969
970 971
972 973
974 975
976 977
978 979
980 981
980 331
980 304
982 983
982 984
985 986
985 354
985 503
987 26
987 25
987 157
988 989
990 991
990 992
990 993
990 58
994 950
994 410
994 544
995 996
756 997
998 999
998 1000
998 1001
1002 105
1003 1004
1005 1006
1005 937
1005 935
1005 938
1007 1008
1007 1009
1007 571
1010 1011
1010 1012
1013 800
1013 1014
1013 110
1013 111
1013 108
1015 1016
1017 1018
1017 199
1019 1020
1019 525
1019 766
886 1021
886 1022
886 316
919 1023
1024 1025
1024 978
1024 1026
460 777
460 1027
1028 78
1029 1030
1031 1032
1031 1033
1031 1034
1035 30
1036 928
1036 1037
1036 1038
1036 1039
1040 1041
1040 1042
1040 1043
1044 708
1045 1046
1045 679
1045 126
1047 1048
1047 214
1049 1050
1049 1051
1052 1053
1054 1055
1054 391
1054 395
1054 1056
569 570
1057 895
1058 156
1058 1059
1058 1060
1061 1062
1061 1063
1064 1065
1064 1066
1064 1067
1068 286
1069 1070
1071 1072
1073 1074
1073 206
1073 470
1075 85
1075 86
1075 175
1076 1077
268 269
284 16
284 285
1078 56
1078 57
1079 604
1079 438
1079 1080
1081 1082
1081 1083
1084 1085
1086 643
1086 1087
1086 1088
90 357
90 572
808 807
808 343
808 1089
808 1090
808 1091
808 1092
1093 1094
1095 1096
1095 1097
1095 1098
1099 1100
1099 1101
1099 1102
1103 366
1103 1104
1103 1105
1103 604
1103 367
1103 432
959 62
959 960
959 1106
959 743
959 961
1107 1108
1107 1109
1107 635
1110 1111
1112 1113
1112 1114
1112 1115
1112 1116
1117 948
1117 1118
852 848
852 1119
852 1120
852 849
852 1121
852 1122
852 1123
852 1124
852 1125
519 516
703 702
1126 1127
1126 598
1126 64
1128 1129
66 1130
66 1131
66 1132
66 243
66 443
66 1133
66 1134
66 1135
66 1136
66 1137
66 891
66 1138
66 1139
66 240
66 1140
66 460
66 1141
66 239
1142 370
1142 1143
1142 369
1142 1144
1142 1145
1142 1146
1142 1147
1148 1149
1150 1151
1150 1152
1150 1153
1154 1155
1154 1156
1154 772
1157 21
1158 1159
1158 1160
1158 1161
1158 1162
1163 891
1163 1164
1163 1135
1165 1166
1165 950
1165 1167
1168 1169
1170 1171
1170 929
1170 1172
1173 411
1173 409
1173 1174
1175 460
1176 1177
1178 1179
1178 1180
1181 1182
1181 1183
1184 1185
1184 1186
1184 1187
1188 460
335 463
1189 1190
1189 1191
1192 1190
1193 1194
1193 151
1195 387
1196 1197
1198 485
1198 1199
1198 1200
1201 670
1202 1203
216 950
216 262
216 410
216 411
385 1204
1205 1162
1205 1206
1205 1207
1208 723
1208 1010
1208 1209
1210 788
1211 1212
1213 1214
1215 1216
1215 1141
1215 1217
1218 622
1219 981
1219 1220
1219 1221
1222 1223
1224 960
1225 1226
78 298
78 1227
78 1228
78 160
78 604
78 111
78 723
78 800
78 1229
78 1230
78 346
78 79
1231 1232
1231 1233
1231 1234
1235 920
1236 1237
1238 1239
1240 82
1241 34
1241 1242
1241 1243
1244 456
1134 1136
1245 577
1245 1246
1247 37
1248 649
1249 286
1249 1068
1249 1250
1251 1252
1251 1253
1251 1254
1255 1256
1255 820
1255 1257
1255 1258
1259 1260
1259 1261
1259 1262
1263 564
1263 134
1263 767
1264 777
1264 466
1264 1265
255 28
1266 1267
1266 788
1266 1210
1268 421
473 472
473 947
473 946
473 1269
473 1270
473 1271
1272 1273
1272 1060
1272 1274
764 762
1275 1276
1275 870
1277 1278
1277 1279
76 1280
1281 1282
1281 702
1281 1283
1281 704
438 367
1284 1285
1284 1151
1284 891
594 1286
594 1055
594 1054
594 1287
594 1288
594 1289
1027 777
1027 776
1027 1290
1291 1292
1293 1294
1295 1296
1295 1297
1295 728
1298 1299
1298 997
1298 1300
1298 1301
1302 1303
1304 1016
1304 1305
1304 1306
1307 477
986 354
1308 1094
1308 1309
1308 1310
1311 1312
1311 633
1311 1313
1314 1315
1314 1100
1314 1171
1316 483
1317 1318
928 702
928 929
928 251
928 1319
928 508
928 1320
1321 1322
1323 1324
1323 1325
1326 1327
1326 269
1326 1328
1329 1330
1331 729
1331 1332
1331 728
1333 1334
1333 1335
1336 1337
1336 1338
1339 1202
1340 1341
1340 633
1340 199
1340 1342
1343 391
1343 1344
1343 1054
1345 1330
1346 981
1346 777
1346 1347
235 233
1348 1349
1348 1350
1351 772
1352 1243
1352 1353
1352 1354
1352 34
1352 35
1352 1355
437 211
687 142
1356 539
1356 1357
1356 1358
1359 1156
1359 1360
1359 772
1283 1319
1361 584
1361 1362
889 888
1363 1337
1364 1183
1364 1181
1364 1182
1364 1365
180 247
180 1366
180 1367
1368 609
1368 270
1368 1258
1368 820
1369 561
1369 1370
1369 69
1371 1372
1371 691
1371 1373
1374 1375
1374 1376
1377 577
1377 801
1377 576
1378 1379
1380 637
1380 1381
1380 634
1380 636
1382 1383
1384 1385
1386 101
1386 1387
1388 1389
1388 1390
1388 1233
1391 436
1392 1393
1394 1395
1394 1396
1394 1202
1397 1398
1397 1399
1397 1400
1401 281
1401 1402
1401 1403
1404 1405
1404 1406
1404 1407
1408 1002
1279 1278
1409 322
1410 1098
1410 1316
1411 271
1412 994
1412 1413
1412 544
1412 1414
863 1062
863 193
863 862
863 1415
1416 1417
1418 1419
1418 1420
1418 1230
1418 1421
1418 899
495 804
495 497
495 1422
495 1423
495 1424
689 691
689 323
1425 1426
1425 1427
1425 1428
1425 766
1425 1429
1430 156
1430 1431
1430 154
1432 1433
1434 1435
1434 826
1434 968
1221 981
537 275
537 405
537 536
537 1436
537 1437
1438 1439
1438 780
1438 1335
1440 1441
141 140
1442 1443
702 1283
702 1319
702 1320
702 929
1444 116
1445 1446
1445 246
1445 1447
1445 1448
1449 477
1449 1450
1449 72
1143 1451
1143 1452
1143 1453
1143 369
1143 1144
1143 850
1143 1454
1143 853
1143 847
1143 1455
1456 1457
1456 1458
1456 1459
1443 291
1460 1461
1460 1462
1460 330
1463 418
1464 1131
1464 1465
1466 1467
1466 979
1001 999
1468 366
1468 1469
1468 367
1470 104
1470 989
1470 1471
1472 208
1472 1473
1472 134
1474 1475
1474 1476
1474 501
1474 1477
1478 1479
1478 1480
1478 1481
1478 1482
300 301
1483 354
1483 4
1484 689
1484 691
1484 1485
1486 1487
1488 1489
1488 1014
1488 298
1490 1491
1490 1492
1490 1493
1494 1183
1494 1495
1494 899
50 1043
1496 1497
1496 1498
1496 1499
1500 149
8 9
8 1501
1502 78
1502 1503
1502 79
1504 1505
1504 1506
1504 1507
1508 1509
1508 1025
1508 1510
1511 1512
1513 1514
1513 1385
1513 1515
1513 1516
1513 572
158 156
158 1517
158 1060
158 1274
158 157
1518 1519
1518 1297
1518 304
1520 221
1520 35
1521 100
1522 1523
1522 1524
1522 1525
1522 1526
1522 1527
1522 1528
1529 1152
1530 521
1531 1532
1531 948
1531 208
1533 1534
1533 1535
1533 149
1536 1537
1536 1538
1536 1539
1536 800
1540 1098
340 271
489 1541
1542 78
1542 159
1543 1544
1543 443
1545 907
1545 1546
1545 154
626 631
626 630
1547 1548
1547 1549
1547 191
1547 1550
1551 1083
1552 598
1552 1553
1552 597
1554 1555
1554 302
1554 1556
1557 1558
1559 577
1560 1550
1560 1561
1560 1547
1560 1548
1562 1563
1562 64
1564 574
1564 1565
1564 1566
1567 107
1567 1568
1569 536
1569 1570
1571 1572
1573 873
1573 49
1573 50
1574 494
1575 32
1575 1576
1575 802
1577 1578
1579 189
1579 1580
1579 182
1581 1582
1581 1583
1581 1584
1585 1586
1587 1588
1587 1589
1587 1220
1587 466
1590 199
1591 1349
1591 1348
276 275
276 146
1592 1372
1592 1593
1594 1
1595 881
1595 32
1595 802
1596 422
1596 1597
1596 1598
1599 78
1599 1600
1599 160
1599 1601
1599 1229
1602 1383
1602 1603
1604 1605
1604 1606
1604 1607
451 444
451 450
451 1608
451 1609
1610 383
1611 1269
1611 1612
1613 1261
1613 1614
1615 1616
1617 343
1618 971
1619 1620
1621 1622
1621 1214
1621 1623
1621 1624
1625 1626
1625 445
1625 443
1627 233
1627 235
1628 1629
117 139
1630 129
1630 1631
1632 346
1632 297
1633 1114
1633 1345
1633 1330
1633 1634
1635 1636
1635 1637
1635 1638
1635 1639
1074 206
1640 746
1641 1642
1641 1421
1641 1643
1102 1644
1102 571
1645 1555
1645 1646
1645 1647
1648 673
1649 1650
1524 1523
1651 372
1651 1652
1653 1296
1653 1295
1653 1297
1653 1654
1655 1506
1655 1656
782 780
1489 1014
1657 314
1657 1403
1657 1658
1657 1659
1660 1661
1660 1662
1660 1663
1664 695
1665 1666
1665 941
1665 1667
1668 1669
1668 1670
1668 194
1668 1671
1672 222
1672 1673
1672 656
1674 584
67 66
67 891
1675 1676
1675 1677
1675 1678
1679 130
1680 20
1680 1681
1682 1683
1682 1294
1682 525
1682 1684
1685 994
1685 950
1685 1686
1687 445
1688 1689
1688 1690
1688 1691
1688 1350
780 983
1692 1693
1694 1695
1694 1696
1697 1698
1697 1699
1700 13
1700 1534
956 907
1701 137
479 477
740 466
1702 1703
1702 1704
1705 532
390 1706
390 1707
24 438
1509 1025
1509 1650
1509 639
1509 306
1509 1708
1509 1709
1509 1710
1509 1711
1509 307
1509 532
1509 309
1509 1712
1509 1713
1509 633
1509 1714
1509 1715
1509 1716
1012 422
1012 423
1717 1718
1717 1290
1719 466
1153 1151
1153 1720
1153 1721
1153 1152
1153 887
1153 891
1722 666
1723 907
1723 956
1723 1724
1725 1383
1726 1727
1726 879
1726 880
1728 294
1729 463
416 336
1730 101
1730 1731
1730 1732
1730 1425
1733 564
1734 1735
1734 1736
1734 656
1737 1738
1739 1740
1739 746
1739 17
1739 1741
1739 1742
1114 561
1743 1583
1743 1744
1678 1676
1745 1746
13 1337
1747 1748
1747 1749
1747 800
1750 1060
1751 1752
1753 1754
1753 1755
1753 1756
1753 1757
1758 1651
1758 372
1758 1759
1760 1229
1760 1761
1760 800
1762 421
1762 1763
1764 1765
1766 1767
1766 252
1766 1330
1766 253
800 298
800 1749
800 1014
800 604
800 111
800 723
800 1229
800 1230
800 346
1644 571
1768 1769
1768 1770
1768 1771
1772 777
1773 595
1773 596
1773 218
1773 1206
1774 1775
1774 1421
1774 1230
1776 1777
1778 1779
1778 1780
1778 751
1781 1782
1781 1783
1784 1027
922 917
135 132
135 209
135 134
1785 489
1785 1541
1786 1227
1786 404
1786 536
1786 1787
1788 1789
1790 1291
1791 1666
1791 1792
1172 1171
1539 78
1539 800
1539 1228
1539 1537
750 749
1793 1794
1793 967
1793 1795
1796 483
1797 1498
1797 807
1797 1798
1797 1799
1797 1800
531 532
719 783
719 1801
719 378
719 1802
1803 1804
1805 794
950 410
1421 1643
1421 899
1421 1419
1421 1806
1421 1775
1807 828
1162 1808
1162 1809
1162 1810
1162 1378
1811 1812
1811 1798
1811 1813
449 445
449 446
449 1814
449 763
449 1815
449 1816
1817 1644
1817 1818
1817 571
1819 324
1819 1820
1821 695
1822 1823
1824 1825
1824 400
1824 1826
1827 1109
1827 1771
1827 1828
1829 1830
1358 1357
1831 1832
1831 5
1667 1666
1833 69
1834 1835
1834 1230
1101 1102
1836 752
1836 753
1836 1837
1836 1838
1839 1840
1839 1841
1842 1843
1842 1844
1842 69
1842 68
1845 221
1846 1847
910 281
910 1848
1849 1171
1850 1808
171 1806
1851 126
1852 1853
1852 1854
713 1855
1856 279
1856 1857
1856 1858
1859 1322
1859 802
1860 981
1860 1861
1862 1863
1862 1864
1865 1866
1865 1153
1865 1720
1865 1721
1030 1779
1030 1867
1868 1869
1868 546
1868 545
1301 493
1301 997
1301 1299
1301 554
804 1422
804 1870
804 1406
804 1871
1872 521
1873 1253
1873 1874
1873 1875
1876 572
1876 1513
1876 1516
1877 1878
1877 1879
1877 501
1527 1524
1880 1881
1882 516
1882 1883
1882 1593
1884 1650
1884 1885
1884 1712
1886 1395
1887 708
1887 1888
186 426
1889 1522
1889 1890
1889 1526
1891 1892
1891 728
1893 1894
1893 1895
1893 1896
1897 1425
1898 1794
1898 1096
1898 1899
524 1684
524 525
1900 1250
240 1901
240 1132
240 243
240 245
1902 1129
1903 1577
1904 825
1904 1905
1904 1421
1906 1907
1906 364
1906 404
1892 304
1892 728
1908 1109
1908 1909
1908 635
1164 1135
1910 1911
1912 289
1912 635
1913 1914
1913 167
1913 43
1915 216
1282 702
1282 1916
1282 1283
1917 1918
1919 1920
1919 1092
1919 1089
721 1921
721 719
721 1922
721 720
1748 1749
1923 1924
1923 470
1923 1297
1923 773
1923 717
1923 1925
1923 1926
1923 1218
1923 1927
1923 622
1923 1928
1923 1929
1923 95
1923 1511
1923 206
1923 478
1923 1930
1923 1931
1923 72
1923 692
1923 1932
1923 693
1923 98
1923 623
1923 1933
1923 460
1923 83
1923 1934
1039 928
1935 453
1935 1936
452 447
452 1937
452 1938
1939 418
97 1940
1941 343
1942 189
1943 1534
1944 469
1944 470
1944 1945
1946 1947
1946 1706
1676 1948
1676 1677
1949 1950
1949 978
1949 979
1951 1952
1951 742
1951 1953
154 1274
154 52
154 209
154 1954
154 907
154 156
154 948
154 208
154 129
154 1955
154 1771
755 756
755 1956
755 1957
521 78
521 1583
521 1958
521 1582
521 1959
521 983
1960 894
544 410
1961 1782
1961 1962
1961 1963
1964 1965
1964 1966
1964 772
363 1441
1967 1968
1967 1230
1969 1970
1969 729
58 57
58 516
1971 1972
1971 1622
1971 1621
1971 1688
1971 1691
1971 1973
477 72
1974 1975
1253 1874
1976 404
1711 309
1711 1710
587 1977
1978 1979
1980 114
1980 1981
1980 113
1982 1983
554 708
308 306
308 658
308 657
308 309
1984 1974
1985 1986
1987 1988
1989 1990
1989 1305
1598 422
1991 1353
1991 1355
1992 1993
1992 1994
1992 367
1992 1080
1995 314
1995 1996
1997 1419
1997 1420
1997 1998
1350 1999
1350 2000
1350 1690
1350 2001
1350 2002
2003 2004
2003 532
2005 1197
2005 1236
2005 2006
2005 2007
1008 571
2008 2009
2010 1441
2010 2011
2010 2012
2013 222
2013 2014
2013 656
2015 2016
2017 390
2017 1706
2017 2018
2019 917
2019 919
2020 2021
2020 123
2020 72
145 146
1265 466
2022 264
2022 646
2023 2024
2023 2025
2023 975
1417 998
2026 2027
2028 2029
2028 2030
2031 810
2031 1714
2031 2032
2033 1771
1858 1077
2034 1812
2034 2035
2034 2036
2037 1203
2037 2038
2037 2039
2037 770
2037 2040
2041 1788
2042 271
1016 1305
2043 742
2043 672
2044 2045
2046 69
2047 62
2048 1203
2048 2049
2048 1202
2050 2051
2050 2052
2050 2053
202 203
955 203
955 330
2054 653
2054 175
2054 2055
2056 1166
2056 1500
2056 149
327 2057
327 2058
327 2059
327 2060
2061 2062
2063 2064
2063 2065
2063 2066
2063 704
1691 1689
1899 1794
2067 221
2067 609
2067 2068
2069 2070
2069 1779
2069 2071
2069 2072
2073 458
2073 2074
2073 443
723 1012
723 422
723 338
723 2046
723 604
723 149
723 12
723 69
723 423
723 1010
2075 1773
2076 2077
2076 1896
2078 948
1097 1096
2079 2080
2081 2082
2081 756
2081 997
2083 2084
2085 2086
2087 2088
2087 1385
2087 441
1755 1756
1366 591
2011 1441
2011 2089
2011 2090
2011 2012
960 743
242 244
2091 1959
2092 1157
2092 20
2092 21
2093 2094
2093 539
2093 2095
1344 391
2096 2097
2096 689
2096 323
2098 2099
2100 1684
2100 1294
2100 2101
2102 343
2102 2103
2102 2104
623 717
2105 2106
2105 742
2105 1677
2107 88
2108 2084
2109 2110
2109 2111
2109 1960
2112 2113
2112 2114
2112 136
2115 306
2115 2116
2115 616
1469 367
2117 2118
2117 26
1593 2119
1593 1487
2120 2121
2120 2122
2123 2124
2123 431
2125 2126
199 1341
172 173
2127 1268
2127 421
2128 1089
2129 2130
2129 649
2131 2132
2131 633
2131 493
2133 1955
2134 2135
2134 2136
2134 242
2134 241
2134 2137
2134 239
2057 2138
2057 1830
2057 1881
2057 2059
2057 2139
2057 1880
2140 677
2141 707
2142 450
2142 2143
2144 536
2145 1349
2145 720
2145 2146
2147 907
2148 2149
2148 2150
2148 1771
2151 726
2151 2152
1576 32
2153 1749
2154 2155
2154 662
720 1922
720 2156
720 2157
720 1801
720 406
720 719
2158 432
2158 2159
2158 431
1118 948
1118 208
2160 451
2160 443
176 86
2161 743
2161 532
2162 2163
2162 72
2164 2165
2164 604
2164 1004
2166 2167
2166 989
2166 2168
2169 477
2169 72
1146 2170
2171 1779
2171 2172
2171 751
1492 433
2173 2174
2173 1858
2173 1077
2173 1939
144 145
2175 1840
2176 1094
2176 2177
496 2178
2179 130
2180 2181
2180 1954
2180 2182
2183 2184
2183 2185
425 426
425 2186
2187 2188
2187 872
2187 2189
2190 2191
1516 357
1516 1385
1516 441
1516 572
1516 1032
1516 344
1516 88
1516 1230
1516 343
1516 1322
2192 820
2193 151
2193 2194
2195 984
2195 2196
2195 322
2177 1094
2177 2197
2177 2198
1373 1372
2199 577
2199 2200
759 1804
759 107
759 2201
759 760
2202 1410
2156 2157
2203 2204
2205 2206
2205 2207
380 2208
380 2209
380 382
380 392
380 2210
380 1565
380 2211
380 2212
2213 2214
2213 2215
2216 2217
2216 2169
2216 72
178 1703
178 715
2218 2219
2218 311
2220 306
2221 732
1761 800
80 79
2222 1181
2223 1316
2223 2224
2225 1149
2225 344
2225 2226
48 378
2227 2121
1285 891
2228 2229
2228 2230
2228 2035
2231 2232
1214 2233
1214 1623
1214 2234
2235 343
1798 807
1798 1812
1065 2236
2237 1395
2237 2238
2237 1886
2239 1707
2240 390
2240 389
2240 2241
2242 324
2242 323
2242 2243
2244 1260
2244 1100
2245 232
2245 2246
2245 236
1115 1114
2247 441
2248 2057
2248 2249
2248 2139
2250 226
2250 227
2250 2251
2252 20
2253 1192
2254 1990
2254 2255
2254 760
2256 2257
2256 1572
2256 2258
2256 1129
2259 2260
2259 1773
2261 2262
2261 460
1885 1650
2263 1044
2086 2264
2086 421
2086 2265
2086 2266
2086 2267
2086 2127
2268 638
2268 2269
2268 2270
1324 8
2271 2272
2273 262
2274 307
2274 2275
2274 309
71 74
71 72
2276 2277
2276 1109
2278 1958
2279 50
2279 2280
2279 1043
2281 997
2282 2283
2282 2284
2282 2285
2282 2286
2282 2287
2288 221
2288 943
2288 2289
2290 540
685 683
2291 2292
2293 2294
2293 1779
2293 1030
2295 246
2295 180
2295 2296
2297 948
2297 52
2297 2298
2299 1990
2299 1989
2172 751
2300 126
1921 1922
2301 1316
2301 1796
2301 483
1841 2302
2303 1260
2303 2244
2304 639
2304 638
2304 2305
2304 640
832 2306
2307 1858
2308 1341
2308 633
2309 2191
2310 760
2311 948
2312 297
2305 639
2305 640
2305 2313
2314 2037
2314 770
2314 2039
2315 167
2315 43
2315 2316
2315 46
2317 816
2318 1461
2318 2319
2318 617
2320 2321
2320 189
1250 286
1250 287
920 2322
920 2323
920 2324
920 921
2325 191
2325 2326
2325 190
2327 1319
2327 1171
2328 636
2329 2330
2329 184
2329 1180
2331 1353
2331 1352
2331 1355
173 1085
173 171
490 945
490 860
490 2332
490 551
1212 2333
2334 2335
2336 1716
1197 2337
1197 601
1197 2338
1197 2335
1197 2007
1197 602
1174 411
2339 82
1744 1581
1744 1583
2340 2341
2340 2342
2340 2343
2340 2344
2345 2346
2345 2347
2348 546
2348 677
2348 2349
2350 2351
2350 2352
2350 1327
2350 1699
2353 2354
2353 877
350 2355
350 349
350 2356
350 2357
2358 2359
2358 1190
2358 2360
2358 567
2361 1509
2361 2362
2363 521
2363 983
2363 2364
2365 423
2365 2366
2365 2316
1541 2367
2368 1427
2369 2370
2369 2371
2369 1458
1795 967
2372 460
2372 2373
1109 1274
1109 975
1109 636
1109 681
1109 2277
1109 635
1109 1228
1109 154
1109 1771
1109 2149
2374 2375
2374 101
2374 1428
2376 2377
2376 677
2378 2379
2378 2380
2381 2382
2383 1492
2383 433
2383 2384
2385 30
2386 1463
2387 1243
2388 2389
2388 753
2388 1837
2390 508
2391 1846
2391 916
2391 919
2391 1023
2392 270
2392 2393
2394 2395
2394 389
2396 2397
2396 2398
2399 2400
2399 2401
2402 129
2403 279
2403 2404
2403 2405
2406 91
829 831
2407 766
2407 2408
2407 101
2407 1427
2409 1584
2410 2411
633 1313
633 1341
633 201
633 493
633 786
633 199
263 262
263 2292
263 264
263 2412
114 674
114 446
114 449
114 115
114 1816
114 2413
786 1341
786 201
786 199
2414 2415
2416 90
2416 2417
2416 572
2418 83
2418 717
2419 1313
2420 2421
2422 1122
2423 788
2424 2425
2424 1706
2426 994
2426 1413
2426 2427
2428 1182
2429 2356
2429 350
2429 2430
2429 1211
2429 1212
2429 2333
2431 1041
2432 973
2433 214
2433 734
2433 322
2434 1610
2434 383
2434 386
2435 540
2435 1429
2435 2290
2436 1732
2437 2282
2438 816
2438 2439
2438 2440
2438 2441
2442 1324
2442 1429
2442 2443
783 784
2444 2281
2444 493
2444 997
2445 2446
2447 1279
2448 1421
2449 1220
2449 2450
2449 2451
2181 1954
2284 2285
2452 1319
2452 2453
2452 1283
2454 11
2454 12
2454 10
2454 2455
2456 2125
2456 1330
2456 2126
533 1582
2457 1283
2457 704
2458 539
2458 540
2458 2459
2460 2461
2460 323
1083 2232
1083 839
2462 826
2463 1252
2463 1253
44 43
2464 672
2465 2466
2467 1014
2467 2468
2467 111
2469 2470
38 37
2471 2472
2471 2473
2471 2474
2471 656
2475 2476
2475 1016
2475 2477
2475 1015
2478 1593
2478 130
2478 2179
2479 670
2479 1106
2479 1201
2480 967
260 1558
260 496
260 1557
260 494
260 2178
260 2481
2482 2483
2484 870
2485 978
2485 2486
2487 1385
2487 2488
2487 572
2060 2489
2490 251
2490 2491
2490 389
1823 2492
1823 2493
1823 2494
2495 2496
2495 2497
2498 714
2498 2499
2498 2500
2498 715
643 2291
643 1087
2501 2005
2502 151
2503 2504
2503 2505
2506 185
2507 260
2508 670
359 90
359 357
375 373
2509 895
2509 2510
2509 64
777 466
539 1357
539 540
2511 2512
2511 2149
2511 1109
2511 2513
2514 2515
2514 2516
2514 877
2077 2347
2517 2518
2517 1659
2517 1657
2517 1403
2519 717
1305 1990
2520 2521
2520 2149
2520 2277
2522 633
2523 2524
2523 1171
2525 2526
571 570
571 1009
571 482
571 1096
571 483
2527 1261
2528 2529
2528 956
2528 2055
2528 2530
2531 1703
2531 1701
2531 137
57 1487
2210 2211
2532 297
763 2533
763 764
763 1815
2534 800
1032 441
2149 2277
2535 423
2535 422
2535 723
2535 2536
2537 2191
2537 2538
2539 411
2539 2540
2539 410
2541 2542
2541 975
2541 1771
2541 2543
17 2544
17 2545
17 16
17 429
17 2546
1318 916
2547 2522
2547 633
2547 2548
2547 2549
608 609
1393 1840
1393 162
1393 2175
1393 2302
1393 2550
1393 1841
2551 1322
2551 2552
2551 1149
2049 1202
2553 363
2553 2554
2553 364
2555 1458
1616 1972
1616 185
1616 180
1616 591
1616 443
1616 246
1616 162
1616 426
1616 2550
1616 1393
1616 2556
1616 182
1616 1971
1616 189
1616 1366
1616 186
1616 1688
1616 1350
1616 2001
666 1735
2557 2085
247 1367
2558 1786
2558 1787
2558 2559
2558 404
2560 2561
2562 1677
2563 116
2563 117
2563 2564
548 364
2565 146
2565 2566
2565 145
2565 404
2567 484
2567 2491
2567 2568
2567 250
2373 460
2569 466
2569 2570
2569 105
2571 2572
2571 401
2571 376
1510 1025
2573 2574
2573 183
2575 2576
2575 1581
2575 2577
2578 2579
2578 2580
2581 760
575 394
2582 357
2582 2583
2582 441
2584 1440
2585 897
2585 2084
2586 57
2586 1487
2586 2587
2588 2496
2589 432
2589 2590
2589 431
2591 372
2592 2593
2592 544
655 34
655 656
2594 2595
2296 180
1507 2596
1507 2597
1507 1660
1507 2598
1507 2599
2600 52
2601 2602
2601 1939
2603 1166
2603 2604
2603 149
2605 1853
2606 1581
2606 2607
2606 2577
2608 35
2609 1166
2610 2611
2610 2119
2610 1372
2612 137
2613 2614
2613 1425
2613 1428
2615 786
2615 1341
2615 2616
796 795
2466 2617
2618 461
1926 811
1926 773
1926 717
1926 813
1926 83
2389 753
2619 1303
1207 1206
2620 1083
1646 656
2621 1425
2621 2622
2623 2624
2623 1827
2623 1771
2623 1828
2625 171
2625 2626
2625 173
1246 1695
2627 1509
2628 741
2628 742
2628 749
850 1452
2629 616
2630 2631
2630 367
2630 433
2632 609
2632 820
2632 2192
2633 1065
2633 2634
2633 1067
2633 2236
2635 1426
2636 2637
2636 2638
2636 239
2639 2640
2639 1526
2639 2641
2639 2642
835 390
2643 2644
2643 753
256 28
2645 1677
2646 2647
2646 822
2648 2649
2648 532
2648 1958
2648 2650
1200 1199
2651 1990
2651 1305
2651 2476
2652 2653
2540 411
2654 1413
2655 1029
2655 2656
2655 2657
2655 1030
2658 2111
2659 392
2660 598
2660 491
2660 64
2661 1011
2661 1012
2661 1010
2661 69
39 570
2662 2663
2662 1688
2662 1350
2664 2665
2666 817
2667 2668
2667 1071
2667 2051
2667 2669
2670 2671
2670 1812
2670 1092
2672 458
2672 902
2672 2673
2674 749
2674 2675
2674 2676
2677 1292
2677 2678
2679 2680
2679 139
2679 117
2681 326
2681 2057
2681 2138
2681 327
2682 140
2682 2683
2684 129
2684 2685
2686 797
1269 1270
1269 2687
1269 2688
2689 2542
2689 1771
2690 1823
2691 1274
2692 1321
2692 1322
2692 1516
2344 2342
2693 2694
2693 2695
2693 2696
2693 776
2236 30
2055 175
2055 653
2055 2529
2055 956
2697 1261
2697 292
771 770
1550 866
1550 1549
1550 867
1550 2381
1550 2286
1550 386
2698 2699
2698 298
2698 2700
2698 2701
259 258
297 298
297 346
1276 2702
2703 1999
2703 2704
1703 2450
1703 137
2705 139
2705 117
2705 2706
2707 501
2707 2708
2707 502
2709 729
2710 1375
2711 550
2711 995
2711 2712
2711 490
2711 551
2713 807
2713 343
2714 2277
2714 681
2714 2715
659 309
511 512
586 2262
586 2716
586 2717
586 584
586 1175
586 460
586 2261
586 2718
586 2719
586 2720
1383 1335
1053 1227
1461 620
1461 2721
1461 2722
1461 2723
1461 2724
1461 617
2725 2726
2725 1054
2725 1287
2725 1656
2725 1506
2725 2438
2725 816
2725 2727
2725 2440
2725 394
2725 2728
2725 1662
2725 2729
2725 392
2725 1655
2725 2730
2725 1660
2725 66
2725 817
2725 594
2725 2731
2725 391
2725 2732
2725 1141
2725 2733
2734 221
2734 943
2734 1845
2735 983
2735 780
2735 2736
2737 482
2737 2738
2737 2739
2740 2741
2740 1372
2740 1593
2740 130
2742 116
2742 948
2742 2743
2744 1187
2744 2745
1605 1607
1605 2746
1605 2747
1605 2748
2685 129
2685 691
2749 894
2749 1351
2749 772
2750 2751
2750 1353
2750 2752
2753 804
2753 1406
2753 2754
1855 1749
2755 708
2631 1493
2631 1490
2631 604
2631 367
2631 1492
2631 433
2756 2046
2757 2758
2759 2308
2759 633
433 432
2760 794
2760 2721
2760 1805
1332 729
779 984
779 983
779 780
779 781
2761 222
2761 2762
2761 223
2763 2764
2763 2765
2763 2766
2763 2767
2763 2768
983 984
940 2769
940 2652
940 2653
2770 1775
2770 2771
2770 1421
264 1250
2772 2773
2772 511
2774 171
2774 2775
2774 2776
2774 2777
2778 178
2779 1838
2780 2438
2781 2782
2781 2053
2783 1316
2783 2784
2783 483
1920 1092
2739 482
2785 1458
2786 1837
2732 2727
839 2232
839 1067
2787 1109
2787 2276
2726 2098
2788 1094
2789 116
2789 1444
2789 948
2790 1410
2790 1098
2790 2791
2792 1651
2792 2793
2794 2795
316 2496
1666 37
1666 941
2380 2796
2797 2798
2799 8
2800 717
2801 2097
2801 689
2801 2802
2801 2096
2265 2267
1415 1062
2803 1637
2803 2804
2803 1638
2803 1635
2805 1181
2806 430
2807 1169
2807 2808
2776 171
2776 1806
2776 2777
2776 545
2809 673
2809 751
2810 1305
290 291
2811 2812
2813 136
2813 137
2813 2814
944 943
2815 101
2816 1975
1580 189
2817 232
2384 1492
2818 1582
1981 114
2819 1959
2819 1583
2819 2820
2821 436
2821 437
2822 807
2823 516
2824 2161
2824 532
2825 24
2825 2826
2825 438
2827 2828
2827 1353
2827 2750
2827 2752
2829 766
2829 2830
2829 1427
2831 2832
2831 2833
2831 70
1477 501
2834 2835
2836 482
2836 2837
2836 571
1813 1812
2838 2839
2838 2119
2838 2840
2841 2408
2841 2368
2841 1427
2842 1052
2842 1053
2842 2843
2842 2844
2845 2721
2846 2847
2848 2401
2848 2849
2850 2851
2850 1516
1909 635
2852 2853
2852 469
2852 470
2854 548
2855 1329
2856 1976
2856 1227
2856 404
2269 638
2857 2617
2857 2858
2859 2860
2859 335
2861 713
2862 825
2862 826
2862 2863
2862 2864
2862 968
2865 652
2865 175
2866 473
1780 751
2867 2504
2867 2868
2867 2869
2867 2870
1309 1310
880 1727
975 2542
2602 1077
2602 1939
2649 2871
2649 1958
2649 2650
2872 1446
1754 1004
1754 1757
1754 1962
1754 1303
1754 1756
2873 2874
2873 364
2873 404
2875 13
2875 12
2875 10
2875 1534
2876 78
2876 160
2876 1599
2877 2878
2877 2879
2877 732
2877 2880
22 21
1147 2881
2882 2252
2883 1131
2883 2884
2885 2222
2885 1181
2885 2886
2887 673
2887 2809
2888 899
2888 1418
2888 1230
2440 2733
2889 2450
2890 786
2890 201
2890 2891
536 894
536 78
536 1227
536 275
536 2111
536 772
536 405
536 145
536 146
536 404
139 140
139 142
1742 2892
2893 2411
2893 469
2893 2894
2895 1233
2895 1388
2896 2897
2896 2898
2896 243
1094 1002
1738 268
2899 1183
2899 2900
2901 653
2902 2903
2904 2905
2906 1425
2906 2907
2906 1427
2908 39
1330 2126
2909 2910
222 223
222 35
2911 2912
2911 2654
2911 1413
304 1297
304 728
875 766
2335 2763
2335 2766
2335 601
2335 2913
817 2726
817 2099
817 1660
817 1662
817 2914
817 2098
2915 226
2915 351
2915 2916
2917 533
1182 1643
1182 1183
2918 216
2918 950
2918 2919
2920 2921
2922 1215
2922 1137
2922 1141
2922 1217
648 649
2071 1779
315 316
2923 2924
2923 1501
2925 702
2926 306
2926 307
2927 2310
1503 79
2724 2928
2929 2930
2002 1999
2931 2932
2931 2933
2934 2935
298 346
298 1014
298 111
2936 1203
2937 2300
2937 125
2937 126
289 291
2604 149
2938 880
1209 723
1637 2939
1637 1608
1637 451
1637 2940
2941 2942
2941 2943
2944 1498
2944 1799
2944 2945
2812 1987
2812 1578
2812 2946
2812 1988
2812 2947
2812 2948
2949 2950
760 1804
2951 516
2951 517
2951 57
2951 58
2952 1650
2952 1509
681 2277
681 975
681 2149
2953 281
2954 2864
2954 869
2954 870
2955 478
15 16
194 1769
2956 460
2956 1027
2956 2957
2958 1572
2958 2959
2945 1799
456 1619
456 447
456 2960
456 448
456 768
456 452
2961 557
2961 540
2961 2962
2961 2443
2963 628
2964 291
2965 1806
2966 1867
2966 2562
2966 1677
2967 344
2968 1507
2969 2121
2969 2970
2971 2972
2973 802
2973 1322
2973 1149
2973 2974
2973 344
727 726
2975 1448
2976 1248
2977 1229
2977 882
2977 800
2978 2979
2980 2981
1096 483
2982 503
2982 2983
2637 239
367 366
367 433
367 50
367 432
2984 50
2985 69
2986 1372
2986 2810
2986 1305
1528 1525
551 550
436 24
436 437
436 438
2718 2717
2987 350
2987 352
2987 2988
2987 348
2989 797
2989 746
2990 2094
2990 2991
2992 825
2992 2993
2992 826
2833 70
2833 1280
2833 76
2833 504
2505 2504
2505 386
1715 306
1715 2994
2995 895
2996 894
2996 64
2997 1644
2998 394
2998 2057
2998 2999
1429 1324
3000 1971
3001 3002
1934 1930
1934 773
1141 3003
1141 2438
1141 816
1141 3004
1141 2439
1141 1217
3005 2864
3005 3006
3007 3008
3007 463
3009 183
3009 184
3009 3010
3011 2984
3011 50
3011 367
447 448
3012 3013
3012 3014
3015 877
3016 1320
3016 929
3016 3017
1837 1738
1837 1838
3018 623
2680 139
3019 713
3020 1516
3021 1534
3021 1943
3021 149
3022 8
1749 699
2289 221
3023 3024
3023 3025
3023 3026
3023 1855
1185 3027
736 3013
736 3028
736 2665
736 1918
736 2664
736 3014
3029 670
3030 536
3030 2144
3030 145
3031 460
3031 1188
3032 2542
3032 975
3032 974
2104 2103
3033 1688
715 1703
715 2450
3034 3035
3034 1109
3034 975
2366 423
1232 1233
3036 1213
3036 1621
3036 1214
3037 306
3037 1077
3037 1076
3038 2119
3038 1487
3038 3039
2764 2765
3040 3041
3042 201
3042 3043
3044 1799
3044 807
3044 3045
3046 3047
3048 1349
3048 490
148 1303
148 149
3049 1509
3049 1025
3049 3050
2476 1990
2476 1305
2476 1016
2476 2477
1990 760
2835 971
3051 1684
3051 3052
3051 3053
3054 463
3054 3055
3054 335
2663 1350
3056 24
2004 1959
2004 532
3057 1879
3058 651
3058 240
3058 243
3059 156
2521 2149
1387 101
1387 1732
3060 3061
3062 910
3014 3063
3064 372
3064 2591
3064 250
3065 2202
3065 1410
3065 3066
3067 418
3067 1939
3067 3068
3069 3070
3071 1196
3071 1197
3071 2335
3072 2544
3072 16
3072 3073
3074 3075
3074 1621
3074 1971
3074 1688
3076 1
3076 3077
3078 3079
3039 2119
3080 43
3080 1012
3080 3081
3082 912
3082 528
3082 430
3082 431
3083 3084
3085 216
3085 262
3085 3086
3087 1859
3087 802
753 1837
3088 3089
3090 1581
3090 1584
3090 2409
3091 279
3092 3093
3092 104
3092 105
3094 3095
3094 2342
3094 485
3096 983
3097 251
3098 3099
3100 571
321 214
3101 3102
3101 1646
3101 656
2450 137
2052 2053
3103 2291
3103 2292
3103 3104
2518 1403
3105 1572
3105 1571
3105 1129
3106 1310
1303 216
3107 1032
3107 3108
3107 1516
3109 357
3109 3110
3109 359
3111 221
3111 3112
3113 3114
3113 3115
921 918
3116 595
3117 939
3118 100
3118 101
3118 1521
3119 649
3120 1229
3121 199
3121 3122
3121 1590
123 72
123 2162
123 124
123 2935
123 3123
3124 679
2211 2209
3125 3126
3125 1895
3127 2214
3127 3128
3129 392
3129 3130
3131 533
3131 1582
3131 521
3131 3132
3131 532
3131 3133
3134 456
3134 452
3134 1244
3135 717
2258 1572
3136 1874
3136 3137
119 3138
3139 1180
351 228
351 3140
351 226
351 3141
3142 3143
3142 512
3142 877
3144 670
3144 2605
1907 364
2864 870
3145 258
3145 3146
3147 1837
3148 707
3148 708
3148 2141
3149 839
3149 1551
3149 1083
3150 763
3150 1687
3150 445
3151 171
3152 3153
3152 506
3152 336
3152 337
1869 546
3154 279
3154 3091
3154 1858
2461 323
2461 1953
3155 107
3155 3156
1273 1274
3157 449
3158 3159
3158 2090
3160 971
3161 1658
166 167
3162 640
1953 691
1953 323
1953 689
1123 1125
3025 1855
3163 1190
3163 2360
3164 2413
3165 794
3165 285
3166 1498
3166 1797
3166 1798
3167 1175
3167 460
3168 3169
3168 17
3168 1400
3168 1739
3170 3171
3170 2005
3172 3173
3172 3174
3172 3175
3172 39
3176 3177
3178 1823
3178 2690
3178 1217
2039 20
510 512
3179 928
3179 1320
3180 3181
3182 1428
1662 2726
3183 3184
3183 870
3185 2286
3186 346
3186 1632
3187 1712
2468 111
1857 279
3188 1975
3189 1180
1922 407
1922 2867
1922 2504
1922 2868
1922 406
508 3190
508 1319
3191 3192
3191 287
1931 206
1931 207
1931 204
3193 673
3194 1823
3194 3195
3196 154
3197 380
3197 2659
3197 392
865 527
865 3198
865 3199
865 3200
865 3201
3202 281
3202 2953
3202 1403
3203 1041
3204 2322
3204 920
3204 2667
3204 3205
1561 1550
3206 3207
3206 1756
3206 1004
3208 3209
3208 421
3210 103
3210 104
3211 1372
3212 3213
3212 392
3214 742
3214 3215
3214 1953
3216 797
3173 570
3173 3175
3173 511
3173 39
1663 1661
3217 3218
3217 276
3219 49
3219 872
3219 3220
2596 2598
3221 2190
3222 276
3222 3217
3223 564
3223 209
3223 135
3223 134
3224 1229
3225 3226
3227 2184
3228 3229
3228 967
3228 968
3230 972
3230 1
3230 1594
3230 3231
3232 3233
3232 3234
3235 3236
3235 3237
3235 1156
3238 897
3238 2585
3239 516
3239 1593
3239 3240
243 1132
243 3241
243 3083
243 1133
243 890
243 1135
243 3242
243 2897
243 3243
243 891
243 3244
243 3245
243 1140
243 887
3246 420
3246 421
3246 2086
1816 1814
3247 3248
3247 1644
3247 1102
3249 78
3249 1028
3249 111
46 43
46 2316
46 45
2321 189
2321 162
3250 1383
3250 3251
3252 3253
3254 967
3254 3255
3256 330
3257 1605
3257 1578
3257 3258
1119 3259
1119 848
1119 1120
1119 1985
1119 2422
1119 1122
1119 2015
238 234
3260 1501
816 2596
816 1825
816 2914
816 1506
816 3261
816 2440
816 2560
816 1660
816 3262
816 817
816 3263
816 2598
816 1507
816 2733
1353 1243
1353 34
1353 35
1353 1355
1067 1065
3264 1867
3264 1030
981 1220
981 777
981 1297
981 466
981 460
981 304
981 137
3265 34
3265 1243
3265 419
3266 3267
3266 981
3266 1220
3268 1966
3268 3269
3268 896
3270 1407
3270 2920
3270 2798
233 606
3271 2391
2775 171
3272 1585
3272 3273
3272 1586
559 713
2330 3139
2330 1180
3274 76
3274 74
3275 3276
1167 1166
1137 1130
1137 3003
1137 3277
1137 1217
1137 3278
1137 1141
3226 1085
3226 173
3279 1586
3280 3226
3280 3281
2704 3282
2704 1999
3283 2272
3283 2938
3283 3284
3283 880
3285 1053
3285 79
3285 3286
3287 49
1289 2617
1289 2203
1289 3288
1289 1288
3289 633
3290 3291
3259 2214
3259 2016
3259 2080
3259 1985
3259 2213
3259 818
3259 819
3259 1986
3259 2015
3292 695
3293 3294
3295 648
3295 3296
3297 405
3298 1959
3298 532
3298 1958
3298 2648
3299 2917
3299 1582
3299 533
3300 167
2338 2337
2515 877
3301 3302
3301 2140
3301 677
820 672
820 270
820 673
2688 3303
3304 3305
1183 1643
1183 899
1199 2367
1199 485
1199 1541
1199 3306
1199 489
3307 79
3307 801
3307 2843
3308 2190
3308 3309
3308 2191
3308 3310
2700 297
2700 298
2700 2701
2700 346
3311 3182
3311 1426
3311 1428
3312 1002
3313 1616
3313 185
2820 1959
386 1195
386 2381
386 2286
386 2382
386 387
1485 691
2979 139
3314 907
3314 948
3314 2078
3315 830
3315 683
3315 828
3315 685
3316 3317
3201 3200
3318 1353
3318 2387
3318 1243
3319 653
3319 129
3319 2901
1840 1841
3320 521
3320 743
3320 532
3320 3321
329 810
329 330
3322 907
3322 956
3322 2147
1928 1933
1928 773
3323 2878
3323 3324
3323 732
3325 673
3325 1648
3325 672
3326 1283
3326 2457
3327 941
1338 3328
2919 950
2919 3329
2919 216
2919 1166
2919 149
111 1014
3330 1014
3330 3331
3330 298
3332 3333
3332 1459
2398 2526
2398 1176
2398 2525
3334 3335
3334 208
3334 134
366 432
1996 314
1996 1658
3336 1703
3336 137
3336 2612
3337 268
965 628
3338 199
3338 3256
3338 330
3339 1077
3339 2173
3339 1939
3340 1011
3340 1010
3340 3341
2607 1581
1629 473
3342 1014
3342 1013
3342 800
3343 1034
3344 681
3344 126
525 766
3345 1289
3345 2617
3345 3346
3347 1983
3347 3348
3349 1227
3350 3351
3350 2090
3352 3353
3352 2001
3352 2322
3354 1429
3068 418
3355 418
3355 2121
3355 3356
3357 1517
3357 1060
3357 1750
3357 158
3008 1863
481 482
562 561
1041 905
1041 151
3358 536
3358 1227
605 3359
2574 2103
2574 183
3360 3361
3360 820
3360 672
3362 1012
3362 69
3362 2661
1844 1843
1844 723
1844 69
3363 1421
3364 450
3365 2879
3365 3366
3367 343
3367 1617
3367 3368
3110 357
3369 1782
1519 1297
3309 2190
3370 1522
2492 3371
1121 1124
3372 3177
3372 3373
3374 1714
3375 260
3376 471
3376 473
3376 2866
564 134
564 209
3377 1459
3378 2305
3378 3379
3378 640
3378 2313
3380 451
3 354
3381 2107
3381 3382
3381 88
1439 1335
3383 3384
3383 256
3383 30
724 2046
724 723
3385 2094
3385 539
3385 1357
3385 3386
3387 1094
3387 1002
3387 3388
3389 3390
3389 216
3389 1303
3389 149
1228 742
1228 800
1228 221
1228 820
1228 129
1228 154
1228 1555
1228 723
3391 2111
124 122
124 2934
124 3392
124 3393
124 2935
1584 1582
3394 689
3394 323
3394 2096
3394 1953
1495 899
3395 3396
3395 978
3395 979
600 227
3397 58
598 1966
472 1271
3398 276
3398 3291
3398 3399
3400 3401
3400 91
3400 359
2504 924
2504 1195
2504 2286
2504 386
2504 387
2504 2869
2504 3402
2504 3403
2504 1616
2504 3404
2504 2287
2504 2282
2504 2283
2504 925
2504 1808
2246 236
3405 2190
3405 3221
3405 2191
3406 3407
3408 2277
3408 681
3408 3409
3410 3411
3410 350
3410 2429
3412 289
3412 634
3412 635
3413 768
3413 448
3414 1349
3414 3048
3415 2371
3415 3416
630 627
1514 1385
1514 1384
1514 1515
3417 3418
3419 2391
3419 3271
3419 916
2393 609
2393 270
3420 521
3420 743
3420 3421
3411 2429
3422 887
3422 3423
3422 1133
3424 3203
3424 1041
3424 1043
3047 226
3425 797
3425 794
3425 3216
1450 72
2319 2721
2319 3426
2319 1461
2319 617
3427 1650
3427 1712
3427 1649
3428 943
3428 34
3428 3429
3428 656
3430 3116
3431 936
3431 1482
3431 937
3431 935
3432 786
3073 2544
3433 1253
3433 2463
3434 221
3434 35
3434 220
3435 3225
3435 3226
3435 1085
3436 2806
3436 528
3436 529
3436 430
3437 2149
3438 2867
3439 1804
3439 1803
3439 760
3440 1712
3440 3441
3440 3442
3440 1895
2914 3261
3443 1232
3443 1769
3444 78
3444 1539
3444 1228
3445 1065
3445 3446
3445 441
3269 1966
1381 636
3447 700
3448 338
1506 3449
1506 1660
1506 2598
1506 3450
1506 2732
1506 1507
3451 1269
3452 1233
1427 2408
1427 766
3453 1516
3454 3455
3454 59
3454 60
3456 1918
3456 3457
1060 1274
3458 1113
3458 561
3458 3459
3460 383
3460 1131
3460 3461
3462 2051
3463 2272
3464 829
3465 3466
3465 3467
3465 1254
3465 1034
3468 3469
3468 1666
3470 2579
282 281
282 1848
282 910
344 343
3471 3472
3473 1874
3474 1228
3475 963
3475 285
3475 747
3476 772
3476 3477
3476 894
3476 64
3478 1507
3478 816
3479 91
853 1454
3480 894
3481 194
3481 1769
3481 3482
3483 3484
3483 723
3483 1010
3485 1203
3485 1339
3485 1202
3486 3442
3487 1935
3487 453
1234 1233
1671 194
3488 417
3488 418
3488 1939
3489 3490
3489 3169
3489 1739
3489 3491
497 498
822 756
1458 1459
1458 2371
3492 185
3492 189
3492 1942
3493 1476
3493 1879
3493 501
3493 503
650 649
3494 171
3494 3151
3494 1806
3288 1288
3495 3496
3497 1851
3497 2300
3497 126
3498 3499
2451 1220
3500 981
3500 3501
3502 92
3503 501
3503 3504
3503 502
2417 572
3505 1316
3505 1410
3505 3506
3505 1098
3507 732
3507 666
3507 3508
105 104
3509 3139
3509 1180
3509 3189
1132 1140
3510 3511
3510 243
3510 1135
3512 521
3513 707
3513 3514
1287 1286
54 52
3515 2411
3515 82
3515 2339
3516 887
245 1901
2720 3517
3518 216
3518 1303
3518 1915
3095 485
3519 3520
3519 193
3519 194
3521 2010
3521 1441
3522 3523
3522 3506
3522 1098
3522 1540
3524 441
3525 3526
3527 616
3527 1716
3527 3528
826 825
989 1375
3529 673
3529 3530
3529 742
3529 672
3531 928
3531 3532
3531 502
3533 3534
3533 1555
3533 1646
3535 3536
3537 1060
3537 1274
3537 2691
3538 3539
3538 1027
3538 776
3540 1458
3540 392
3540 2785
3541 90
3541 89
2224 1316
2224 1410
933 3542
3543 3544
799 1014
799 800
3545 3015
3545 512
3545 877
3546 1822
3547 3548
2538 3308
2538 2191
2538 3310
2900 1183
2900 1181
3548 1197
338 336
338 335
3549 2257
3550 677
3550 3551
762 765
3552 490
3553 3070
3553 3554
3555 2768
3556 271
3556 3557
3558 681
3558 3344
3559 1228
1658 314
909 910
396 2933
396 392
3560 3561
3560 1032
3560 1034
228 230
3562 797
3562 864
3562 865
3563 3173
3563 570
3563 511
1127 64
3564 1955
3564 53
3564 51
3564 52
3564 154
3565 307
2762 222
3566 521
3566 1582
3566 3131
2669 2668
3567 1182
3567 3568
3567 1643
3569 3570
3569 449
3569 3157
3569 3571
3572 746
3572 1640
3572 1739
2983 1879
2983 503
1433 2103
3573 3574
3575 2316
3575 3576
3577 547
3577 2554
3577 3578
3577 548
3579 314
3579 316
3579 3580
3581 951
3581 72
893 3582
893 1738
893 268
893 269
3583 2755
3583 554
3583 708
349 2355
349 3584
349 3585
349 72
349 351
349 3140
3586 604
3587 773
3587 83
3587 3588
2249 2057
2249 2138
2249 2139
1426 766
3589 700
3589 2401
3589 3590
1120 848
279 1858
3591 3592
3593 2411
3593 3594
3593 3595
3596 2594
3596 211
3597 460
3597 1027
3597 1784
3598 967
3598 3599
3598 483
1100 1260
1100 1102
3600 3601
3600 772
3602 3603
3604 1960
3605 1252
3605 3343
3605 1034
3606 2716
3606 584
3606 3607
3606 586
3606 3608
3606 2718
3606 1674
1216 1141
1252 1034
1252 1253
3609 13
3609 3610
3609 1337
1681 19
1681 20
1681 18
3262 3263
3262 2733
797 3201
797 2544
797 3611
797 746
797 17
797 2447
797 3612
797 1739
797 865
797 1279
797 164
797 3613
797 3614
797 747
797 163
2411 82
2411 469
2411 83
3615 673
3615 3616
3615 1676
3617 436
3617 1092
3617 1391
3618 263
3618 3619
3618 2292
3618 2412
3620 2001
3240 1593
3621 3277
82 83
1171 928
1171 1100
1171 502
1171 1319
1171 702
1171 508
1171 929
3622 2963
3623 780
3623 3624
3623 1335
1403 1658
395 393
3625 145
3626 3586
3626 604
3626 1492
3627 1959
3627 2278
3627 1958
2139 736
2139 1830
2139 1829
2139 2664
3628 3448
3628 723
3628 338
3629 2351
3630 2726
3630 2098
3461 1131
126 679
126 681
3631 2042
1457 1459
281 1403
3632 2272
3633 2166
3633 989
3634 1260
3634 3635
3634 1100
2543 2025
2543 975
2543 1771
2543 2023
1159 1162
102 100
3636 713
3636 710
698 3637
2694 777
2694 1027
2694 2695
2694 776
2694 1290
2163 72
2671 343
2671 2230
2671 2035
2671 1812
2671 1092
3638 971
3638 3292
3638 695
3639 717
3639 2418
3640 37
3640 3641
3640 1666
2626 173
3574 2191
903 457
162 2175
162 3275
162 3276
3642 639
3642 1716
3642 3643
3644 3645
3646 2438
3646 2780
3646 1141
3647 2173
3647 2174
3647 3648
3647 1858
1914 43
3649 1250
2898 2897
3650 580
3650 3606
3650 584
3650 3607
3650 844
3650 586
3650 845
3650 3543
3650 3651
3650 1674
3650 3544
3650 120
95 1940
95 73
95 72
95 70
95 97
95 98
60 3652
60 3653
60 3654
60 3655
60 662
60 3656
3657 2398
2483 316
3658 1054
3659 2153
3659 1749
3659 800
3660 2431
3661 2086
2453 1319
1328 1327
3576 167
3576 2316
768 2960
3662 1660
3663 3664
3663 3089
418 2121
3665 1114
3665 561
3665 3666
3667 3668
3667 1062
3667 193
69 1012
69 422
69 1010
69 561
3669 2542
3670 1555
3671 404
153 1955
153 154
3672 3673
3672 2111
3672 648
3672 894
3672 1960
157 26
372 250
3674 3675
3674 344
3674 1092
897 895
3676 1395
3676 3677
3678 2046
3679 816
3679 3478
2116 306
3680 3637
3680 3681
3682 394
3682 382
3683 3525
3683 979
3684 3370
3685 3686
3685 3635
3685 3687
3685 1102
3688 443
3688 2160
3689 3690
3689 463
3691 1282
3691 2925
3691 702
3691 1916
3692 3693
3692 1798
3694 1294
3694 1426
3694 2635
2830 1427
3687 1102
3695 2262
3695 1764
3695 3517
3695 3536
3695 3180
3695 586
3695 3535
3695 2720
1924 3696
3267 981
3697 24
3697 438
3697 3698
3699 1789
3699 3233
3699 3700
3701 3702
3701 2450
3701 715
3703 50
3703 1043
1428 1426
1428 2614
3704 3705
3704 1975
3706 1413
3707 1867
3707 3264
387 384
3409 2277
3708 116
3708 3709
3708 3710
1006 937
3711 3712
3711 872
3711 3089
1066 1067
3713 994
3713 1414
3713 3714
3713 3715
2421 1782
2771 1421
3026 1855
3026 699
3026 1749
3026 3024
3716 3453
3716 88
3716 1516
133 134
3717 956
2024 975
1455 1453
3718 994
3718 950
3718 949
3719 536
3719 2111
3719 3391
2549 2548
2549 633
2549 810
3720 972
3721 822
3722 8
3722 3723
3722 1501
3722 9
3724 1330
3725 929
3726 3727
3726 571
3477 772
3477 3728
3477 64
3729 1735
3730 3669
3730 679
3730 2542
3731 1827
3731 1109
3731 1274
3731 1771
3653 3654
2544 2379
2544 3614
2544 2796
2544 427
2544 16
2544 2380
3732 3733
3732 1459
3734 896
3356 2121
3735 912
3736 743
3736 960
3736 3737
3738 2046
3738 12
3738 2756
3739 209
3739 1955
3739 3740
2323 2324
3741 191
3741 1549
3741 1547
3742 382
1806 545
937 3743
937 3744
937 382
937 3745
937 936
3746 534
3746 240
3746 239
3747 372
3747 371
3747 250
849 856
3002 193
3748 3749
3748 3750
3748 896
3748 3751
3752 37
3752 3327
3752 941
3530 673
3530 742
3530 3753
3754 2879
3755 349
3755 592
3755 72
3756 700
3757 1812
3758 3759
3758 21
1297 728
1297 717
1297 460
1297 623
2696 776
3760 3761
3760 287
3760 1250
3762 3198
3762 865
3762 2642
1258 270
1258 1256
1258 820
2035 2230
2035 1812
431 432
3174 39
3763 2008
3763 3764
3765 3766
3765 604
3570 449
3570 446
3570 3571
3767 1319
3767 3768
3767 1171
3767 508
3769 2667
3769 3204
3769 2322
3770 1156
3771 279
3771 2403
3772 307
3772 3773
3772 640
1151 196
1151 3774
1151 891
1151 197
917 919
570 511
3045 807
3775 1252
3775 3776
3775 1230
3777 736
3777 3778
3777 2139
3779 3291
3779 3399
3779 3290
3779 3398
3780 679
3780 680
3780 3124
3780 678
3781 544
3781 876
3781 410
2869 925
805 804
805 495
805 3782
805 494
3783 3784
2624 1771
3785 432
3785 604
3785 1103
457 187
457 185
457 884
457 883
3786 3611
3786 164
96 94
1866 1720
2880 2879
656 1735
656 34
656 943
656 222
656 35
3787 3472
3787 3788
2082 756
3789 536
3789 1227
3789 1786
3790 466
3790 2450
1395 2238
1395 1202
3603 839
3791 2202
3791 1410
3791 3792
704 1283
704 702
2939 2940
3793 2337
3793 2007
3794 306
3794 2994
3794 3795
3794 1715
3796 477
3198 2264
3198 527
3198 526
3198 2086
3284 1727
3284 2272
3284 880
3797 1425
3797 3354
3797 1429
2188 2189
3798 3160
3798 971
3798 970
2229 2035
1229 160
3799 1184
3799 2045
3799 3800
2481 3801
3601 1966
3601 772
3802 1962
3802 1004
3803 3725
3803 929
3803 930
3804 2398
3805 742
3805 2043
1538 800
3806 3205
3806 3204
3806 1235
3806 920
273 178
2721 794
2721 796
2721 2724
2721 2928
3807 1769
2364 983
1794 1096
2598 3449
3808 521
3808 1530
3808 1958
1918 3063
1918 3014
1918 3809
2715 2277
3810 1555
3810 3811
3810 1554
3810 1556
3812 2894
3812 82
3812 3813
3812 1240
3616 673
3814 3815
1217 3621
1217 3277
1217 1823
1217 2493
3816 1453
3816 369
3028 3013
628 900
628 327
628 2489
628 2060
628 631
1152 1151
1152 3817
1152 1720
1152 2903
1152 3818
1152 887
1152 891
1152 197
3819 3820
3819 1954
3819 154
3248 1644
3821 3822
3821 201
3821 203
454 3823
1810 1809
1000 3824
3825 2207
3826 1433
3827 1703
3827 2499
3827 178
3828 354
843 495
2728 2730
3829 3830
3831 3832
1300 997
3833 3834
3833 3835
3833 3836
3833 1584
3335 208
3837 3838
3837 1407
3839 1137
2130 2943
1166 950
1166 3329
1937 1938
2322 2668
2322 3499
2322 2323
2322 3498
2322 2667
3153 336
3143 2515
3143 877
3840 2410
3840 2411
3840 3594
3291 276
3291 146
3841 536
3841 2111
3841 2658
3842 1303
3842 1756
3842 1302
3843 2955
3843 478
3844 1797
3844 1799
3844 3845
3844 1800
398 618
3846 418
3846 2121
3846 3847
3846 2227
3848 1232
3848 1669
3848 1769
3849 1578
3849 2812
3849 2811
2748 3850
3851 1065
3851 3852
3851 441
3853 3854
3853 404
3855 2282
3855 2437
3855 2286
3856 3857
3856 1092
3856 1089
493 554
2642 865
2642 3198
2642 1526
2642 2640
3858 943
2316 423
3859 271
3859 270
3859 1411
3860 1220
3860 466
3860 2450
3860 1587
3861 3188
3861 2371
3861 1975
3862 2210
3862 2211
2124 912
2124 431
3863 972
3863 3459
3863 3720
3864 1896
3865 3649
3865 264
3865 1250
3866 772
3867 3868
3867 1327
3867 269
1104 366
1104 1105
1104 513
3869 3870
3869 35
3869 1355
1070 211
221 1646
221 943
221 820
221 609
221 222
221 35
221 656
221 1555
1390 1389
1390 3078
1390 1233
1390 3079
3871 1712
574 3040
574 392
574 1565
574 3129
574 3872
574 3130
574 3873
2766 2913
3874 678
3874 679
3874 681
3874 126
101 1426
101 1428
101 1427
101 766
101 1732
101 336
101 1425
101 100
101 1555
3875 2995
3875 897
3875 895
3241 3876
3877 1324
3877 8
3877 2799
3878 1794
3878 3879
3878 3880
3881 1684
3881 525
3881 1682
3882 887
3882 243
3883 1900
3884 928
3884 251
3884 3097
1059 1060
3885 3190
3885 507
3885 508
3886 251
3886 3887
3886 250
3888 512
1187 1186
3093 105
3093 3889
3093 1002
3093 104
3890 1910
3890 3891
3892 689
1260 1261
3893 3018
3893 1297
3893 623
3894 3895
3894 253
3896 3218
3896 3897
3896 3898
1878 501
3899 1794
3899 2480
3899 967
2860 335
2860 338
3900 1902
3900 1129
3900 3709
3901 2902
3901 1529
3901 2903
3901 1152
1498 807
1498 1798
1498 1799
62 960
62 1106
62 743
1262 1261
1042 1041
1160 1162
1160 1808
1160 471
1160 1161
3902 3287
3902 3903
3902 49
3902 2280
567 2579
567 2360
567 3470
88 357
2583 357
2583 3382
2583 3381
2583 1516
2583 441
2583 88
3904 928
455 459
541 539
3905 1971
3905 1621
3905 3074
640 639
640 307
3906 3907
3906 1960
3906 894
3908 648
3908 649
3908 3119
3909 3834
3909 1581
3909 1583
2068 609
3910 2149
3910 2277
3910 1109
3910 2511
2593 1413
2593 544
1089 807
2001 2711
2001 3282
2001 490
2001 996
2001 995
2001 485
2001 2322
2001 2704
2001 489
2001 551
2001 1999
2001 488
2001 3498
3911 916
3912 943
3912 3429
3912 3858
3913 392
1972 1973
3914 3915
3916 1855
3917 3020
3917 88
3917 1516
3918 2312
3918 297
3918 3919
3920 1825
3920 3921
3920 816
3922 363
3922 1441
3922 3923
3924 1027
3924 2694
3924 1290
1825 3925
1825 2560
1825 3784
1825 1826
1825 2561
3926 572
3926 1516
2267 2127
2243 324
3927 753
3927 3928
3929 422
1092 1798
1092 1089
1092 1812
1092 344
1092 438
1092 807
1092 1516
1092 367
1092 1230
1092 343
1092 436
3930 306
3930 1077
3930 3931
3932 1092
3932 3933
3934 3935
2355 2357
3554 3936
3937 3938
3496 1874
3939 1230
3940 3941
3940 1347
3940 466
3940 465
3942 412
2427 994
3943 713
3943 2861
3943 1855
3944 2496
3945 1212
3945 2333
3946 3947
3946 3328
3651 1361
3651 580
3651 1362
3651 583
3651 584
3651 120
3651 588
3651 121
3948 3442
1021 3944
1021 2496
1021 1022
1021 316
3949 140
3949 3950
3951 679
3951 2542
3951 3952
3778 736
1257 820
3953 359
3954 715
810 633
3955 3956
1402 281
3957 2634
3957 1067
3957 2633
3957 3958
3959 78
336 1732
336 1425
336 335
3504 502
3960 3226
618 3961
618 2757
618 621
258 3252
258 260
258 3801
258 2481
3962 2867
3962 1922
3962 3438
2283 2284
2746 2747
3963 3964
3963 2108
3963 2084
2371 1975
1499 1498
1565 392
1565 3965
1565 3966
1565 3129
3967 800
3967 2534
3967 1228
1802 1801
735 214
3968 3969
3970 161
3970 1448
3970 162
3971 1319
3971 508
3971 2390
3972 129
3972 691
3972 3973
3974 3233
3974 3975
3974 3976
3977 2504
1098 1096
1098 1316
1098 483
3978 1582
3978 1584
3978 3979
2743 116
3980 770
3416 2371
3416 1458
3981 3407
3981 41
3981 2372
3981 3982
3981 580
3981 3406
3981 460
3981 587
3981 1977
3981 40
792 700
3983 639
3983 2336
3983 1716
3984 3985
3984 1184
3986 1313
3987 546
1406 2798
1406 3988
1406 1407
1406 1871
1406 2797
3989 3990
3991 3992
3993 3994
3993 386
3993 1550
2886 1181
3995 3996
3995 95
3995 70
1473 208
3997 241
3997 2638
3997 239
3998 3999
3998 877
1756 1303
3258 1578
4000 493
4000 554
4000 1301
731 732
4001 4002
4001 967
74 76
74 72
4003 91
4004 829
4004 1807
4004 3464
4004 828
4005 1486
4005 57
4005 1487
4006 1425
1480 1482
2405 279
2405 2404
2405 726
2405 868
4007 4008
4007 1233
4007 3079
4009 3815
4009 4010
1446 246
1446 976
1446 4011
1446 248
1446 1448
1446 977
3743 3744
691 1372
4012 633
4012 3289
4012 1313
182 468
182 467
182 180
182 591
182 4013
182 1366
3237 1156
4014 653
4015 1616
4015 4016
400 401
400 403
400 1825
400 1826
4017 4018
4017 336
4017 1732
4019 3022
2617 3069
2617 2203
2617 2204
4020 2854
4020 548
4020 364
20 21
2843 801
2843 1227
2843 2844
2843 1053
2843 79
1399 1400
4021 2758
4021 2949
1549 3914
1549 3990
1549 2286
1549 3989
4022 1977
4022 3406
3568 1643
3614 3612
4023 3502
4023 4024
4023 92
4023 96
4025 2075
4025 1773
4025 1206
2988 350
4026 4027
429 428
4028 394
4028 3682
561 3459
4029 2051
3341 1010
4030 1676
4030 1948
4030 4031
4032 66
4033 357
4033 87
4033 88
503 354
4034 312
4034 66
2530 956
1740 1741
4035 2689
4035 1771
665 666
1505 1506
4036 981
4036 303
4036 304
4037 1806
3645 2342
3645 858
3645 4038
3645 485
3645 4039
3645 857
3645 490
3645 1225
4040 699
4040 700
4040 3447
4041 1292
4042 3911
4042 916
4042 920
4043 1230
2362 1509
2362 1716
4044 833
4045 140
4046 2555
4046 1458
4046 392
4047 3552
4047 857
4047 490
4048 3218
4048 3291
4048 4049
4050 756
4051 123
4051 124
4051 4052
2947 4053
3776 1252
4054 2598
4054 3449
2741 1372
2741 130
2741 4055
745 747
4056 3604
4056 1960
4056 3672
4056 3673
4057 2046
4057 2985
4057 69
83 206
83 470
2021 72
4058 2111
4058 648
4058 3672
4059 4060
4059 236
1419 1420
1419 899
4061 4062
4061 1782
3845 1799
4063 1574
4063 3782
4063 494
4063 805
4064 384
4064 387
4065 1658
4065 4066
4065 717
1608 1609
241 2525
241 2136
241 4067
241 2398
993 3397
993 992
993 58
146 275
4068 1707
4068 1706
4068 4069
4070 354
4070 3828
4070 503
732 666
732 2878
4071 1806
4071 545
4071 2776
1481 4072
1004 1962
1004 1303
1004 1756
4073 1643
4074 653
4074 129
4074 4014
4062 3114
3388 1094
4075 286
4075 4076
4075 287
3130 3872
3130 392
4077 1100
4078 1096
4078 4079
4078 571
4080 1592
4080 1372
4081 50
1736 1735
1639 4082
1639 4083
1639 1636
1639 2939
1639 1637
1639 4084
1993 367
3423 1133
4085 4086
4085 2291
4085 643
446 1937
446 452
446 2413
446 3164
3811 1555
1046 679
4087 452
4087 4088
4087 446
4089 3839
4089 66
4089 1137
4090 2231
4090 2232
4090 839
2675 749
342 343
4091 673
4091 749
4091 2676
4092 1250
4093 4094
4093 649
3305 872
3484 723
3141 3140
583 585
1462 1461
2208 392
2208 3913
4095 1292
4096 449
4096 114
4096 446
4096 3570
4097 2119
4097 1372
4097 3211
4098 3709
4099 4100
4099 940
4101 60
1578 4102
1578 3850
1578 1605
1578 2946
1578 2748
2791 1098
4103 4104
4103 2812
1155 772
4105 2779
4105 1837
4105 1838
566 567
4106 3872
4106 3130
4107 227
4107 4108
1888 705
1888 706
1888 708
4109 928
4109 251
4109 4110
3055 463
3832 390
4111 184
229 227
4112 973
4112 972
4112 2432
2566 4113
2566 4114
2566 145
2566 404
1233 3079
3089 2189
3089 872
1720 3817
1720 889
1720 887
1720 4115
2832 2833
4116 1168
4116 26
4117 314
4117 1658
4117 1657
4118 1917
4118 736
4118 1918
4119 604
4119 1492
4119 603
2546 2545
693 470
3508 732
4120 2351
4120 1327
4120 3629
4121 2391
4121 4122
1654 1297
4123 4124
4123 1180
3384 256
4125 643
3751 896
1879 501
1879 503
4126 8
4126 3260
4126 1501
2094 539
4127 1954
4128 4129
4128 430
4128 433
4130 700
4130 4131
4130 2401
4130 4132
441 357
441 1385
441 1065
441 572
4133 2189
4133 3088
4133 3089
2270 638
3321 521
3321 4134
3321 532
4135 3062
4135 1848
4135 910
827 825
4136 4137
4136 184
4136 1180
2264 2266
4138 723
4138 4139
4138 338
381 380
4140 928
912 431
912 430
4141 4142
4141 998
2286 3914
2286 4143
2286 3915
2286 2283
3324 2878
4144 3926
4144 1516
2212 2210
209 1955
209 208
4145 78
4145 4146
4147 2711
4147 3620
4147 2001
4148 1789
4148 4149
4148 1433
3693 1498
3693 1798
2342 486
2342 1226
2342 485
2342 1225
4031 1676
4150 4151
4150 1083
4152 570
4152 39
4152 2908
1227 404
4153 221
4153 2472
4153 1646
4153 656
4154 3161
4154 1658
4154 717
1669 1670
1669 1769
1669 194
1669 1232
2106 742
2106 1676
2106 1677
2106 1948
991 58
482 2738
482 483
1905 1421
4155 376
588 582
4156 536
4156 4157
4156 145
4158 2222
4158 2805
4158 1181
4159 2733
4159 3262
3053 1684
1968 825
1968 1230
3698 438
2472 221
2472 2474
2472 656
4160 981
4160 137
4160 4161
4038 4039
3635 3686
3635 1100
3635 1260
3635 1102
12 2046
12 13
12 69
4066 1658
967 825
967 571
967 1102
967 1644
967 1096
967 483
967 1794
967 1421
967 968
191 866
191 1549
191 3990
191 3317
191 3316
191 1550
2007 2006
4162 594
4162 2725
4162 593
1413 994
1413 544
309 307
3857 1092
4163 1458
4163 392
4163 1459
4163 4164
4163 3031
4163 2026
4163 460
4163 926
4163 3733
4163 66
4163 3732
4163 3332
4163 2725
4163 3333
4165 2046
4165 723
4165 1844
4165 69
2847 2429
3213 391
3213 392
1365 1183
1365 1182
1365 4166
3379 640
4069 1706
4167 743
4167 4168
4167 960
4169 1966
2280 50
2280 3903
2280 49
2280 1043
4170 344
4170 1092
1963 1782
4171 2997
4171 1644
4171 1102
4172 2083
4172 2108
4172 2084
2030 1523
2030 1522
2030 2929
2030 4173
1777 2291
790 625
4174 302
4174 823
2167 1375
2167 989
2167 2168
2167 2710
4175 2267
4175 2127
2059 2058
4176 4177
4178 4095
4178 1292
4178 1290
4179 3479
4179 4003
4179 91
4180 1774
4180 825
4180 1421
4180 1230
2275 309
4181 4182
4181 1327
4181 1699
122 3392
4183 4184
4183 2291
4183 2292
4185 683
4185 2968
4185 1507
4186 24
4186 436
4186 23
2326 191
2326 3316
4187 1054
4188 2763
4189 770
4189 3980
4189 772
4190 160
3931 1077
3709 116
4191 2912
4191 1413
4191 3706
4191 2911
4192 1289
4192 4187
4192 594
4192 1054
500 116
500 117
168 3300
168 167
168 169
4193 193
4193 861
4194 430
4195 1182
4195 4073
4195 1643
4196 414
4197 100
4197 3670
4197 1555
2032 810
1709 1708
1709 1716
3887 250
4198 1393
4198 1615
4198 1616
2512 2149
2512 3437
2512 2513
4129 433
104 989
1325 1324
1325 1429
4199 289
4199 1912
1138 4200
4201 433
4202 410
4202 408
4202 149
4203 1355
4203 1991
2802 689
2415 324
4204 1320
4204 4205
4204 702
4206 436
4207 423
4207 846
4207 2316
4208 4209
4208 723
3610 1337
444 453
4210 3057
4210 4211
4210 1879
4210 4212
4213 1684
1223 1233
2455 12
4214 1043
4214 3703
717 206
717 1658
717 460
717 83
4215 786
4215 1341
4215 4216
3907 894
1220 2450
1220 137
4217 216
4217 411
4217 668
1673 656
2101 1294
2196 322
1020 766
1206 595
1206 1162
1206 3116
1206 1379
1206 1378
1206 3430
997 493
4218 4219
4218 1062
4220 222
4220 35
4220 4221
1453 369
4222 521
4222 983
4222 3096
205 206
4223 216
4223 4224
4223 3390
4223 3389
4225 838
4225 839
4225 1067
2577 1581
4226 713
4226 3019
4226 1855
3446 1065
4227 699
4227 4228
4229 756
4230 1349
4230 1199
4230 4231
2935 3123
4232 1109
2516 877
1945 470
4233 1375
4233 989
4233 4234
2262 460
2262 3535
4235 3160
4235 971
4235 1618
1327 1699
1327 2351
4236 564
4236 1733
4236 4237
4238 897
4238 895
4238 1057
330 1509
330 4239
330 1313
330 1461
330 794
330 2723
330 4240
330 2549
330 1018
330 810
330 797
330 532
330 203
330 201
330 1017
330 633
330 2721
330 1714
330 4241
330 786
330 199
4242 2507
4242 260
4242 494
4243 2763
4243 2767
4243 4244
4243 2335
969 968
3404 4245
4246 1419
4246 899
4246 4247
3992 870
1588 1589
1588 1220
1588 4248
3561 1032
2853 470
1871 3988
4249 66
4249 4032
4249 1133
4250 554
4250 708
4250 4251
262 264
1867 1677
4252 905
4252 151
4252 150
3921 1825
4253 460
4253 926
4254 1203
4255 273
4255 2778
4255 178
4256 1425
4256 4257
4256 1732
2839 2119
3969 30
2903 3818
4258 1509
4258 2952
4259 1093
3490 1739
1624 1622
2089 2090
2916 226
4260 209
4260 4261
4262 3997
4262 241
4262 2134
4262 239
4263 1341
4263 198
4263 199
4264 289
4264 291
4264 2964
4265 378
4265 4266
4267 173
450 444
450 445
450 446
450 449
450 1935
450 452
450 1423
450 453
450 1619
450 763
450 456
450 1936
450 764
450 495
450 762
450 1620
4268 3093
4268 1002
4268 3889
4268 1408
4269 26
830 4044
830 1660
830 833
830 1663
830 1507
4270 216
4270 4271
4270 411
1043 1041
52 1955
4248 1220
4272 673
4272 3530
4272 3193
4272 3753
4273 13
4273 4274
4273 1337
3761 287
4275 4232
4275 1109
4275 975
4276 4277
4276 2103
4276 183
394 2057
394 574
394 2212
394 382
394 2210
394 2932
394 3040
394 392
394 2933
394 1880
394 3041
394 4278
394 380
394 1565
394 396
4279 418
4279 4280
3594 2411
3994 386
4281 4244
4281 2335
4281 4243
4281 2334
4282 1509
4282 309
4282 2627
1398 1745
1398 1400
4283 4284
4283 1441
4283 2090
4018 1732
611 90
611 4285
611 359
4286 3198
4286 2086
4286 3661
4287 1051
604 216
604 1092
604 1004
604 1303
604 438
604 433
604 367
604 1230
604 1492
604 432
4288 1096
4288 4289
4288 1098
2143 763
2143 450
4290 512
4291 1303
4291 3389
4291 149
4292 948
4292 4293
4292 1546
4292 2311
4294 1395
4294 4295
4296 129
4296 1487
4296 4297
4298 241
4298 3657
4298 2398
4299 2935
4299 2934
4300 4301
4300 3291
4300 146
765 761
4302 12
4302 4303
4302 1534
4304 26
4304 4269
4304 157
4305 1409
4306 62
4306 1106
4307 1383
4307 1725
4307 1335
4308 729
4308 2709
4308 728
2699 298
4309 206
4309 717
4309 3135
4310 4311
4310 2879
2359 1190
3043 201
3043 788
4312 1572
4312 4313
1349 1199
1349 4314
1349 490
1349 720
1349 945
1349 485
1349 3306
1349 1922
1349 1616
1349 2504
1349 489
1349 551
1349 1999
1349 2156
1349 1350
1349 2001
1349 2002
266 124
3580 316
2074 458
411 409
411 410
4315 82
4315 83
4315 4316
4317 367
4317 4318
2165 1004
2716 2719
4114 4113
4114 3625
4114 145
4284 2090
4319 4320
4319 2236
4321 1565
4322 2216
4322 2169
1243 34
1606 1605
2570 105
4323 2470
4323 4324
4325 105
4326 4229
4327 1789
4327 4328
4327 1433
4329 1738
4330 221
4330 1520
3215 1953
4331 3954
4331 715
4331 178
4332 1639
4333 742
4333 4334
962 960
4335 1651
4335 1652
4336 3176
4336 291
4337 2818
4337 1582
4337 1584
4338 2619
4338 1303
4338 1756
4339 2272
4339 3284
4340 1252
3539 776
4341 1782
4341 1962
4341 3369
4342 367
3933 1812
3933 1092
4343 3375
2641 1526
4231 1349
4344 4345
4344 643
4008 3079
1407 4346
1407 2921
1407 2798
1407 2920
4347 1754
4347 1962
4347 1004
4348 482
4348 571
4348 3100
943 3429
943 34
943 35
4349 1270
4349 947
3588 773
4350 3592
4350 4351
4352 4353
4354 2429
4354 4287
4354 1051
4355 2506
4355 457
4355 185
4356 4357
4356 2800
4356 1929
4356 717
4358 928
4358 3179
4359 2309
4359 548
4359 2191
2767 3555
2767 2768
2767 232
2767 238
4360 377
4360 719
4360 378
532 64
532 78
532 1583
532 521
532 1958
532 533
532 1582
532 1959
532 1712
532 3442
532 743
4361 35
4361 2608
4361 1355
4362 3051
4362 1684
4362 3052
4362 4213
4363 1651
4364 62
4364 960
4364 1224
4365 1025
4365 4366
4365 1714
4076 287
4367 1354
4367 1352
4367 1243
4367 4368
4369 4082
4370 2272
4370 1016
4370 2271
738 268
488 489
4371 3313
4371 1616
4146 78
4146 1228
953 301
4241 4239
4241 203
4372 618
4373 618
4373 4374
361 98
361 95
361 4375
4376 4377
4376 211
4378 912
4378 430
4378 4194
1600 3120
1600 1229
1600 1601
4379 928
4379 1038
4379 1171
4379 502
4380 3196
4380 1954
4380 154
3346 2617
1636 1001
1636 4082
1636 4369
1636 998
1769 1232
4381 1327
2084 897
2084 896
4382 572
4383 777
3099 232
4384 4385
4384 1310
2226 344
4386 1607
4386 2746
4386 1605
4386 3455
4386 2897
3727 1096
3727 571
3302 677
1310 1094
382 3745
382 1565
382 4387
382 2212
4388 2862
4388 826
4388 2462
4388 2863
2874 364
4389 584
4389 1361
639 307
639 1716
4390 1426
3207 1756
2656 4391
2656 2657
2656 1030
4392 1227
4393 1971
4393 1616
4393 3000
1355 35
4394 1109
4394 4395
4396 742
4396 749
4396 4397
4398 278
4399 2370
4399 3377
4399 4400
4399 1459
4401 1182
4401 4166
4401 1365
4401 4402
4403 376
4403 310
4403 311
4404 2091
4404 1959
4404 1583
4405 4406
4405 545
1270 2687
3666 1114
4407 4408
4407 441
4407 3524
4407 3108
4301 146
4409 2040
4409 4254
4409 1203
4409 2037
2206 4410
2580 2579
2580 4411
43 1012
43 2316
43 423
4412 533
1026 4413
1026 1025
1026 978
1026 1714
4414 269
4414 267
4415 1749
4415 3916
4415 1855
1808 471
1808 3404
1808 4245
1808 1810
1808 475
4416 532
4416 533
4416 1705
343 1798
343 1812
343 2103
343 807
343 1230
343 3368
343 2035
73 75
4402 1182
4417 1009
4417 967
4417 571
4418 2496
4418 4419
4420 285
4420 3165
3624 1335
4421 516
4421 2823
4421 58
4422 3721
4422 822
4422 756
231 229
3401 359
968 825
968 826
968 2864
4423 1166
4423 3329
4423 2609
4424 1441
4425 539
4426 4427
4426 1385
4426 441
4428 450
4429 670
4429 2508
4429 1106
4430 24
4430 435
4430 434
4430 3056
4431 979
3013 3014
4432 3591
4432 729
4433 779
4433 983
4433 984
2871 1958
914 912
4434 1636
4434 998
4434 4435
1370 561
4436 3757
4436 1812
4436 1798
854 855
4328 1789
3396 979
4437 1089
3108 1032
3108 1516
3108 441
3108 4408
4149 1789
4438 2291
4438 4125
4438 643
4439 2134
3306 4314
4440 4441
4440 604
4027 1406
4442 62
4442 1106
4442 959
4443 1085
4443 1084
4443 173
2826 438
4280 418
4280 3846
4280 3847
4444 4170
4444 1092
4445 928
4445 508
4445 4140
4446 4332
4446 285
4446 1639
2897 2446
2897 3876
2897 2746
2897 3455
2897 3241
3017 929
1465 2867
1465 1131
4447 2272
4447 1016
4447 3463
217 216
217 950
3965 3966
4448 595
4448 3116
4449 477
4449 478
4449 1307
4450 366
2564 4451
2564 117
2564 3709
2564 116
4452 79
4452 801
4052 123
2972 372
384 388
2488 1385
3710 3709
4453 700
4453 4454
4455 2877
4455 3754
4455 2879
4455 732
4456 3864
4456 1895
4456 1896
1526 4457
1526 865
1526 3199
1526 1528
4458 2371
4458 2816
4458 1975
3126 3442
3126 1895
4459 473
4459 1269
4459 3451
4460 1319
4460 4461
4460 1283
4397 742
4462 32
4462 2469
2088 441
4463 786
4463 201
4463 2890
4463 788
3294 989
749 751
749 2676
4464 55
4465 4431
2868 2870
4466 3742
4466 937
4466 382
4467 3426
4467 2721
4467 2845
4467 2319
4468 37
4468 1247
4468 39
4469 1688
4469 3075
4469 3033
4469 3074
662 3654
662 4470
662 1751
1634 1114
1634 3724
1634 1330
2473 656
4471 1735
4471 1722
4471 666
1957 822
1957 756
1957 1956
1957 821
4472 940
1312 633
3455 2446
3455 2445
3455 3655
3455 60
851 848
851 854
890 3083
3102 656
4473 1419
4473 1421
4473 3363
1704 1703
1704 178
4474 1253
4474 1874
4474 3473
4475 405
2459 539
4476 673
4476 4477
4476 1676
3641 1666
4247 1419
3084 4478
4479 1960
4479 894
4479 3480
4480 763
4481 1451
285 2379
285 450
285 1637
285 451
285 16
285 794
285 2544
285 3937
285 746
285 17
285 4084
285 1739
285 3938
285 164
285 797
285 532
285 747
285 427
285 163
285 330
285 1639
1770 1769
3675 343
3675 344
3675 1092
3675 3368
4240 810
4240 2549
516 57
516 1593
516 1487
4482 1498
2110 1960
1242 34
4483 4484
4483 1202
550 2712
4395 1109
4395 1274
4485 1874
4485 3227
4486 4487
4486 20
4486 2039
2114 136
1080 1994
1080 604
1080 367
1080 438
4488 43
4488 1012
4488 4489
1570 536
1570 275
4490 1523
4490 1524
3654 4470
2706 139
4491 4492
4491 546
4491 545
3534 1646
4493 306
4493 2926
2066 2065
2066 4494
2066 704
4495 1372
4495 3973
4495 4496
4495 4497
4498 3279
4498 1586
4498 1643
1925 1924
1925 1511
1925 478
1925 2579
1925 3696
1925 1512
1925 567
1925 3843
1925 3470
1925 566
3169 17
3169 1739
3169 3491
2135 2137
1347 777
1347 466
1347 981
1347 3941
4499 1446
4499 246
4499 1445
4500 104
4500 989
4500 988
4501 1559
402 401
3872 3873
2287 3402
2191 548
4502 1565
4502 392
1767 2126
1767 4503
1767 1330
1767 253
4504 2001
4505 422
4505 325
4505 69
4506 717
4506 2519
4506 623
296 298
4507 4098
4507 4451
4507 3709
4507 2564
2907 1425
4289 1096
2159 432
4139 338
4334 742
4334 1677
3800 1184
4508 3756
4509 3888
4509 511
4509 512
4510 1375
4510 4511
3973 691
3973 129
3973 4497
3973 1372
4512 4325
4512 466
4512 105
661 662
4513 1149
4513 344
4513 2967
4514 20
4084 4083
4515 777
4515 4383
4515 776
4516 1872
4516 521
4516 4134
4516 3321
3242 3243
947 1270
4517 1305
4518 351
4518 348
4518 349
2292 262
4519 2713
4519 343
1572 1129
4520 2232
4520 2620
4520 1083
4521 4522
4521 253
368 367
4523 1363
4524 4525
4526 1232
4526 3443
4527 2745
3003 3004
3132 4412
3132 533
3132 3133
4528 100
4528 1555
4528 302
4528 1554
3393 2934
4529 1806
4529 1421
4529 4037
405 275
100 1555
100 302
4530 4531
4530 3089
4532 2763
4532 189
4532 4188
4533 4534
4533 839
4533 1067
1998 1419
2379 2380
1130 3278
4535 1789
4535 4536
4535 3976
924 925
924 3403
4537 1128
4537 1129
4537 3709
4538 836
4538 577
4538 801
4539 227
4539 4540
4541 2436
4541 336
4541 1732
4542 673
4542 4091
4542 749
4542 751
2241 390
4543 521
4543 1958
4543 3512
4544 90
4544 4382
4544 572
4545 436
4545 4206
4545 1092
1631 129
1631 1487
1033 1032
4546 2711
4546 490
4546 4547
4548 699
4548 1749
4548 3026
130 1593
130 4055
4549 363
4549 362
1718 1027
1718 1290
3459 972
4550 1990
4550 2581
4550 760
4551 1214
4552 4553
4552 880
1929 4357
1929 717
2375 101
3919 297
1113 3459
1113 1114
1113 1116
1113 561
4079 1794
4079 571
4079 1096
4079 967
4079 3878
4079 3880
4554 4555
4554 2595
4556 2103
4557 3315
4557 828
4557 830
825 1421
2729 2731
2491 251
2491 2568
2491 250
2491 389
1534 13
1534 12
708 707
4558 1735
4558 3160
4559 3245
4559 1140
206 470
2038 1203
2038 770
2038 2936
4303 12
4560 4561
4560 157
1566 574
4562 4563
1396 1395
2036 2035
1431 156
1952 1953
4477 673
1799 807
4564 777
4564 1772
4564 776
3700 3233
4271 216
3879 1794
2014 656
4565 451
4565 450
4565 4428
2804 1637
4566 1197
4566 2005
4566 2501
4567 1429
2731 2438
2018 1706
427 2379
4568 4569
4568 3079
1643 899
4570 536
4570 3358
4571 1664
4571 3292
4571 695
4572 638
4572 3162
4572 640
4573 910
4573 4574
2215 2214
1544 452
1544 443
4575 598
4576 4187
4576 1054
4576 3658
4088 452
346 160
346 1229
486 487
2443 1324
2443 540
2443 1429
2443 2962
4577 275
4578 456
4578 450
4578 3364
4579 4413
4579 3374
4579 1714
4579 1026
894 772
4580 13
4580 1700
2439 2441
673 749
673 268
673 1676
673 751
4581 3371
4581 2061
4582 1183
4582 898
4582 899
1647 1646
4583 1335
1890 1522
30 28
30 256
4584 3986
4584 1313
4584 203
1532 948
1532 2182
1532 208
1532 2180
1532 154
1532 1954
712 711
712 1982
712 1983
712 713
4585 3226
4585 4586
4587 1941
4587 343
4587 2035
4588 1799
4588 807
4588 2822
4589 4590
4589 1274
4589 1771
2932 2933
2932 4278
3817 4115
4591 4504
4591 1350
4591 2001
1642 1230
1642 3272
1642 3273
1642 1643
1642 1421
1642 1586
4592 1322
2638 239
2894 82
2894 469
2894 3813
2894 2411
2894 83
4593 1322
4593 4592
4593 1516
4594 4595
3737 743
364 363
376 401
376 375
376 3956
376 3955
376 4196
376 414
2201 107
1708 306
1708 4596
1708 4597
1708 616
1708 1716
1965 1966
1965 1552
1965 598
1965 772
1965 1553
4598 4599
4598 1
319 4600
4601 291
4601 4602
4603 4514
4603 20
4603 2039
4435 998
1038 928
1038 1037
1038 1171
4604 910
4604 4605
4606 639
4606 638
2590 432
4346 4607
4608 532
4608 3948
4608 3442
4609 936
4609 1565
4609 4321
4610 1867
4610 2070
4610 1779
4610 1030
1491 1492
4611 801
4611 4452
4612 3807
4612 1769
4612 1771
4613 905
4613 1041
4613 4614
4615 2221
4251 708
4616 2190
4616 4617
4182 1699
2795 2045
1077 1939
4618 4038
4618 3645
4619 4620
4619 2190
1977 3406
4621 3455
4621 2897
4621 4386
4622 275
4622 3297
4622 405
3749 3750
3749 897
3749 896
4623 3749
4623 897
4623 896
4623 2084
4624 3650
4624 844
4624 3543
4625 404
4626 28
4626 4627
1278 4628
4011 4629
4561 156
4561 157
636 1228
4630 1320
4631 4077
4631 1100
4631 1171
929 930
929 1320
1400 1739
1400 2545
1400 1740
1400 1745
1400 17
1400 1746
2333 4632
3668 1062
3868 1327
1818 571
4427 441
4164 580
4164 2026
4164 3181
4164 3981
4164 1123
4164 586
4164 443
4164 4633
4164 3031
4164 1121
4164 3180
4164 1765
4164 2262
4164 4634
4164 1764
4164 4635
4164 852
4164 587
4164 66
4164 581
4164 2027
4164 3695
4164 460
4164 1977
4164 1188
4636 1867
4636 2645
4636 1677
4637 887
4637 1720
4637 3516
2198 1094
2198 2197
2198 1310
2198 3106
4536 3976
4503 253
4638 2214
4638 2909
4638 819
4639 136
4639 466
4639 1719
3774 4640
3231 973
3231 0
3231 972
3231 1
2851 1032
2851 1516
4641 4642
4641 570
4641 571
4643 1650
4643 306
4643 2220
1535 1534
676 677
948 52
948 209
948 208
948 116
948 1955
3584 3585
3584 72
4644 4342
4644 438
4644 367
3852 1065
4645 673
4645 268
4645 3337
4646 3565
4646 307
4646 640
4647 485
4647 2001
4648 1403
4649 4352
4649 1177
1712 1650
1712 306
4650 1324
4650 4651
4650 8
4652 3138
4652 4653
4654 1252
4654 4340
4654 1230
4655 1232
4655 1233
4655 3452
734 214
517 516
517 518
517 57
4656 2464
4656 820
4656 672
4161 466
4161 2112
4161 981
4161 2113
4161 136
4161 137
4657 2666
4657 1660
4657 817
3952 2542
4658 1879
4659 4556
4659 343
4659 2103
2745 1187
3608 3607
3619 2292
4049 3291
4660 1983
1732 1425
466 105
466 2450
466 136
466 1220
466 137
4184 2291
4661 770
4661 2039
1062 193
4662 3218
4663 3559
4663 636
4663 1228
1714 633
1714 810
3035 1109
787 786
2352 1699
1360 772
4664 366
4664 432
4664 4450
4665 1425
4665 1730
4665 1731
4665 4006
4666 4667
4666 469
1034 1032
1954 208
4668 3953
4668 4285
4668 359
4668 611
4669 2282
4669 2504
4669 4670
4132 2401
4671 2433
4671 322
4672 591
4672 467
4673 1826
4673 2044
4673 2045
3996 70
4674 1294
4674 1426
4674 4390
4228 699
4228 1749
1106 670
3482 194
1815 2533
4675 392
4675 4502
3353 2322
4676 1383
4676 4677
4676 1382
4676 1335
1149 344
4489 1012
2103 183
3255 1644
3255 967
149 950
149 216
149 604
149 1166
149 1303
149 12
149 69
149 1534
149 410
156 1274
156 1060
156 157
2111 648
2111 894
2111 1960
2576 1581
401 3925
401 3955
401 1825
401 4678
4634 581
3979 1582
1883 1593
251 389
4679 1171
4679 2327
4635 4633
4635 1188
4680 4681
4680 361
4680 95
4680 4375
4682 3218
4682 276
4682 3291
4682 3398
4683 3804
2933 392
1690 2000
4684 984
4684 4685
4684 322
1789 1433
1789 3976
4686 1682
4686 1294
4686 1683
4686 1293
4687 589
4687 3824
1895 1896
2730 1660
3331 1014
3245 1140
3245 3244
4688 1227
4688 1053
4688 3349
201 1313
201 203
859 858
1230 825
1230 1643
1230 899
1230 1032
1230 967
1230 1586
1230 1421
1230 1034
1230 1252
1555 338
1555 336
1555 723
1555 1646
1555 302
1555 656
4689 1392
4689 1393
4689 162
2536 422
2536 723
2536 1597
2536 1596
2622 1425
2622 1426
3655 3656
4667 2411
4667 469
2064 704
1051 4632
1051 2429
1051 1692
1051 2333
4690 346
4690 297
4690 2700
1735 3160
4691 3564
4691 1955
4691 154
742 749
742 1953
742 673
742 1372
742 1676
742 1677
742 751
742 820
742 691
742 672
1131 2135
1131 4143
1131 2134
1131 2867
1131 385
1131 2286
1131 243
1131 386
1131 387
1131 443
1131 2869
1131 1922
1131 1616
1131 2504
1131 1204
1131 2283
1131 925
1131 383
1131 1349
1131 239
3520 193
2769 3891
3595 2411
1274 1771
4692 4618
4692 3644
4692 3645
1423 1424
4693 623
4694 2317
4694 2438
4694 816
4695 4267
458 4595
458 2673
458 457
458 883
458 454
458 3823
4696 948
4697 1497
4697 1498
4697 4482
3822 203
615 306
4698 972
4698 3459
4698 4699
4700 2191
249 248
3611 3613
3611 164
726 279
3286 1053
4701 3459
4701 4702
3061 37
1156 895
4234 1375
4703 971
4703 695
4703 1821
4703 3638
4704 940
4704 2673
4704 4472
3830 1261
3112 221
3112 1646
4705 1267
4705 788
4705 2423
1482 4072
1482 3743
1482 1481
1482 937
1482 936
1482 1979
543 410
1239 1896
4706 4155
3506 3523
3506 1316
3506 1098
2051 1071
2051 3825
2051 1072
2051 2053
2051 2207
2051 2206
4707 4201
4707 430
4707 433
2146 720
4708 1425
4708 1429
4708 4567
4709 1651
4709 372
4709 4335
4710 1808
4710 1850
4710 2504
2294 1779
3467 1034
1586 1643
1290 1292
4441 432
4441 604
4487 20
2337 2007
4711 1679
4711 130
4711 4055
3982 460
3982 4712
3296 2111
3296 648
4713 2889
4713 2450
4713 715
4714 871
4714 49
4714 872
629 4715
2828 1353
4716 4717
4716 1896
4002 967
4002 483
4718 4719
4718 1699
79 801
79 1227
79 1053
1091 4437
1091 1090
1091 1089
4720 1421
4720 1643
2214 2910
2214 4176
2214 2909
2214 819
4721 763
4721 449
4721 4480
4257 1425
4722 3582
4722 4329
4722 1738
4722 893
4723 1003
4723 604
4723 1004
4724 837
4724 149
4725 3440
4725 1712
4725 3871
4725 3441
522 521
522 1582
4726 30
4726 1035
4726 2236
4727 2292
4728 4729
4728 1214
3501 981
3501 137
3836 1584
2559 404
4730 324
4730 4731
4730 323
4732 2786
4732 1837
4732 1738
4733 405
4733 4625
4733 404
4734 633
464 463
4735 2094
4735 4736
1088 643
3714 994
4737 2149
4737 2033
4737 1771
2552 1149
1523 4173
4738 1077
4738 2307
4738 1858
4739 4740
4739 3079
4741 797
4741 2989
1870 1422
4742 183
4742 184
4742 4111
414 375
63 62
4743 1372
4743 1305
4743 4517
4744 1320
4744 4630
4744 702
3768 3190
3768 1171
3768 508
4745 2419
4745 1313
4745 4746
546 677
1471 989
474 475
3199 4457
4747 4748
4067 2136
2587 1487
4749 4563
4749 4750
2957 1027
1414 994
1414 544
1414 3715
195 193
4751 3187
4751 1712
4751 3442
2486 1025
2486 978
4752 4753
4752 880
4754 1292
4754 4041
4754 1290
1779 751
1779 1867
1779 1677
4755 689
4755 3892
4755 1953
2773 570
2773 511
2070 1867
2070 1779
2070 2072
4642 570
4756 3185
4756 1549
4756 2286
4757 4758
4757 287
4224 216
2751 1353
4759 2862
4759 2864
4759 968
2349 3302
2349 677
4760 4761
4760 1501
4762 2030
4763 363
4763 4424
4763 1441
2572 376
1441 2090
751 1676
751 1677
3766 604
3766 438
4764 4762
4764 1522
4764 2030
4765 4693
4765 1297
4765 623
4766 1955
4766 52
4766 2600
3442 1712
3442 1895
4767 4768
4767 695
1479 1481
3386 2094
4769 2614
4769 4770
4769 1428
237 235
4771 1141
4772 4043
4772 1586
4772 1230
3218 276
3218 3291
4773 934
4773 1975
4774 34
4774 3428
4774 656
29 28
4775 3977
4775 2867
4775 2504
1144 1145
193 194
4776 1729
4777 271
4777 3417
4778 3987
1623 2234
4779 232
4779 2767
4779 2817
4780 4425
4781 548
4781 2191
4781 4700
679 975
679 681
679 2542
1254 1034
1254 1252
1254 1253
1254 3466
4782 1735
4782 3160
4782 667
4783 4101
616 1716
4784 638
4770 1428
4702 561
4702 3459
1108 635
3050 1025
4785 1425
4785 2613
4785 1426
4785 1428
700 2401
4786 3029
4787 1419
4787 2448
4787 1421
1546 948
1546 907
1546 154
1546 4293
3870 35
4788 4789
4788 625
2708 502
1958 1959
4790 4127
4790 208
4790 1954
4791 2667
4791 2051
4791 3462
540 1429
478 2579
478 477
478 4411
478 72
478 2580
4792 209
4792 1955
4792 2133
3923 1441
4793 810
4793 4734
4793 633
2356 2430
1476 1475
1476 501
1476 503
1835 899
1835 1230
2132 493
4794 422
4794 1833
4794 69
4795 797
4795 2544
4795 2686
4796 4029
896 897
896 1966
896 598
3898 3218
915 912
915 913
915 3735
3897 3218
4797 2047
4797 62
4797 64
2814 136
2395 251
2395 389
3532 928
788 201
788 786
4318 367
4318 433
4798 857
4798 2343
4798 3645
3773 307
747 3937
747 1278
747 746
747 1279
747 2447
747 4628
4799 3882
4799 243
4800 1849
4800 1171
4800 929
4801 227
4801 599
4801 229
4277 183
4277 1433
4277 4802
4277 2103
2272 1016
3834 1581
3834 1582
3834 1583
3834 1584
3834 3835
4803 2312
4803 297
4803 2532
4804 4805
4804 3418
3809 4806
4807 2763
4807 2767
4807 4243
4808 1181
4808 1182
4808 2428
4143 2283
1025 978
1025 1714
709 707
3229 968
4809 4635
4809 1188
4810 4092
4810 264
4810 1250
3449 3450
4366 1714
1686 950
1405 1407
2150 1771
4811 3477
4811 3728
4811 3866
4811 772
4812 928
4812 1320
4812 929
4812 927
4813 2973
4813 1322
4813 802
4748 729
4814 2328
4814 635
4814 636
1983 713
4815 1637
4815 451
4815 3380
4816 30
4816 2385
4816 2236
2723 2722
4274 1337
746 2892
746 2447
746 1742
1826 1110
1826 3783
1826 3784
1826 2045
4817 971
4817 3638
4818 3939
4818 1586
4818 1230
812 773
4819 3440
4819 3442
4819 1895
4820 216
4820 262
4820 2273
4821 4822
4821 1983
189 246
189 1840
189 162
189 426
189 1393
189 2764
189 2175
189 182
189 2186
189 2763
189 4823
189 425
189 186
189 4013
2207 2206
772 1966
772 598
772 770
772 895
772 78
772 1156
772 896
772 897
3511 243
4824 1010
4825 2965
4825 1806
4825 1421
891 1139
891 3774
891 4640
1129 3709
1129 2257
4826 436
4826 434
4826 437
3652 3653
181 182
4547 2711
3066 1410
2736 780
4391 1030
184 1180
3702 2450
4827 4828
4827 707
4013 4823
2251 227
4829 390
4829 1707
4829 2239
4830 4831
4830 3233
4168 743
4368 1243
2045 1110
2045 4527
2045 1111
2045 2745
2045 1184
2045 1187
553 493
553 554
4496 1372
4832 1190
4832 3814
3220 872
556 1012
556 69
621 3961
4833 1425
4833 1897
4833 1427
4200 4834
4835 1216
4835 1141
4835 4771
690 691
4836 1651
4836 4837
3599 482
3599 571
3599 2738
3599 967
3599 483
4838 1445
4838 1447
4838 1448
4838 2975
4839 477
4839 2169
2343 2342
2343 485
2343 3645
2343 2341
2343 857
2343 490
3975 3233
860 2332
84 83
3086 262
4840 564
4840 1733
4840 563
3421 521
4841 1002
4841 3312
4841 105
1563 895
1563 64
4842 101
4842 1730
4842 1732
3528 616
4843 822
4843 4844
3643 1716
502 928
269 1327
2524 1171
2524 502
225 184
1626 443
4845 786
4845 3432
4845 2890
4845 2891
1335 780
4525 1202
4261 564
4261 209
4212 4211
4212 4658
4212 1879
1962 1782
4846 1295
4846 1297
4846 304
4846 728
4847 3291
4847 4848
4847 146
2884 1131
2884 2286
4849 343
4849 2235
4849 2035
4086 643
4086 1087
984 322
4221 222
4850 4381
4851 268
4851 1737
4851 1738
4852 3632
4853 3796
277 275
4854 4855
4854 1337
902 904
902 2673
902 457
902 458
4685 322
4856 1636
4856 1635
4856 1639
4857 262
4857 2292
4857 4727
3104 2291
4858 1260
4858 2527
4858 1261
2993 825
1435 826
4494 704
1713 1650
1713 306
1713 1715
3712 3089
4859 1660
4859 3662
4859 830
2611 1372
4860 3960
4860 3226
4860 173
4861 3486
4861 532
4861 3442
167 43
167 2316
4862 4551
4863 78
4863 3959
4863 111
1861 981
1861 777
3958 1067
4864 1651
4864 1652
4864 4363
1707 1706
2053 4410
2053 3934
2053 2206
4865 1227
4865 1053
4865 4392
4866 618
4866 4372
4866 617
4867 1837
4016 180
4016 1616
3854 146
3854 404
4868 4802
4868 1432
4868 4277
4868 1433
1650 306
4454 700
4454 4131
4454 4130
4869 4867
4869 1837
4869 1738
4870 1966
4870 896
4870 4169
4024 96
187 188
4871 1966
4871 598
4871 4575
4651 8
1875 1874
4872 3160
4872 4558
2754 1406
4873 83
4873 717
4873 1926
1133 3084
1133 1134
1133 890
1133 4478
1133 3083
1133 887
1133 891
1558 2481
3745 4387
3964 2084
4874 3526
4874 4875
4316 83
4876 2262
4876 3535
1385 572
2550 2556
1583 1582
1583 1959
4205 1320
1437 4475
1437 405
1437 1436
3925 4678
4877 466
4877 3790
4878 3147
306 639
306 307
306 616
306 309
306 1077
306 1716
2298 948
4879 4648
4879 1658
4879 1403
2095 2094
4880 1206
936 382
936 1978
936 1979
936 1565
936 3965
4731 324
1927 206
1927 470
1927 1931
4881 906
4881 154
4614 905
4882 928
4882 3904
4882 508
358 357
1190 2360
3740 1955
4216 1341
4883 1735
4883 3729
4883 656
4884 1012
4884 1010
4884 4824
4484 1395
4484 2238
4484 1202
4885 346
4885 160
4885 4190
1139 1138
1894 1896
4886 394
4886 391
4886 624
1771 1769
1771 975
1771 679
1771 681
1771 2542
1771 2149
1294 525
1294 766
1294 1426
4590 1771
2217 72
667 1735
667 664
667 666
667 3160
1315 1100
2493 2494
4887 3826
4887 2103
4887 1433
1497 1498
3006 2864
3006 968
4406 1806
4406 545
4888 4889
4888 1310
4157 536
4239 4745
4239 4746
4239 1313
4239 203
4297 2119
4297 2840
4297 129
4297 1487
4890 2284
4890 2283
4891 4290
4892 2996
4892 64
4670 2504
4893 139
4893 140
4893 4045
4894 638
4894 4784
4894 2270
4534 839
4895 1921
4895 4896
4895 1922
1759 1651
3795 306
4897 948
4897 52
4897 4696
4898 1065
4898 2633
4898 2236
109 111
4320 1065
4320 2236
4899 639
4899 4606
1724 907
4900 437
4900 2821
4901 4880
4902 3479
4902 2406
4902 91
1342 633
1342 199
1342 3122
1342 3121
4903 101
4903 2407
4903 766
4904 4905
4904 2833
2999 2057
4906 2257
4906 3549
4906 1129
2499 1703
2499 2500
2499 715
2499 178
775 32
4907 1032
4907 441
4907 2247
4908 3218
4908 4662
4908 3898
4909 3734
4909 896
4909 2084
1684 1294
1684 525
4910 4911
4910 21
4912 275
4912 276
4912 4577
4913 129
4913 130
4913 2402
4914 810
4914 809
4914 1714
4915 2001
4915 4647
872 49
872 2189
1135 3242
1135 1138
1135 1139
1135 4200
1135 891
1135 4834
1372 130
1372 1305
1372 2119
1372 1593
4596 616
4596 4597
4596 2629
4916 2864
4916 2484
4916 870
4917 765
4917 762
4918 3474
4918 636
4918 1228
4919 301
4919 4920
3648 1858
4681 95
3723 1501
4921 3224
4921 1229
4921 160
347 160
4922 1106
4922 4306
2119 2840
2119 1487
4923 1041
4923 151
4923 2502
4924 2496
4924 2588
4924 316
4925 1808
4925 1160
4925 471
4926 3802
4926 1962
4927 1983
4927 713
4927 4660
4928 1289
4928 594
4928 4192
2554 363
2554 364
2554 3578
2554 548
4929 50
4929 367
4929 4081
683 2597
683 830
683 2306
683 832
683 1507
3820 154
4930 3671
4930 405
4930 404
1334 4677
1334 4676
1334 1335
4931 423
4931 422
4931 3929
1306 1016
374 4932
2784 483
4209 423
4209 723
2597 2599
3361 672
4933 1446
4933 976
770 2039
4934 4661
4934 2039
1267 788
3233 3976
3233 1789
4935 4562
4935 1292
1448 246
1448 162
1448 4629
1448 3275
1448 4011
4936 2815
4936 101
4936 1428
1950 979
4937 807
4937 1089
4937 2128
4938 1446
4938 4933
4938 2872
128 129
4939 4583
3081 1012
4137 1180
4940 4941
4940 726
4942 2481
4942 1558
4699 972
4943 301
4943 3471
2837 571
2673 4595
2673 2652
2673 940
2673 4594
4492 546
2616 1341
4944 2973
4944 1148
4944 1149
4944 2974
2255 760
4945 4417
4945 1644
4945 967
4945 571
2370 4400
2370 1458
2370 1459
2370 2371
4896 1922
4237 564
4712 460
392 1458
4946 1094
4946 1002
4946 2788
314 316
4947 1138
4947 4200
4948 156
4948 3059
4948 154
2510 772
2510 1156
2510 3235
2510 3236
2510 895
2510 64
3010 184
4949 895
4949 3770
4949 1156
4950 4050
4950 756
4950 997
4848 146
129 742
129 130
129 1372
129 907
129 653
129 2119
129 948
129 691
129 1593
129 1487
3590 2401
4110 251
1932 1929
1932 717
1932 623
4102 2946
4951 3083
4951 3084
1313 203
4952 4439
4952 1131
4952 2134
4953 2046
4953 12
4953 3678
1055 1056
2233 3764
3792 1410
4954 982
4954 984
1322 802
1322 1149
1322 344
2905 1129
4461 1319
4955 2702
4955 4956
2948 1987
2948 2946
2981 972
4957 653
4957 956
4957 3717
4958 1421
4958 4720
4959 3654
4959 3653
