1816 3734
0 1
2 3
4 5
6 7
8 9
10 11
12 13
14 15
16 17
18 19
20 21
22 23
24 25
26 27
28 29
30 31
32 33
34 35
36 37
38 39
40 41
42 43
44 45
46 47
48 49
50 51
52 53
54 55
56 57
30 58
59 21
60 61
62 63
64 65
66 67
68 69
70 71
72 73
74 75
76 11
77 78
79 80
81 10
52 82
83 84
85 86
87 10
88 75
89 35
90 91
92 93
94 95
96 97
98 11
99 100
101 102
103 104
105 106
19 35
107 108
39 109
110 111
112 113
114 115
116 117
118 119
120 121
122 12
35 119
123 124
125 126
127 78
128 129
130 131
132 133
134 63
135 136
137 138
139 105
19 140
141 142
5 143
19 144
145 146
91 147
148 149
150 151
152 153
13 154
155 125
156 75
157 158
159 120
160 161
162 6
163 164
165 166
167 89
168 103
169 170
95 171
172 173
19 174
175 149
176 177
178 40
179 75
13 180
181 182
183 128
184 185
186 187
188 110
19 189
190 191
192 143
19 193
194 170
195 196
19 197
66 198
177 130
199 105
200 80
13 201
202 203
105 204
176 205
206 120
207 208
158 209
210 211
212 213
214 215
50 19
216 217
186 218
219 220
221 208
93 222
1 102
223 59
224 100
118 225
13 226
28 227
228 229
37 230
231 232
233 234
11 235
236 237
238 95
239 240
19 241
242 243
244 245
246 130
124 247
195 248
249 250
44 251
128 47
19 252
253 254
13 255
105 256
257 63
95 258
259 260
261 223
262 263
264 128
265 266
267 268
269 19
270 125
271 125
19 154
28 272
163 142
68 273
274 275
276 277
278 21
279 280
23 263
281 282
283 120
233 284
285 23
18 286
197 11
11 287
288 289
19 290
291 37
95 292
29 142
95 293
294 295
244 296
2 100
297 100
298 299
300 301
302 303
246 304
305 306
186 216
220 307
308 95
309 47
88 310
311 312
313 314
315 91
145 316
103 317
318 319
85 320
139 117
321 322
55 22
323 324
325 326
315 78
327 161
328 329
330 128
331 29
63 6
253 332
19 333
85 299
316 75
195 334
52 335
336 133
337 338
339 340
341 301
105 342
150 343
311 344
345 346
38 75
130 347
348 349
337 350
22 351
50 352
13 295
215 120
353 354
355 356
104 357
85 20
358 19
359 360
361 280
318 128
362 57
363 208
364 365
47 75
366 308
187 367
11 368
313 333
369 370
231 371
68 372
373 231
374 375
276 376
377 95
378 211
379 73
380 303
335 142
336 95
381 382
383 384
385 130
176 386
387 388
95 389
390 53
391 392
216 393
63 124
394 341
395 63
57 396
397 110
395 398
391 280
399 1
70 400
401 124
128 402
124 31
120 403
54 404
405 303
406 204
407 59
366 398
408 216
223 317
409 280
410 106
200 411
412 125
19 413
316 108
414 392
62 415
416 259
417 5
397 418
419 220
380 200
420 40
421 227
422 23
150 423
223 424
125 425
405 426
427 275
428 95
248 429
374 430
431 37
432 125
433 434
374 435
239 436
278 437
438 439
440 441
442 443
25 444
19 445
328 161
5 446
447 244
448 449
401 37
450 21
66 451
452 208
453 354
454 351
124 102
455 456
63 457
458 220
423 459
460 461
462 463
283 464
215 240
465 460
63 466
467 128
468 469
57 224
233 470
471 472
311 473
311 474
70 475
476 17
477 478
479 430
391 398
123 480
21 351
481 9
482 220
468 483
484 78
399 97
276 485
90 120
211 486
487 488
474 489
490 491
54 492
244 493
260 119
24 64
374 63
494 379
168 495
299 496
28 448
492 497
377 13
34 76
471 218
498 499
391 227
158 316
313 120
500 78
501 53
130 502
503 64
504 299
60 505
506 13
507 200
508 11
13 509
510 511
512 324
36 513
514 515
516 208
517 337
518 519
90 239
311 141
276 520
521 223
522 120
152 220
523 37
524 525
526 143
262 527
528 529
125 45
301 530
531 487
93 532
123 533
331 63
534 535
427 239
128 536
68 537
538 124
539 128
120 540
541 542
543 544
87 239
545 546
547 548
128 549
455 550
551 75
552 553
554 63
555 1
442 556
32 280
557 21
276 558
18 559
502 560
28 561
182 245
490 562
95 563
137 300
105 564
195 192
565 208
492 566
567 568
569 570
284 63
10 9
190 571
183 572
559 573
63 368
574 28
575 404
576 161
577 64
127 227
85 578
579 337
580 95
251 1
109 581
13 556
11 582
583 303
584 161
585 218
586 37
587 13
13 5
588 398
589 68
416 11
81 29
65 590
211 536
85 591
592 593
228 10
37 594
397 595
596 13
112 597
598 145
28 599
404 73
128 600
601 59
109 602
603 1
313 604
605 606
95 607
608 280
4 609
105 606
429 351
610 611
215 436
65 9
52 612
420 161
39 581
462 63
613 556
169 614
387 281
70 615
616 617
123 430
305 618
252 211
534 299
44 619
40 620
13 361
76 301
621 161
571 622
623 37
624 13
625 176
320 626
11 619
34 257
0 627
628 629
630 325
105 631
40 556
313 400
500 239
294 632
472 549
447 360
633 143
634 326
398 635
267 636
637 13
158 638
639 102
421 640
19 641
257 642
643 644
391 130
313 645
646 120
63 356
30 280
313 516
390 551
161 128
391 128
70 647
163 6
397 633
648 125
127 47
649 650
651 200
331 478
652 653
654 37
313 220
383 655
512 194
656 657
594 102
151 497
658 220
133 280
659 536
660 280
262 661
469 208
128 124
662 663
664 37
557 665
666 63
55 220
76 66
667 668
669 256
276 670
671 672
673 436
79 13
261 674
90 185
630 497
675 372
676 618
64 677
678 662
194 43
676 679
520 335
383 680
150 110
681 120
397 682
683 304
684 685
686 687
190 391
688 689
465 124
690 671
303 644
216 620
39 691
335 692
551 287
693 694
10 130
433 695
696 697
698 84
699 36
214 142
669 146
700 701
37 6
192 702
276 703
704 705
687 706
93 707
708 337
341 124
105 709
66 320
710 711
157 297
712 520
123 331
118 260
581 713
19 714
145 307
220 713
715 716
577 214
414 680
717 211
590 392
239 91
24 718
667 120
328 27
719 720
721 236
722 723
176 268
95 724
725 120
726 305
727 37
311 97
728 513
91 351
190 392
253 729
455 730
4 731
485 301
732 733
77 453
734 513
735 525
736 130
85 737
738 500
591 228
739 73
333 102
740 125
640 301
741 742
19 743
455 744
745 312
746 747
748 749
201 392
750 27
3 310
212 751
85 533
752 21
19 753
145 600
87 754
755 216
105 756
63 757
208 758
416 759
66 21
105 760
571 216
761 357
489 351
192 762
460 763
764 208
123 765
459 766
362 23
715 767
768 125
769 63
715 770
771 271
772 773
774 19
313 775
455 776
68 777
778 59
285 334
779 125
223 185
461 780
407 146
781 95
782 783
390 723
784 785
786 125
66 787
541 280
38 305
25 788
62 29
19 789
299 790
138 232
200 791
49 21
421 341
85 792
793 161
603 391
397 277
367 75
112 794
23 650
672 725
220 795
796 797
798 397
455 67
172 142
799 37
800 176
801 69
432 802
76 803
182 804
805 779
262 806
320 807
808 634
726 11
70 809
184 810
397 811
812 125
813 102
110 146
814 130
656 815
816 21
817 35
110 31
818 819
262 820
391 762
387 821
455 822
128 796
95 823
70 824
825 392
517 317
601 826
814 37
214 239
85 827
11 828
829 128
745 449
830 5
127 57
187 449
95 831
101 128
778 832
605 280
13 566
118 172
196 385
331 454
91 619
120 146
85 501
833 301
834 128
835 102
199 95
150 836
19 837
192 838
259 839
840 460
303 449
169 841
54 77
696 113
842 231
843 149
62 45
95 844
139 63
800 142
845 27
128 846
847 568
848 487
849 125
299 763
76 664
276 850
325 73
216 851
453 211
90 852
178 392
853 125
846 102
854 27
248 187
105 855
10 856
44 857
418 301
541 858
568 6
11 466
219 9
571 11
288 517
448 108
13 146
194 418
859 128
91 860
861 125
862 143
19 29
19 863
380 105
864 865
19 220
866 867
868 27
44 869
450 632
676 818
870 871
603 100
872 10
19 873
13 874
200 391
116 875
257 333
659 120
876 448
95 106
123 29
877 404
52 120
878 304
295 319
280 272
392 357
879 880
0 97
311 81
130 881
882 883
22 37
110 326
152 63
320 884
885 63
128 7
280 20
886 431
887 888
341 102
188 889
60 890
891 892
893 37
894 772
487 57
895 63
896 124
77 897
30 272
212 898
899 900
81 395
188 901
63 902
100 691
903 904
19 771
905 351
95 906
311 58
19 907
908 909
120 910
12 220
57 304
911 912
493 913
914 915
6 314
455 916
587 917
918 41
184 398
919 211
118 485
920 95
492 921
280 922
337 923
176 562
152 691
325 220
364 892
63 924
220 803
125 496
925 77
23 334
385 304
280 650
926 459
276 680
4 826
465 313
176 441
927 337
178 928
214 606
123 929
66 930
116 931
57 932
95 578
800 735
105 933
253 104
50 280
22 312
85 934
105 315
220 935
710 936
937 209
938 11
299 392
432 1
313 772
109 939
940 66
190 120
95 941
176 942
34 771
943 100
90 544
118 252
28 440
28 944
492 220
945 946
947 130
159 772
948 949
262 676
950 804
455 951
278 397
952 306
953 125
333 469
954 398
276 955
208 692
455 386
325 310
85 956
957 55
958 1
18 23
959 320
39 757
960 120
85 961
653 962
161 963
956 11
321 509
313 430
736 280
964 35
965 966
967 125
968 125
794 489
24 969
970 459
588 27
971 972
85 603
37 973
956 194
974 671
85 201
975 371
145 150
976 691
95 977
311 978
979 125
672 307
120 980
568 142
981 120
53 89
70 982
105 6
216 983
984 211
70 985
653 680
158 88
986 216
664 838
455 987
988 310
46 989
76 990
313 991
992 812
993 78
30 250
650 994
390 995
70 996
397 862
830 997
276 998
139 200
311 999
1000 420
337 334
214 13
1001 271
1002 125
265 125
392 618
1003 130
105 571
1004 37
1005 280
37 1006
1007 1008
39 542
95 1009
487 1010
852 200
440 171
828 1011
151 1012
1013 958
432 45
430 553
85 1014
145 10
1015 455
1016 306
128 1017
202 566
1018 317
416 127
85 1019
299 1020
827 391
1021 95
62 124
741 1022
1023 216
520 862
1024 280
334 351
391 307
63 756
1025 19
945 622
397 351
55 468
313 1026
1027 95
199 674
637 511
571 147
1028 87
1029 1
1030 307
95 878
487 1031
629 349
410 1032
1033 1034
124 758
319 1035
605 349
1036 306
420 287
839 320
805 832
276 653
1037 95
715 1038
925 424
1039 144
395 392
194 260
1040 216
70 1041
1042 763
1043 125
1030 1044
137 213
69 211
418 78
269 543
28 1045
800 672
95 224
455 316
123 144
1046 391
44 1047
1048 77
381 120
1049 58
626 220
337 35
304 41
70 1050
1051 1052
1053 75
11 838
1054 130
19 229
123 1055
421 1056
70 1057
1058 549
253 1059
299 674
313 846
407 909
1060 1061
165 307
11 84
896 1062
421 1018
440 515
176 677
37 549
391 40
1063 250
305 586
161 45
1064 382
581 804
116 1065
487 1066
299 1
302 1067
387 590
920 796
471 284
374 605
421 177
120 1068
95 606
1069 680
1070 129
583 124
1071 211
265 1072
165 784
420 239
44 823
37 415
145 945
175 128
906 216
542 41
1073 171
64 418
1058 1074
764 1075
471 1076
1077 961
1078 95
659 582
399 232
311 459
105 586
105 368
1079 1080
95 1081
221 454
269 143
168 257
95 544
917 1082
507 214
311 183
1083 1084
169 220
1029 57
253 1085
95 1086
95 560
124 1087
14 136
13 1088
1089 1068
130 1090
1091 95
122 158
1092 75
74 442
586 480
520 11
200 233
653 37
1093 11
179 470
13 356
423 972
1094 80
827 143
256 63
53 35
19 1095
485 11
1096 208
13 929
975 446
28 316
574 136
337 1097
377 280
492 154
211 349
53 352
846 1098
1099 349
410 49
313 1100
886 605
237 208
1101 348
1102 1103
1104 317
1105 319
123 101
1106 349
278 733
105 831
1107 561
132 1108
1109 548
127 1110
632 972
715 1111
512 276
295 483
1112 944
1113 687
95 1114
420 391
907 442
444 6
638 11
24 1115
1027 63
583 95
387 9
13 1116
1117 804
95 758
896 437
253 91
1118 73
46 614
814 680
1109 1119
1120 205
95 37
70 1121
63 1122
244 1123
168 392
70 1124
1125 397
719 233
1126 459
1127 1052
1128 424
210 11
123 63
22 21
1129 653
387 1070
105 395
105 1130
1131 95
1062 1132
173 525
447 1133
374 720
95 1134
574 11
917 1135
637 1136
501 1040
380 90
1137 1138
649 10
13 1139
1140 1141
14 350
276 660
30 291
637 1142
659 1143
130 744
1079 1144
118 1145
105 452
194 1014
85 169
1146 220
227 349
1105 214
59 788
313 493
81 304
643 65
1147 125
267 234
57 1148
1149 91
920 208
276 320
313 63
265 931
659 1150
87 66
139 514
331 1151
487 1152
395 239
786 1153
1154 788
21 549
561 718
461 692
28 1155
696 633
228 391
450 1156
194 144
19 453
587 1157
249 526
1158 35
19 296
727 128
252 120
183 1159
1160 216
44 253
1161 671
1039 605
515 459
1162 482
128 1163
34 122
1028 120
448 110
667 243
76 108
105 308
649 1164
421 117
301 382
776 689
1071 1165
123 103
453 600
33 689
363 17
1166 36
490 414
827 41
150 325
957 407
746 280
298 487
310 174
1167 653
679 1130
63 831
30 1168
577 348
221 11
1169 1170
688 594
675 995
736 37
182 75
130 1171
4 230
44 1010
891 11
1172 179
408 634
221 301
1173 307
625 66
15 448
1174 161
176 1102
1175 455
444 37
1176 19
105 313
719 772
1177 1178
128 1085
22 334
161 1179
221 171
591 280
105 448
19 289
605 804
68 495
0 1180
577 215
487 427
1040 632
165 442
1181 130
75 486
667 17
440 301
1182 130
1183 301
1184 689
643 299
920 605
1151 216
303 121
1028 73
1185 1186
787 892
145 233
13 1187
214 124
1153 1188
420 392
1189 63
123 24
184 613
70 1190
603 454
1191 286
215 239
311 821
1048 65
1192 307
940 17
1193 95
715 1194
1195 37
566 125
70 1196
28 49
282 1197
1198 208
68 1199
583 200
91 1200
1201 391
1202 398
896 19
1149 1071
765 124
118 1203
374 179
251 1204
1205 1206
937 124
19 1207
218 341
547 1040
1208 351
265 1209
54 567
1210 610
24 204
366 1211
281 1212
311 893
1213 280
139 772
95 149
672 805
1214 371
24 1013
310 5
383 55
474 556
410 561
447 254
1215 553
233 57
0 349
380 95
1216 231
1217 1098
42 21
454 129
1029 1218
605 128
57 300
105 1219
1220 208
320 1067
940 102
158 919
1221 1222
455 1223
85 1224
1225 177
310 347
10 303
13 581
455 1226
827 392
310 1227
265 896
1228 93
110 1229
1039 763
1230 73
699 211
364 440
352 581
455 972
1231 125
1232 120
118 1199
1044 301
54 66
999 128
87 424
249 334
877 91
455 662
897 513
1233 128
1234 665
85 778
840 66
896 368
178 894
1235 158
101 37
12 337
125 691
95 1236
95 1237
216 1238
521 55
1224 143
1024 19
1239 95
569 117
1240 120
1008 289
1241 143
216 1242
752 924
719 200
455 724
704 147
216 1243
1102 143
1244 812
125 73
391 556
130 129
1245 125
311 1246
1247 75
1248 12
66 220
798 147
798 407
220 1249
1250 227
493 128
1251 1252
852 333
210 53
805 796
1120 720
421 1253
455 370
259 862
367 593
257 200
44 227
1254 220
68 643
417 144
940 1255
1256 158
44 1170
248 1257
1258 1259
18 644
120 1260
63 142
105 57
194 600
1261 345
710 1262
735 846
62 896
253 440
1263 892
577 91
1264 634
301 1265
430 804
1266 125
302 505
407 211
1267 715
19 1268
91 357
123 319
1269 525
1270 419
159 1271
123 25
726 404
128 772
30 13
54 1272
896 804
1273 1274
391 515
566 1275
105 356
175 75
108 1057
70 897
18 13
907 1276
455 413
75 1277
72 220
399 349
169 484
1278 216
310 1279
719 215
19 1280
223 143
659 1010
28 805
403 324
610 130
105 1281
1202 439
1103 280
1282 892
95 1283
453 1
13 402
57 1284
1285 1144
4 1286
672 29
63 1287
331 120
1071 969
1288 1289
1290 84
216 78
1291 66
502 121
105 483
276 1292
455 1293
1294 1244
1210 66
211 1295
130 779
105 149
798 1296
39 410
1297 1276
679 556
800 124
1298 218
253 1299
548 360
253 718
1300 125
1301 691
1302 35
1303 37
1062 535
1304 942
311 1305
439 337
672 407
197 125
108 619
1306 459
1018 125
118 703
891 1163
1120 1277
800 302
1197 1307
248 530
22 489
32 586
120 1308
1309 125
1065 590
455 1310
447 544
19 1311
212 1312
311 1313
727 102
102 692
13 921
396 143
151 654
19 1314
605 345
22 1315
407 31
630 13
276 350
276 640
1316 105
1191 47
175 581
17 216
1254 1182
988 13
1317 124
669 145
1318 1319
335 301
962 1320
512 19
70 967
1055 319
953 158
313 590
1321 93
1001 439
1322 130
87 109
75 1011
1323 19
541 121
1324 95
448 1199
25 606
105 11
130 705
196 334
25 994
1325 95
387 13
1326 120
1327 302
13 938
276 1074
19 561
1273 500
187 1328
465 319
1329 128
1330 1079
216 680
370 306
120 1331
311 11
1332 560
224 301
886 194
1333 1334
836 972
1335 280
678 120
63 1331
1336 1337
1063 326
1338 594
315 622
387 73
832 147
1339 105
95 25
185 650
128 1340
1341 216
1342 21
311 862
719 896
1343 105
439 1144
130 1344
19 994
1345 586
29 102
1321 128
1250 184
688 759
118 285
798 600
142 1346
70 397
1347 280
1348 63
211 892
281 299
49 679
1349 448
19 1350
70 913
95 142
105 718
128 985
1351 125
63 102
246 10
1352 280
23 1353
105 1354
1355 218
249 1356
0 216
1213 360
199 208
377 11
718 1357
1358 1277
1324 63
38 80
771 679
462 120
1359 586
1183 11
303 560
299 526
447 501
827 349
68 811
1105 835
105 560
120 21
501 1360
1361 301
932 211
85 391
142 144
1108 337
95 1362
1363 125
1364 109
1365 68
1366 115
19 1367
19 1368
200 1369
383 1370
591 254
310 497
623 75
1309 211
468 780
178 1371
221 27
407 489
331 455
1176 218
280 1372
383 355
483 720
1176 483
1005 125
128 272
896 933
1373 220
13 10
95 1357
1374 1375
827 1
1376 27
1162 91
1377 121
1156 1378
422 452
1077 532
1379 804
158 273
4 1380
719 17
387 664
179 804
387 220
1273 452
1000 190
719 461
649 490
1381 130
276 1382
19 568
19 1383
942 513
455 191
455 1384
568 299
70 202
196 429
285 1257
364 350
15 1244
421 1385
1386 1387
427 1388
20 75
1389 306
483 549
380 676
172 128
29 218
122 128
24 75
380 124
139 966
85 745
798 1226
158 950
1133 731
13 1390
1092 978
19 1057
637 446
183 759
124 1371
381 653
19 1391
178 1392
82 124
168 5
313 1375
333 142
46 755
4 1088
214 1393
1347 164
214 452
100 346
30 629
330 216
253 110
216 694
130 7
211 166
387 280
57 1394
1395 459
1051 446
490 1396
82 944
461 102
19 1238
1029 266
120 360
666 95
57 120
1397 93
755 31
649 865
214 804
1046 485
1398 130
1399 997
569 1294
969 459
13 677
128 1400
603 65
666 208
1401 13
331 124
513 424
587 1402
176 67
380 208
1176 472
19 509
236 68
259 392
1403 306
128 692
310 564
311 673
70 1404
1405 120
1406 49
284 720
271 556
748 1407
1282 337
276 744
1408 349
308 63
391 1
68 860
427 1409
158 440
1030 299
299 1121
580 130
656 179
1410 124
1411 301
53 43
422 679
366 1412
1413 19
1067 73
253 1219
628 216
1414 63
0 40
1395 84
161 635
145 362
710 1415
421 1416
13 1417
19 969
87 1418
718 892
417 812
1032 502
202 542
1419 337
141 100
10 549
455 1420
1421 1422
211 1423
487 1424
1425 1426
77 177
19 1416
104 945
878 351
361 73
586 360
1077 1307
1427 687
416 128
298 118
455 1428
893 104
725 124
23 124
1429 665
1191 229
276 668
298 117
85 155
114 130
1247 37
93 370
667 301
251 1143
1260 75
117 194
948 1430
632 642
130 272
90 679
85 1431
321 1432
397 502
668 679
1433 21
315 571
195 78
30 1434
673 489
1435 220
387 264
158 141
432 75
1336 142
175 37
1212 442
1436 37
506 1092
896 544
122 19
1101 1437
64 130
54 211
28 1438
44 220
580 280
1439 120
192 106
182 21
948 1107
937 403
483 676
19 1440
387 304
249 1307
1345 117
71 459
19 335
91 1441
1442 216
253 231
449 146
1313 1142
325 1063
85 1443
103 280
68 1444
437 755
588 218
107 11
215 95
313 726
1445 208
77 1412
833 1032
693 1446
96 6
925 145
992 105
105 1447
299 409
227 11
1448 280
1036 213
1449 1044
60 1089
253 676
1191 1450
361 63
679 860
520 119
200 606
262 1451
265 278
487 1452
1453 68
331 91
44 1035
13 1454
1455 268
244 1456
625 455
504 535
190 1457
337 618
188 1458
30 326
659 129
1236 91
1459 448
57 582
782 778
299 124
417 796
925 1460
1461 37
104 989
1462 1418
299 1113
253 1046
962 120
1463 896
10 1464
311 972
1363 301
53 551
165 1219
1465 68
858 1097
1158 556
68 485
1058 418
57 260
1466 11
1467 6
13 1468
62 1469
1470 37
1440 459
643 10
360 1447
39 1043
1338 1212
360 1471
528 1472
95 1473
849 11
1474 398
288 306
215 91
1105 95
233 128
1475 117
339 642
199 1467
1476 187
66 316
96 319
299 41
66 1420
1477 664
1326 95
1478 239
1479 763
696 312
992 124
554 208
176 744
13 242
710 995
999 744
40 304
48 1480
500 73
1149 718
310 1136
85 1481
455 441
269 559
216 1482
943 246
993 200
1016 1282
91 758
299 1483
174 556
1484 124
600 689
1117 966
1485 818
188 1486
1304 351
299 63
158 1044
387 56
64 220
1487 95
487 1052
447 1218
32 78
372 990
325 972
455 1488
223 513
18 211
1489 1490
13 418
1491 1136
187 303
1492 21
305 260
721 194
280 689
38 1032
866 1493
24 104
227 41
159 95
1494 78
1153 53
1495 395
89 357
280 335
194 69
1133 75
11 1209
120 31
28 407
22 1082
1496 19
676 515
18 58
957 375
1009 549
656 804
253 991
953 68
28 248
1154 1497
114 183
281 391
85 281
1498 124
10 703
974 125
1499 11
1222 1163
284 846
543 561
383 454
63 37
161 1500
211 1501
281 10
1502 220
1058 860
13 1503
1182 11
1282 1504
251 9
223 25
781 390
184 21
367 211
1505 1338
1506 267
253 59
482 93
1071 1361
719 124
719 691
437 304
1044 763
1507 37
19 703
676 124
1437 1508
19 1177
120 832
1458 1067
364 95
586 763
95 540
1509 696
182 818
276 1510
216 1511
311 746
586 128
331 307
253 457
1512 220
452 95
656 1513
827 13
1477 307
184 280
238 208
1514 73
244 337
12 1307
1328 1275
1365 158
159 1515
659 938
89 755
53 280
106 63
1516 1222
1517 124
364 487
4 1518
1184 407
896 31
391 335
1519 455
542 392
95 144
267 1520
487 301
311 418
1494 653
68 1521
1313 674
1522 125
196 312
261 1313
784 367
244 1369
299 1523
676 121
1524 1334
1316 63
77 391
34 146
63 211
1167 320
1241 671
71 280
589 125
22 285
383 501
68 1525
1517 1
417 1526
555 95
174 301
30 125
659 1527
455 1177
1528 253
167 1276
1529 239
940 391
19 1530
920 63
13 1531
1294 1068
1495 691
1532 57
387 1462
583 63
321 1058
1326 1177
280 213
66 192
646 130
1459 396
176 632
124 356
1533 75
971 654
421 281
1534 1358
411 1535
95 1437
167 280
105 1085
276 391
331 333
176 350
195 49
1536 68
1537 513
1538 125
130 689
1539 125
577 812
1220 200
175 301
301 1540
1 1541
194 119
487 1542
19 578
108 351
1543 397
194 1139
337 1544
183 689
671 223
265 892
201 75
471 299
201 211
120 185
547 1510
246 280
719 468
128 486
154 838
454 691
1545 556
617 1546
1509 1547
790 75
76 53
1548 220
13 45
95 1549
1550 1204
125 1551
969 304
47 301
1552 216
495 11
311 1553
736 513
200 142
387 82
435 804
410 82
494 1260
11 549
715 1554
211 124
1555 21
1556 155
1557 685
299 1558
5 37
85 236
29 990
651 468
1559 194
211 785
1560 838
95 1561
1442 40
40 147
1385 457
220 544
348 21
248 37
1562 95
1208 571
1563 529
262 440
298 128
93 842
123 727
494 459
1564 13
380 120
1253 23
216 250
37 1565
299 91
1566 120
177 78
292 208
1070 10
52 167
1231 13
1059 216
200 571
580 220
176 223
1567 37
1568 115
1569 125
299 860
1062 305
95 1570
159 150
57 119
1075 1204
1039 581
398 349
10 84
57 1571
1245 244
194 923
746 100
1572 211
559 143
482 349
188 73
659 1573
190 5
1328 1315
798 561
95 1574
1575 37
474 143
123 396
600 31
95 1576
236 1048
236 372
858 1577
183 788
1273 459
333 284
568 130
1578 446
220 1122
798 418
306 1577
1177 459
44 1385
53 335
4 1579
959 994
123 846
416 56
214 1406
293 304
142 692
945 232
276 1580
1581 68
1582 310
420 489
583 233
13 1583
1182 562
311 1495
1584 125
169 1481
659 251
90 19
465 583
0 1103
199 172
1585 301
569 1586
1587 120
82 586
501 1588
1581 594
455 1589
186 1553
741 158
1543 600
276 475
410 1319
1212 301
1205 921
1590 125
1476 124
1591 11
11 1592
176 201
280 41
745 334
297 273
1593 1594
95 284
1595 1596
196 1257
1597 337
670 459
265 437
468 1598
70 1558
202 446
68 1599
421 144
458 966
1336 102
13 1600
1040 392
1136 1031
387 1601
1602 120
214 313
130 349
123 142
672 705
542 11
667 605
387 629
70 1603
265 755
28 361
845 161
1604 216
833 13
63 1418
28 972
1605 469
1028 280
276 316
906 208
95 1606
1607 459
70 143
437 1328
310 939
784 1093
105 152
1608 205
335 102
1112 676
696 1201
253 674
169 1361
105 1324
169 944
30 1190
1609 174
95 1594
168 1514
310 403
70 785
295 1610
68 673
1611 563
1612 208
649 784
462 130
586 779
1613 117
649 644
1543 633
211 1614
1536 990
18 781
1615 280
244 128
1244 1616
940 1398
380 175
19 1617
1618 1130
442 705
284 346
1619 307
44 637
87 80
800 606
1105 735
87 143
1620 392
631 63
238 63
858 1319
66 1293
311 1026
479 1621
568 284
220 1622
508 211
13 1623
1028 57
659 1624
172 444
455 1625
999 594
375 142
1307 337
719 765
105 424
710 280
1626 125
1244 1627
18 1628
19 397
109 1629
139 81
897 1156
267 1319
1539 195
13 1630
1631 194
1632 143
637 280
422 307
896 128
1633 1385
249 755
798 703
80 7
302 1089
1634 440
545 1097
200 544
455 1635
580 128
145 140
195 644
1364 1551
124 804
1636 772
311 1637
276 1638
19 1124
68 644
91 1011
1639 220
64 280
220 142
1640 10
37 1418
95 1641
265 47
276 1014
211 1642
240 124
52 35
397 703
812 143
68 1044
455 320
56 194
494 57
577 240
253 136
583 120
223 239
837 211
118 581
276 1210
208 780
44 546
746 124
1618 301
547 772
500 818
38 501
1475 1586
1643 407
1644 280
311 971
53 680
237 796
1063 111
765 142
1437 1
46 967
305 763
11 634
220 980
68 640
128 341
27 635
53 130
85 1645
1338 326
659 1450
148 125
28 676
1347 1299
1646 124
95 973
669 404
651 63
852 991
13 320
23 1647
75 618
442 633
310 1418
917 299
220 679
1648 216
313 938
95 6
118 771
1649 211
30 995
487 562
280 744
48 1650
95 1447
13 1097
1037 105
236 121
1651 95
830 220
1652 128
123 1653
178 307
122 13
13 1654
62 772
185 865
85 280
1273 90
1112 260
284 772
960 220
0 324
13 1655
500 1338
646 19
501 520
85 943
387 453
772 102
259 143
1656 11
1543 35
18 495
896 313
211 1657
383 1064
262 1658
1659 1660
583 133
25 229
38 66
211 1017
603 392
1453 13
96 55
383 883
1661 216
85 1662
313 1663
387 84
1336 151
163 319
240 436
70 1063
268 1664
167 19
333 1404
311 1665
63 685
440 121
1666 1068
14 110
541 91
719 25
1667 120
543 804
430 319
1568 1234
369 1182
333 411
56 39
1068 618
0 1668
1669 21
852 1069
299 1670
253 360
520 301
630 19
1366 183
1485 1319
836 1508
1191 1671
371 337
202 1672
128 1084
1673 125
89 502
937 177
1674 154
253 1675
336 63
1545 5
95 1676
118 495
672 779
1677 455
63 292
896 6
798 679
1040 299
655 1678
276 1100
1338 446
1102 986
843 128
23 1679
1680 532
878 622
118 350
0 143
387 1095
105 319
1472 566
1338 130
1559 19
62 230
116 892
421 869
182 271
391 620
1261 130
249 1681
675 155
1682 1259
1021 63
1521 1
95 1683
63 560
390 1684
37 45
1685 220
65 1260
214 680
12 1097
501 395
118 1686
420 28
1687 128
699 664
990 537
280 779
455 1688
1689 966
377 392
643 586
646 250
1690 125
610 703
130 1017
568 218
1691 63
63 975
29 704
1153 1692
200 37
1057 804
1142 674
145 576
1693 1694
646 57
380 568
44 365
311 429
1347 130
337 289
504 1142
1695 689
1696 37
105 102
23 826
118 865
1697 59
1698 371
1105 452
75 556
397 629
468 560
148 128
28 502
158 78
398 862
29 758
1699 211
772 37
195 629
1700 945
19 629
350 459
77 484
1046 944
630 174
281 301
1370 1481
123 452
63 933
437 1701
490 1702
1414 303
200 560
39 91
271 301
1703 124
325 111
158 1253
10 392
1704 310
125 995
684 120
285 21
1465 125
103 13
798 682
215 185
1705 858
1102 676
583 208
325 654
1706 161
25 1295
637 442
251 21
581 360
1601 39
1264 619
969 984
28 1707
19 1708
659 1709
392 620
358 459
547 1123
481 38
715 332
85 38
1700 571
500 556
178 1
259 41
740 13
158 676
169 1710
539 125
291 326
58 429
70 668
239 679
675 1711
387 1442
954 75
68 661
64 434
1040 1236
1313 559
46 1712
937 1172
421 10
1713 1714
534 1142
462 1715
397 108
896 780
1437 980
70 221
331 66
925 78
85 1102
197 211
90 436
259 1142
291 250
190 1716
5 91
1102 1717
43 75
194 1718
248 334
311 1257
95 256
432 361
577 90
1198 63
1147 829
1363 149
1105 63
200 102
427 1251
22 91
335 35
568 560
300 211
95 1719
145 120
442 382
108 945
1720 1218
1721 120
211 459
158 263
28 22
186 27
68 1722
814 280
1553 1252
1723 208
38 1371
1037 63
341 142
1724 1610
643 680
1725 161
128 144
543 19
1205 857
1726 1727
161 1242
1728 21
267 439
100 1729
1043 130
1257 334
145 818
512 66
211 758
335 1730
715 744
175 1328
1150 100
176 320
321 859
1543 798
223 316
1545 351
656 1731
27 1500
311 76
22 187
1732 1011
656 636
86 21
735 765
715 944
691 1733
24 39
128 1
195 1328
123 401
417 396
28 938
259 409
1734 130
1110 91
1735 216
70 792
253 442
366 37
19 1097
950 37
1736 437
186 161
741 1667
23 1145
1737 1738
70 5
1739 398
37 225
710 1740
384 120
127 1741
408 619
771 65
377 63
211 662
66 549
1742 128
298 280
23 865
940 19
172 1334
218 525
85 985
374 1144
808 174
452 341
63 1275
142 549
85 1743
28 1709
1257 351
1744 650
216 1745
214 436
1618 21
830 1172
652 1670
220 1746
95 1353
659 227
210 195
699 78
28 862
47 403
1202 218
442 1135
438 21
28 147
1288 1358
301 860
212 1747
212 1748
525 1749
194 556
19 1338
40 1750
13 338
301 1084
168 838
47 392
331 1751
1752 1753
34 1581
1547 1754
455 1209
138 21
798 502
32 689
1755 1756
688 1229
299 1757
1133 883
1758 174
571 337
1046 120
68 1759
315 945
46 664
1063 108
836 392
1760 1648
10 41
827 40
1761 280
78 41
311 620
118 1150
1254 520
521 213
469 179
1591 280
151 1108
1762 161
46 1209
1377 773
387 104
1039 63
782 349
1034 1730
53 446
962 513
176 1075
53 1032
687 1763
1764 1222
1581 632
1765 560
1766 1032
161 1481
719 63
545 858
311 801
1077 125
74 23
311 1438
76 68
172 11
28 859
1595 1767
1768 1102
1769 216
300 11
1326 78
66 942
1236 542
1039 1346
1610 921
747 1418
1421 1770
215 1254
421 892
772 641
139 311
746 991
349 147
1771 966
937 1075
1089 317
68 395
784 78
380 860
387 1772
105 284
158 944
640 211
54 97
364 676
280 1773
513 337
1062 299
168 307
285 312
74 530
276 1209
176 662
504 773
1336 369
482 1101
1774 1775
218 63
262 1224
637 128
151 972
176 668
1776 1156
1777 55
1556 1711
578 392
4 933
1778 37
551 211
172 354
54 1779
1472 335
325 11
771 23
487 100
57 1011
408 1264
897 180
1595 1780
82 78
1781 1
399 832
278 1209
1218 220
1782 37
220 301
85 128
264 280
490 309
864 33
221 75
1449 220
214 331
1783 1490
192 680
975 337
381 73
339 120
469 1784
485 679
484 301
1210 455
679 1785
311 1612
842 232
13 1199
397 600
472 846
182 130
1090 392
501 220
10 280
490 469
416 687
105 780
897 187
174 21
830 1786
194 1150
1395 95
391 208
432 19
833 169
172 1787
337 1750
192 193
1788 105
123 719
313 1283
1403 280
1231 19
843 37
1789 73
1172 337
669 19
44 144
105 1009
1790 128
254 1017
559 674
54 125
718 706
858 258
28 78
41 620
1752 1791
1307 392
87 78
212 1792
364 1793
1102 780
248 280
253 11
30 919
568 578
1794 130
769 208
298 691
279 130
84 553
291 130
299 344
214 560
1000 1595
302 120
223 683
303 1795
709 527
10 590
1375 100
1046 676
981 509
490 437
1556 995
781 1796
568 37
981 944
1421 1238
1212 75
771 307
55 73
4 120
167 352
865 121
1797 1750
669 194
85 227
25 102
756 208
1202 161
587 1172
311 19
1765 75
328 125
312 351
978 125
280 1090
1798 1437
291 111
313 124
281 1
139 1151
194 1710
440 110
727 313
421 1145
10 972
907 838
86 11
1799 59
1447 556
1103 1800
1801 1375
28 220
139 74
1754 125
276 609
209 11
545 371
87 683
1307 301
1386 1259
190 1759
1413 1136
139 568
167 35
1472 989
578 1730
312 334
127 205
19 617
1142 650
56 66
169 1662
504 354
669 227
715 1638
833 742
280 1708
1802 125
331 1120
1803 513
858 337
390 167
70 235
940 1371
679 1804
53 718
352 680
1273 1254
812 536
105 888
1805 232
1174 398
38 852
348 307
1543 125
158 175
151 423
603 211
87 360
559 1806
52 141
150 878
1254 1754
1514 304
85 77
1066 194
608 459
54 19
280 226
1807 75
95 1808
422 161
688 590
285 351
267 307
1313 299
1809 174
1212 128
63 606
637 118
122 280
276 927
196 108
176 367
68 430
70 1098
1810 250
566 1577
367 21
63 804
469 612
259 119
765 218
44 629
487 680
1036 348
311 1811
990 208
967 11
503 220
181 589
487 838
175 459
1605 301
178 266
492 221
114 999
37 1393
311 10
957 549
300 1702
158 1481
284 335
1260 449
13 881
137 47
896 280
520 125
161 120
105 692
1812 459
39 260
62 233
331 37
1813 125
679 124
212 1814
91 1815
900 216
586 704
128 131
465 804
311 177
148 143
57 1150
10 129
548 57
