100 391
0 1
0 2
0 3
0 4
0 5
0 6
0 7
0 8
0 9
0 10
11 1
11 12
11 2
11 13
11 3
11 14
11 15
11 16
11 6
11 17
11 18
11 19
11 20
11 21
11 22
11 23
11 9
11 24
25 1
25 26
25 2
25 0
25 4
25 5
25 6
25 19
25 27
25 21
25 28
25 13
29 3
29 4
29 5
29 30
29 16
29 13
31 1
31 16
31 13
32 33
34 1
35 36
35 16
35 37
28 1
28 2
28 3
28 5
28 7
28 20
28 23
38 39
38 40
38 41
42 43
42 3
42 10
44 45
44 27
44 3
41 46
41 43
41 26
41 47
41 0
41 11
41 25
41 48
41 49
41 16
41 17
41 18
41 50
41 7
41 13
41 22
41 29
41 51
41 31
41 2
41 52
41 14
41 53
41 4
41 6
41 19
41 34
41 54
41 55
41 37
41 56
41 57
41 3
41 12
41 58
41 5
41 35
41 59
41 60
41 21
41 61
41 28
41 23
41 62
41 63
41 64
41 65
41 66
41 67
41 36
41 1
41 68
41 69
41 10
41 70
41 9
41 71
72 35
72 59
72 27
72 7
72 8
72 73
16 13
16 3
16 23
16 67
17 13
74 75
74 36
7 3
7 5
7 23
8 6
8 3
76 1
76 34
76 5
33 77
33 6
33 20
33 10
78 1
78 44
78 36
75 51
24 43
24 15
24 16
24 18
24 7
24 9
56 65
56 3
56 13
79 1
79 6
79 13
22 15
22 30
22 72
22 33
22 6
22 19
22 7
22 23
22 9
22 10
80 1
23 3
63 72
63 16
63 75
63 13
64 69
64 18
66 9
66 2
81 1
36 1
36 55
36 82
69 43
69 3
69 1
69 16
69 6
69 59
69 19
69 13
20 1
20 12
20 2
20 5
20 17
20 7
20 10
83 35
46 1
46 30
84 10
84 7
49 77
49 36
49 6
49 10
18 1
18 2
18 3
18 16
18 6
18 17
18 20
18 28
18 13
18 9
13 43
2 1
2 3
2 16
2 23
85 1
85 51
86 1
4 2
4 3
4 1
4 5
4 18
4 13
4 21
4 28
4 23
4 9
6 15
6 12
6 2
6 3
6 17
6 7
6 23
87 59
87 41
30 43
30 59
30 16
30 85
30 42
30 88
30 49
30 5
30 17
30 10
30 1
59 2
59 1
59 5
27 3
27 5
21 1
21 12
21 2
21 3
21 5
21 6
21 20
21 28
21 23
21 9
12 3
12 16
12 13
1 17
1 89
1 15
1 90
1 3
1 5
1 27
1 23
1 88
1 12
1 16
1 67
1 10
9 1
9 3
9 17
9 20
9 28
9 23
10 43
10 91
10 3
10 16
77 92
77 16
26 21
26 2
39 36
52 43
52 30
52 88
52 36
19 1
19 12
19 3
19 86
19 4
19 16
19 6
19 17
19 18
19 21
19 28
19 23
19 9
37 13
92 55
92 16
57 43
57 3
57 33
57 1
57 16
57 35
57 75
57 37
57 10
5 3
93 49
93 94
93 63
95 41
95 34
95 11
95 25
95 69
95 17
95 7
95 13
95 96
95 28
95 97
95 2
95 14
95 4
95 6
95 19
95 56
95 57
95 90
95 3
95 5
95 79
95 59
95 21
95 80
95 23
95 88
95 12
95 1
95 98
95 68
95 93
95 9
95 10
14 3
14 72
14 1
14 18
14 10
14 27
14 7
14 76
65 1
65 43
94 1
99 54
99 18
99 41
