265 744
0 1
0 2
0 3
0 4
0 5
0 6
1 7
1 2
1 8
1 6
1 9
7 10
7 8
7 11
7 9
7 12
10 13
10 14
10 11
10 15
10 12
13 14
13 15
14 16
14 11
16 17
16 11
16 18
17 19
17 20
17 18
19 20
19 21
20 22
20 18
20 21
20 23
22 2
22 8
22 18
22 24
22 23
2 8
2 5
2 24
8 11
8 18
11 18
25 26
25 27
25 28
26 29
26 27
26 30
29 31
29 30
29 32
31 33
31 34
31 32
33 34
33 35
33 36
33 37
34 38
34 32
34 35
34 39
38 40
38 32
38 41
38 39
38 42
40 43
40 44
40 41
40 45
40 42
43 44
43 45
43 46
43 47
43 48
44 49
44 41
44 48
44 50
49 27
49 30
49 41
49 51
49 50
27 30
27 28
27 51
30 32
30 41
32 41
35 52
35 39
35 36
35 53
52 54
52 39
52 55
52 53
52 56
54 57
54 58
54 55
54 59
54 56
57 58
57 59
57 60
57 61
57 62
58 63
58 55
58 62
58 64
63 45
63 55
63 42
63 65
63 64
45 42
45 46
45 65
39 55
39 42
55 42
36 66
36 53
36 37
36 67
66 68
66 53
66 69
66 67
66 70
68 71
68 72
68 69
68 73
68 70
71 72
71 73
71 74
71 75
71 76
72 77
72 69
72 76
72 78
77 59
77 69
77 56
77 78
77 79
59 56
59 60
59 79
53 69
53 56
69 56
37 80
37 67
80 81
80 67
80 82
81 83
81 84
81 82
83 84
83 85
84 86
84 82
84 85
84 87
86 73
86 82
86 70
86 87
86 88
73 70
73 74
73 88
67 82
67 70
82 70
85 89
85 87
89 90
89 87
89 91
90 92
90 93
90 91
92 93
92 94
93 95
93 91
93 94
93 96
95 74
95 91
95 88
95 97
95 96
74 88
74 75
74 97
87 91
87 88
91 88
94 98
94 96
98 99
98 96
98 100
99 101
99 102
99 100
101 102
101 103
101 104
102 105
102 100
102 103
102 106
105 75
105 97
105 100
105 107
105 106
75 97
75 76
75 107
97 96
97 100
96 100
103 108
103 106
103 104
103 109
108 110
108 106
108 111
108 112
108 109
110 113
110 114
110 111
110 115
110 112
113 114
113 116
113 115
113 117
114 118
114 111
114 116
114 119
118 76
118 107
118 111
118 78
118 119
76 107
76 78
107 106
107 111
106 111
116 120
116 119
116 117
116 121
120 60
120 119
120 79
120 122
120 121
60 79
60 61
60 122
78 119
78 79
119 79
104 123
104 109
123 124
123 109
123 125
124 126
124 127
124 125
126 127
126 128
126 129
127 130
127 125
127 128
127 131
130 115
130 112
130 125
130 132
130 131
115 112
115 117
115 132
112 109
112 125
109 125
128 133
128 131
128 129
128 134
133 135
133 131
133 136
133 137
133 134
135 138
135 139
135 136
135 140
135 137
138 139
138 141
138 142
138 143
138 140
139 144
139 136
139 141
139 145
144 117
144 132
144 136
144 121
144 145
117 132
117 121
132 131
132 136
131 136
141 146
141 145
141 142
141 147
146 61
146 122
146 145
146 148
146 147
61 122
61 62
61 148
122 121
122 145
121 145
142 149
142 147
142 143
142 150
149 151
149 147
149 152
149 153
149 150
151 154
151 155
151 152
151 156
151 153
154 155
154 157
154 158
154 156
155 159
155 152
155 157
155 160
159 62
159 148
159 152
159 64
159 160
62 148
62 64
148 147
148 152
147 152
157 161
157 160
157 158
157 162
161 46
161 65
161 160
161 163
161 162
46 65
46 47
46 163
65 64
65 160
64 160
158 164
158 162
158 156
158 165
164 166
164 162
164 167
164 165
164 168
166 169
166 170
166 167
166 171
166 168
169 170
169 172
169 171
169 173
169 174
170 175
170 167
170 172
170 176
175 47
175 163
175 167
175 177
175 176
47 163
47 48
47 177
163 162
163 167
162 167
48 178
48 50
48 177
178 179
178 50
178 180
178 177
178 181
179 182
179 183
179 180
179 184
179 181
182 183
182 184
182 185
182 186
183 187
183 180
187 28
187 51
187 180
28 51
51 50
51 180
50 180
172 188
172 176
172 174
172 189
188 184
188 176
188 181
188 190
188 189
184 181
184 185
184 190
177 176
177 181
176 181
156 191
156 165
156 153
191 192
191 165
191 193
191 153
191 194
192 195
192 196
192 193
192 197
192 194
195 196
195 197
195 198
195 199
195 200
196 201
196 193
196 200
196 202
201 171
201 193
201 168
201 203
201 202
171 168
171 173
171 203
165 193
165 168
193 168
143 204
143 150
143 140
143 205
204 197
204 150
204 194
204 205
204 206
197 194
197 198
197 206
153 150
153 194
150 194
140 207
140 205
140 137
207 208
207 205
207 209
207 137
207 210
208 211
208 212
208 209
208 213
208 210
211 212
211 213
211 214
212 215
212 209
212 214
212 216
215 198
215 209
215 206
215 217
215 216
198 206
198 199
198 217
205 209
205 206
209 206
129 218
129 134
218 213
218 134
218 210
213 210
137 134
137 210
134 210
214 219
214 216
219 220
219 216
219 221
220 222
220 223
220 221
222 223
222 224
222 225
223 226
223 221
223 224
223 227
226 199
226 217
226 221
226 228
226 227
199 217
199 200
199 228
217 216
217 221
216 221
224 229
224 227
224 225
224 230
229 231
229 227
229 232
229 233
229 230
231 234
231 235
231 232
231 236
231 233
234 235
234 237
234 236
234 238
235 239
235 232
235 237
235 240
239 200
239 228
239 232
239 202
239 240
200 228
200 202
228 227
228 232
227 232
237 241
237 240
237 238
237 242
241 173
241 203
241 240
241 243
241 242
173 203
173 174
173 243
203 202
203 240
202 240
225 244
225 230
244 245
244 230
244 246
245 247
245 248
245 246
247 248
247 249
247 250
248 251
248 246
248 249
248 252
251 236
251 233
251 246
251 253
251 252
236 233
236 238
236 253
233 230
233 246
230 246
238 254
238 242
238 253
254 3
254 242
254 255
254 253
254 256
3 4
3 255
3 6
3 256
4 257
4 255
4 5
4 258
257 174
257 243
257 255
257 189
257 258
174 243
174 189
243 242
243 255
242 255
5 259
5 258
5 24
259 185
259 190
259 258
259 260
259 24
185 190
185 186
185 260
190 189
190 258
189 258
249 261
249 252
249 250
249 262
261 6
261 252
261 256
261 9
261 262
6 256
6 9
253 252
253 256
252 256
250 263
250 262
263 15
263 262
263 12
15 12
9 262
9 12
262 12
21 264
21 23
264 186
264 260
264 23
186 260
260 24
260 23
24 23
