42 105
0 1
2 3
4 5
6 7
8 9
10 11
12 13
14 15
16 17
10 18
6 18
14 19
16 1
0 18
20 21
22 23
24 25
26 19
27 25
28 7
22 11
29 30
31 1
21 32
1 32
33 19
26 5
8 34
28 19
16 11
35 25
31 3
4 17
33 11
30 25
5 36
6 34
20 37
12 7
29 11
13 38
33 37
39 27
10 9
35 32
10 5
29 3
28 9
8 30
6 40
4 30
9 32
12 37
29 21
7 36
26 40
14 3
31 5
40 25
0 30
14 27
31 24
35 36
0 41
22 24
26 21
4 23
4 37
12 27
39 34
16 40
33 35
15 36
12 1
2 40
14 23
22 13
39 41
17 38
6 23
3 38
20 24
22 41
18 38
10 27
31 34
0 19
41 36
2 37
35 38
8 15
2 41
8 13
2 9
28 17
28 24
20 18
20 15
29 7
16 15
23 32
26 13
39 21
39 17
33 34
