331 1391
0 1
2 3
4 5
6 7
8 9
10 11
12 11
13 14
15 16
17 18
19 20
21 22
23 24
6 25
2 26
6 27
28 29
30 31
32 33
34 35
36 37
38 39
40 41
15 11
42 43
44 45
46 47
39 48
49 50
51 52
53 48
54 13
55 56
57 58
59 30
60 55
61 41
62 63
64 65
66 67
68 3
69 70
71 72
30 67
24 14
73 45
74 75
76 57
77 78
68 20
79 34
26 65
2 80
26 50
81 82
83 40
84 11
2 14
69 85
80 68
86 37
66 87
88 89
6 5
90 91
92 93
81 93
79 58
30 94
95 56
9 96
97 98
99 65
100 36
86 10
54 39
28 101
102 20
103 104
105 106
49 51
107 73
108 109
77 110
65 3
111 98
83 112
76 34
113 114
115 15
2 34
116 16
117 118
91 98
30 119
10 107
13 42
4 120
105 121
122 123
124 125
67 126
127 128
28 91
5 35
129 91
130 97
39 131
132 69
80 32
128 39
78 133
134 73
135 35
136 48
137 138
139 140
141 57
120 15
142 55
30 143
144 58
145 10
146 4
147 91
145 37
148 42
149 46
76 127
15 150
30 56
89 73
151 152
89 113
153 50
154 155
156 157
46 158
159 160
95 161
162 55
163 153
49 164
165 161
72 37
23 89
31 161
109 65
2 166
167 68
49 168
80 131
31 129
72 169
13 127
16 93
10 34
145 51
170 73
122 89
171 126
6 18
10 113
159 172
159 173
121 114
105 78
51 42
34 50
46 174
169 158
30 55
4 3
135 93
151 76
121 73
133 12
19 175
176 68
36 177
54 128
178 106
167 35
2 151
26 148
179 52
180 47
27 15
181 182
159 183
24 166
115 35
24 153
78 34
103 31
88 128
12 73
159 65
66 119
166 128
88 184
48 97
67 162
185 186
121 58
187 188
64 75
21 58
189 190
191 182
151 48
53 192
6 79
193 53
191 20
2 135
194 31
95 55
184 55
5 15
195 186
196 171
78 153
6 135
79 11
2 49
156 197
198 199
68 150
30 137
3 50
78 73
120 200
21 34
176 65
10 73
86 141
6 106
201 20
81 65
194 39
141 97
6 115
80 50
88 37
88 78
76 14
49 43
202 145
147 53
80 35
28 203
176 50
204 205
92 35
36 192
54 78
170 107
206 11
159 207
208 209
30 210
53 90
211 82
212 69
194 91
55 153
30 213
2 16
106 113
65 115
150 93
52 214
122 215
216 106
217 218
134 107
202 53
156 140
4 49
219 53
220 49
221 133
222 49
37 53
223 58
73 58
111 134
42 22
84 58
52 62
26 93
167 15
53 224
69 58
4 20
225 119
89 58
77 24
88 10
10 97
53 14
4 34
21 107
226 3
107 45
13 105
227 228
81 68
229 96
197 158
134 34
122 164
6 97
230 41
80 231
197 206
122 232
6 92
105 10
80 15
233 234
36 131
159 228
193 39
75 91
15 34
17 107
27 235
169 182
55 126
177 97
193 236
237 238
20 25
36 47
239 53
240 91
36 122
194 13
2 27
66 55
84 34
36 241
233 22
242 135
194 243
144 34
5 68
23 10
30 173
2 127
211 39
4 153
6 120
149 180
31 20
36 147
11 73
71 35
128 34
83 244
151 37
194 36
206 73
177 0
229 58
36 103
184 127
77 128
245 243
111 215
2 120
174 180
246 106
6 232
200 116
196 56
243 247
122 134
6 34
116 248
196 87
37 97
121 11
249 250
228 21
251 20
168 52
252 31
6 123
68 11
61 186
8 224
78 145
78 57
2 105
42 253
136 152
13 34
67 69
202 39
34 73
177 91
77 141
141 145
82 153
4 118
254 255
136 111
64 99
13 97
2 167
95 67
256 50
87 257
23 141
135 68
107 144
219 39
39 20
161 206
212 258
36 13
66 56
77 89
5 93
68 92
154 71
49 35
68 16
4 167
39 240
2 20
46 233
142 56
67 55
46 204
79 73
6 89
6 80
259 112
202 101
53 260
171 56
102 122
149 36
127 106
23 114
122 75
78 58
59 177
42 183
52 253
4 81
141 166
6 118
6 20
106 166
159 261
262 241
42 91
81 15
263 138
264 204
237 57
65 153
265 161
220 42
34 91
36 205
49 68
251 175
150 50
46 152
34 58
193 31
115 93
77 2
106 94
239 91
64 93
184 91
184 14
31 90
120 68
99 93
2 153
11 57
184 57
106 238
23 37
37 34
159 35
54 237
37 39
224 91
65 11
252 91
128 57
122 141
106 39
134 48
31 192
36 128
60 56
115 266
120 35
71 7
118 93
78 11
267 39
218 184
268 260
269 240
101 230
159 148
252 39
270 271
272 273
274 175
31 42
211 240
52 160
37 91
265 275
78 127
156 161
64 15
146 153
122 276
36 30
161 39
121 238
50 186
244 186
148 49
2 88
17 11
151 128
49 160
88 98
4 16
4 277
122 1
89 238
139 161
6 176
86 136
49 183
46 48
2 97
201 232
31 75
59 152
278 279
77 13
193 203
20 91
151 225
159 104
180 158
10 58
177 53
39 192
145 230
133 144
71 131
133 34
151 141
58 45
142 67
105 141
184 166
89 11
47 31
193 110
12 58
39 241
52 280
26 68
159 280
140 153
25 260
31 267
37 31
2 92
17 73
38 53
281 116
42 39
187 257
141 14
23 121
155 35
69 197
77 10
39 14
282 184
266 133
83 230
4 176
283 122
79 165
2 277
39 90
237 34
82 284
223 11
285 101
106 112
33 192
27 50
37 238
36 224
147 39
266 107
242 197
71 93
229 8
267 91
21 110
4 27
37 14
159 2
151 10
30 286
237 97
228 49
134 11
99 35
15 153
135 15
32 279
31 131
196 55
220 52
65 92
287 18
140 184
149 39
170 34
288 255
81 35
106 289
290 20
252 53
159 222
219 31
65 250
281 16
62 291
52 170
159 103
36 161
222 42
142 87
67 257
122 97
4 155
52 56
122 181
54 76
24 113
137 106
122 79
36 105
168 42
88 237
10 238
239 32
120 93
5 292
65 16
151 181
2 99
87 212
4 80
88 106
212 67
173 52
121 107
206 107
63 56
228 52
30 246
46 111
106 114
91 192
24 34
86 2
293 273
71 65
13 57
229 11
76 238
134 181
99 74
59 31
294 122
133 11
30 24
47 39
161 91
257 55
176 35
30 295
36 38
6 296
65 186
297 106
41 112
30 298
205 91
164 42
2 150
267 53
4 115
229 133
54 10
53 131
119 161
299 75
36 219
49 15
193 91
122 53
2 131
82 184
75 39
54 24
73 91
221 58
77 237
122 133
13 88
158 98
87 162
4 26
8 96
118 35
151 121
106 1
17 34
201 175
115 68
95 79
100 91
277 15
155 93
110 48
68 186
300 262
105 128
96 29
47 53
21 11
133 121
194 53
76 39
78 113
149 53
277 68
184 163
145 301
95 302
30 216
122 137
53 129
2 54
176 76
6 71
23 106
167 194
122 39
188 303
304 30
86 13
266 58
106 286
162 171
80 93
62 56
126 56
38 161
49 214
10 127
287 69
4 99
133 45
49 65
221 34
49 104
6 155
37 47
23 128
122 305
164 158
222 52
53 161
42 104
24 238
15 20
53 306
167 65
6 150
20 93
266 11
186 35
153 93
78 114
210 106
92 163
6 164
141 238
13 23
209 307
128 91
167 50
54 139
204 22
15 186
2 64
2 186
101 301
77 228
17 58
176 93
169 175
145 285
81 10
308 264
36 267
277 50
196 132
11 92
89 34
59 53
150 35
87 62
23 184
59 110
122 25
2 11
6 99
31 14
68 153
10 115
101 203
184 238
84 73
187 303
249 309
6 110
49 93
65 310
264 205
184 131
77 121
184 53
81 6
151 184
4 256
81 50
6 1
54 184
151 13
4 92
151 111
100 53
11 91
11 35
30 297
211 53
220 116
53 241
305 69
166 237
30 289
184 311
96 43
11 45
202 91
54 36
159 15
71 15
151 114
89 107
3 35
2 155
128 14
106 295
13 123
105 89
42 96
17 133
105 114
71 68
127 89
13 247
205 39
167 6
266 93
229 34
80 65
122 91
311 153
34 93
237 14
312 188
122 310
136 181
178 58
282 153
122 106
155 50
265 27
52 96
49 22
10 14
68 155
115 313
36 129
6 256
159 43
79 133
88 121
223 73
314 240
79 256
272 33
88 76
38 31
67 27
52 104
203 98
68 27
57 34
11 50
59 91
20 35
65 256
123 268
122 296
31 48
48 91
23 76
36 59
247 39
84 133
141 127
315 166
15 92
56 291
31 240
68 34
219 91
159 96
24 106
106 298
31 128
24 184
24 57
159 214
36 14
49 253
78 238
59 39
178 30
134 58
34 45
78 184
4 11
120 131
37 57
86 76
46 168
13 166
27 93
202 31
23 237
71 50
52 316
42 53
6 310
99 75
36 90
86 184
84 107
201 290
36 106
151 237
77 82
133 58
228 42
120 50
159 164
145 237
36 76
36 75
24 114
277 65
15 256
317 158
196 67
52 183
170 63
148 52
2 145
107 58
265 79
13 145
140 206
88 24
105 24
122 110
6 276
172 104
87 55
221 107
2 176
88 114
39 224
277 93
221 11
58 91
140 161
119 79
146 184
186 93
30 106
15 118
53 240
313 240
159 253
6 153
15 155
217 161
49 96
67 275
218 266
54 53
229 107
256 35
145 128
82 14
159 4
212 55
16 35
206 58
100 82
24 145
37 127
122 174
238 291
52 164
65 118
6 16
141 34
266 34
4 186
77 106
99 15
122 113
69 315
76 166
135 50
161 256
177 31
292 318
197 161
233 42
319 61
281 125
129 39
11 58
243 123
170 58
6 11
127 237
91 131
77 37
36 252
159 50
320 275
78 14
122 168
105 237
87 126
23 78
4 150
38 91
162 56
36 184
64 50
106 161
133 57
26 15
65 150
290 175
77 114
287 58
263 199
65 155
167 82
36 193
60 87
15 3
135 65
229 73
149 31
2 57
184 39
54 91
280 42
11 34
133 134
223 133
6 75
99 68
136 176
10 114
199 98
316 42
161 158
52 22
2 118
11 144
184 34
30 112
59 106
321 322
207 20
6 277
196 84
65 27
13 49
11 93
323 106
211 31
211 36
36 48
5 65
49 316
31 85
191 175
16 131
127 121
144 73
128 53
267 272
86 177
122 7
30 39
100 39
103 53
173 49
159 6
42 214
257 63
211 218
2 5
128 238
12 34
133 21
6 137
30 161
173 106
324 22
10 131
31 106
46 225
2 256
179 63
6 49
16 50
28 96
256 93
228 48
86 24
21 73
6 134
206 34
49 280
325 213
25 268
6 172
223 34
76 91
68 256
223 107
54 31
54 141
211 91
121 34
24 127
8 231
86 78
2 115
159 316
149 91
115 50
6 141
105 37
184 31
304 106
37 166
257 291
152 97
67 62
173 42
31 147
103 39
149 139
31 239
78 107
2 71
53 75
6 305
6 215
283 6
3 93
107 57
91 14
127 114
151 78
29 98
42 291
47 91
76 97
64 68
77 76
2 81
4 64
243 205
219 27
146 53
145 184
6 26
122 172
159 22
170 291
6 64
59 236
159 68
151 24
105 184
170 11
30 166
133 170
140 158
77 184
36 20
111 182
6 3
107 91
133 73
279 192
4 135
24 97
30 1
111 97
2 238
31 224
92 198
86 128
301 326
89 133
160 42
320 213
78 166
89 114
133 107
167 245
152 182
52 43
36 239
30 323
54 37
41 244
184 97
266 73
133 91
122 18
133 206
105 76
65 20
30 87
207 183
173 172
124 16
205 31
145 203
122 31
68 118
6 113
327 299
157 280
120 65
151 106
6 133
64 35
6 174
86 237
181 97
134 152
5 50
36 202
205 53
159 13
99 50
81 184
28 199
113 121
153 35
36 42
114 238
76 145
60 67
36 240
193 152
257 52
0 215
76 53
176 15
31 241
6 186
149 54
242 140
128 97
88 141
4 71
12 107
328 240
79 107
62 55
179 291
26 35
257 56
244 241
103 91
159 93
69 291
13 238
159 168
76 31
329 302
239 39
13 52
167 93
27 35
95 87
137 259
78 97
106 213
6 181
10 133
159 220
218 153
2 23
92 50
80 317
46 181
159 51
177 39
91 241
53 268
151 89
212 56
180 168
218 15
106 143
217 140
20 50
234 291
48 182
59 193
47 255
53 20
184 115
221 73
242 330
65 34
6 168
178 18
118 50
277 35
57 73
100 31
66 98
329 306
