1960 4621
0 1
2 3
4 5
6 7
8 9
10 11
12 13
14 15
16 17
18 19
20 21
22 23
24 25
26 27
28 29
30 31
32 33
34 35
36 37
18 38
39 40
41 42
43 44
45 46
18 47
48 49
50 51
52 51
53 15
54 55
18 56
57 51
45 58
59 51
8 60
28 61
48 62
63 64
5 65
66 67
68 51
69 15
70 71
72 51
73 5
74 75
76 77
78 51
79 51
80 81
82 5
83 84
85 86
87 88
89 90
18 91
92 93
15 94
18 95
96 97
15 98
99 51
100 101
102 103
104 105
106 45
107 108
109 110
18 111
43 112
113 15
114 115
116 117
118 119
120 51
121 122
123 15
124 125
48 126
127 128
129 130
131 132
11 51
133 134
135 136
45 137
138 139
140 141
142 143
144 145
146 147
74 148
149 51
150 15
151 152
153 154
155 45
156 51
157 158
159 160
51 161
162 163
164 165
166 167
168 15
51 169
170 171
172 173
174 51
175 51
70 176
177 178
179 180
181 182
164 183
184 185
186 51
187 188
189 190
191 192
48 193
194 195
196 197
198 199
200 201
202 51
203 204
45 205
206 207
208 209
189 210
164 211
212 213
214 191
51 215
162 216
217 218
219 220
70 221
222 223
224 225
1 226
45 227
45 38
87 228
229 230
231 232
233 234
235 236
237 238
239 51
240 241
15 242
237 243
244 245
49 246
207 15
247 32
248 249
250 251
252 51
253 254
244 45
32 255
256 257
258 51
48 259
260 261
262 263
48 264
18 265
114 266
267 268
269 270
15 271
272 273
189 274
275 276
277 278
249 45
279 245
100 15
280 281
282 283
284 285
187 286
18 287
288 289
290 291
15 292
293 294
295 296
181 297
298 112
299 300
301 302
303 304
70 15
305 306
307 308
118 309
48 310
311 312
313 314
315 316
317 318
319 15
320 321
322 15
323 324
237 325
133 326
64 327
328 317
32 329
330 331
332 333
189 51
334 17
335 336
337 338
339 265
13 45
340 341
342 343
109 344
51 345
346 347
70 48
348 51
129 349
275 350
351 352
353 354
18 355
356 357
358 359
51 360
361 190
38 362
363 364
107 365
366 367
368 369
370 371
351 372
194 218
373 374
375 51
376 15
377 51
160 51
378 347
379 380
381 382
383 384
48 385
386 161
45 387
388 15
389 157
338 15
6 390
391 392
70 393
394 395
233 45
279 396
153 15
43 397
398 399
180 51
400 401
333 402
403 404
193 405
406 407
408 409
410 51
411 412
413 51
18 138
414 415
45 416
18 417
418 419
109 316
420 421
422 423
219 51
424 425
426 427
428 429
0 430
431 432
433 434
189 435
18 436
437 438
15 439
398 291
440 3
441 442
443 162
15 444
48 445
446 447
28 448
449 450
451 452
453 454
455 51
456 52
153 45
457 458
107 459
70 400
460 461
462 463
464 465
51 466
48 467
468 51
469 51
470 471
472 473
474 428
475 476
342 250
477 478
277 45
386 479
440 78
480 51
481 482
483 51
445 484
485 444
486 487
488 489
490 463
48 482
45 491
492 45
493 51
494 399
495 496
15 497
70 498
499 500
501 502
503 15
504 505
506 507
116 508
509 510
93 51
511 512
513 51
514 515
516 517
518 51
519 63
520 521
45 522
45 523
524 525
526 527
45 528
70 529
129 530
531 532
533 51
534 535
70 536
537 538
48 539
308 45
540 541
542 9
494 51
154 15
189 442
543 544
545 15
273 546
547 279
548 549
188 102
550 51
551 552
553 554
45 555
268 556
557 558
559 122
560 406
561 547
562 15
64 563
51 103
564 15
94 565
566 567
568 569
335 395
570 45
124 571
45 572
345 573
574 51
15 575
51 349
346 576
70 577
578 579
580 581
582 122
583 51
482 584
585 586
366 587
588 51
589 15
470 590
557 591
592 593
43 93
164 594
595 463
15 596
597 51
45 598
51 599
600 162
74 601
533 397
74 591
556 602
48 603
604 605
606 15
194 607
608 102
609 610
48 611
48 405
612 613
45 614
615 616
617 618
619 620
256 68
217 621
622 256
70 623
486 51
624 506
340 625
626 51
627 64
628 629
630 631
632 633
617 634
635 636
51 637
45 638
639 500
337 640
641 642
312 643
45 275
235 15
51 644
645 51
410 646
296 51
15 647
70 648
649 650
651 652
653 284
273 654
655 45
11 656
70 420
140 657
311 658
273 51
43 298
659 660
612 661
105 317
249 662
663 51
664 64
665 51
208 666
104 317
667 668
669 670
671 377
672 673
193 674
108 675
676 677
666 678
679 680
681 682
683 684
43 685
537 686
144 195
687 688
689 223
70 421
690 691
692 693
15 414
615 694
695 696
697 640
317 698
206 495
699 700
43 42
701 702
703 704
70 460
705 706
45 707
48 708
709 406
532 710
48 711
712 713
487 51
714 715
64 716
142 51
717 51
718 719
720 721
722 723
724 45
722 725
726 285
727 51
728 729
730 731
732 525
109 733
734 735
15 736
537 737
36 738
739 57
612 51
426 740
26 741
45 742
301 743
45 744
80 745
64 746
747 748
749 750
607 51
751 453
752 753
51 754
755 51
46 756
165 51
611 757
758 67
51 759
43 760
761 382
762 45
763 764
765 595
51 766
767 768
769 51
389 372
638 770
771 15
340 744
208 772
773 51
774 324
775 776
185 452
777 778
779 780
781 782
15 716
45 268
704 783
711 784
504 51
45 785
45 786
777 787
238 788
789 185
790 404
51 791
792 385
793 97
45 794
578 310
51 795
48 796
797 798
168 317
799 51
273 800
801 750
665 802
803 804
516 15
15 805
806 51
807 463
743 808
18 809
88 51
45 437
810 89
638 811
9 812
178 208
48 813
615 814
815 816
256 817
818 45
819 15
48 433
820 439
18 696
133 821
228 822
718 823
824 825
431 136
365 826
827 15
217 828
556 94
15 829
830 122
164 197
831 832
833 834
28 835
260 836
837 64
838 712
144 839
840 841
237 788
660 842
418 659
843 51
749 844
14 845
200 846
847 848
587 849
45 850
851 818
409 852
812 853
96 793
854 45
855 856
191 857
379 858
15 859
860 96
861 862
48 863
864 865
353 51
866 867
868 869
870 51
732 510
871 872
538 15
505 11
873 95
335 51
638 874
18 108
875 876
486 286
688 877
875 878
879 880
881 596
45 649
882 51
703 883
45 602
569 122
884 885
816 548
682 536
233 886
887 888
109 889
258 382
51 102
45 873
890 891
74 614
892 51
189 893
45 894
48 15
895 896
897 898
899 473
900 901
208 902
903 904
342 51
905 51
906 882
474 907
908 463
809 909
269 373
503 53
910 45
911 912
913 45
914 15
485 915
437 916
917 51
80 918
919 15
553 920
370 51
921 634
810 922
923 924
925 236
493 296
504 731
718 926
927 51
580 51
351 928
70 929
45 930
931 932
45 933
934 935
936 51
45 237
45 937
74 938
939 940
51 941
942 943
15 944
393 945
946 947
948 949
51 684
950 51
348 232
45 951
952 45
705 44
953 954
568 122
45 955
641 956
957 958
379 959
418 960
379 15
815 940
256 51
961 778
549 51
962 963
964 51
51 853
109 51
965 45
966 967
821 968
969 51
970 819
971 972
679 406
973 974
699 399
334 975
976 102
212 977
45 132
777 978
979 45
70 945
267 980
619 174
981 45
386 982
983 17
984 51
985 45
422 986
131 794
441 987
624 122
164 701
761 51
775 988
989 990
991 992
116 993
431 51
994 995
140 304
18 996
997 463
498 406
671 51
998 717
311 999
386 1000
164 1001
550 1002
1003 45
1004 45
925 168
335 1005
1006 619
45 1007
1008 51
1009 1010
1011 1012
231 1013
1014 1015
1016 51
1017 1018
194 474
1019 646
1020 1021
219 1022
1023 51
87 1024
48 1025
351 1026
1027 51
398 51
1028 904
1029 1030
1031 1032
1033 1034
1035 94
1036 1037
464 1038
658 999
540 767
1039 1040
15 267
1041 1042
45 1043
70 1044
335 1045
1046 1047
882 688
337 1048
753 51
1049 445
1050 51
1051 724
234 1052
1053 490
897 159
1054 119
1055 689
1056 1057
1058 645
929 332
279 244
1059 1060
1061 1062
1063 51
6 1064
578 1065
409 1066
48 451
1067 1068
861 57
1058 743
742 1069
1070 45
15 369
1071 1072
208 51
1073 809
1074 1075
51 1076
676 623
519 45
257 51
747 871
797 1077
48 226
910 64
843 542
1078 181
438 1079
732 524
45 1080
94 535
686 606
45 436
1081 827
177 1082
83 1083
699 73
1084 1085
70 1037
367 121
1086 832
1087 1088
129 787
778 51
1089 1090
15 1091
17 45
1092 45
1093 875
367 51
129 1094
865 340
28 1095
1096 786
1097 1098
714 981
45 943
48 1099
1100 1101
253 281
1102 1103
890 1104
1105 51
1106 1107
1108 122
129 1109
164 1110
1111 1112
761 1113
1114 1115
122 973
790 403
803 1116
300 1117
64 1118
70 261
48 1036
45 756
1119 303
1120 1121
887 15
365 1122
1123 1124
628 1125
887 1126
1127 1128
1129 270
45 1042
73 51
1130 51
935 239
256 66
831 1131
747 1132
6 671
386 1133
1010 1134
1135 5
45 1136
753 1137
15 1138
653 1139
1140 15
1141 51
1142 1143
116 220
1144 45
15 1145
1146 1147
1148 1149
162 472
70 1150
1038 51
1151 1152
91 528
234 45
45 1153
437 1154
965 715
43 533
340 1155
48 1156
48 393
224 719
164 1157
570 1158
1146 1159
1160 589
70 677
1103 51
15 781
1081 1161
365 1162
576 51
1163 137
320 649
982 1164
1165 51
299 1016
1166 829
1016 1167
733 51
51 201
1168 45
289 15
258 120
1169 1013
260 1170
868 51
70 789
888 901
15 820
1171 1044
1172 75
553 1173
1173 100
15 350
1048 15
386 1174
30 1175
45 368
10 1176
531 1177
1178 1179
295 493
1180 623
141 1181
70 403
70 953
1182 425
838 1183
129 626
1184 1185
45 1186
164 1187
279 1188
195 748
1189 892
599 1190
468 1191
443 1192
1017 51
1193 1165
70 1194
9 86
1195 877
1196 632
48 578
100 1197
259 1198
208 768
51 1199
1200 285
48 1201
1202 1074
0 1203
45 320
730 51
189 822
1131 291
209 905
1204 51
45 1181
1205 51
76 1206
579 1207
1208 51
1209 506
1210 1211
1212 45
94 980
275 1213
875 16
48 1214
1146 1215
997 51
935 51
273 1216
1217 15
728 1150
1218 102
293 733
70 1219
600 913
1220 1221
1189 1222
153 54
761 645
887 1223
47 943
1224 51
164 1225
45 553
332 1226
1227 51
599 1199
1228 1047
607 1229
1230 51
1231 1232
51 1233
709 1234
858 15
321 638
45 276
429 1235
279 45
45 1236
124 872
48 33
1237 51
219 568
1062 15
1238 406
1239 1240
164 1241
916 1154
51 787
1242 349
194 1243
1244 463
760 42
253 1245
106 64
548 1246
968 51
1247 165
45 1248
11 1249
627 15
45 1250
219 1175
572 1251
409 51
489 45
249 1252
391 1253
94 605
464 1002
1254 1004
317 1255
689 361
30 1256
630 45
48 460
70 1257
1240 51
1258 51
14 545
323 1259
79 122
1260 541
690 51
1261 1262
1051 45
63 15
1263 1264
1265 1266
1267 1268
1269 988
824 51
124 968
273 24
333 51
231 1237
1241 51
989 870
475 979
94 1270
177 1271
70 1056
48 23
1272 5
1188 45
1273 11
317 723
51 1274
124 842
959 1275
70 1276
1196 37
1243 51
803 928
1277 51
1278 1279
1280 51
460 1281
1282 45
1283 621
705 1284
1285 169
687 51
124 1286
1287 45
70 928
153 55
1288 1289
431 1286
1046 593
394 51
1290 64
703 1090
273 1291
45 1292
740 1293
144 1294
732 1295
1296 51
923 582
1297 1298
1299 51
231 51
1050 1300
1301 500
856 1302
264 1303
463 1134
1304 970
45 1041
1305 51
1011 1306
559 830
1212 878
1307 45
41 1308
11 1309
1310 1311
689 93
478 51
70 1281
1312 662
410 1313
70 1028
764 64
1314 1315
18 933
259 784
1316 1041
144 1283
891 1317
1184 1318
432 1319
611 261
1320 1321
890 1322
1323 201
792 1099
310 1324
206 517
781 1325
458 317
45 1326
875 15
194 198
1327 1328
43 223
617 1329
714 388
269 51
428 907
208 1330
1331 566
1332 587
15 485
1333 51
68 1334
243 915
181 1008
429 901
231 1335
1145 497
526 1336
1212 1337
1338 1339
469 844
1340 51
592 51
537 15
776 15
1341 699
892 1130
1342 617
217 1283
540 825
1343 1344
189 1345
83 1248
1346 1347
1348 45
203 1123
1316 1349
386 1350
1351 436
273 1352
1049 1353
1354 175
217 51
1355 45
96 1262
597 665
1356 51
561 999
700 1357
981 1358
1359 45
953 813
781 1360
94 604
1213 276
1361 1256
520 1362
1033 332
410 1013
1363 51
1305 490
636 1364
386 1233
810 1342
15 967
578 1365
958 1366
43 88
858 1367
1368 1369
301 588
483 1108
70 1370
48 1219
74 1371
1195 688
398 1372
1373 131
231 1374
208 1334
1375 15
309 111
1142 1376
964 883
428 1377
48 1378
15 368
556 1379
1293 1380
622 9
1216 72
990 842
1381 463
45 1382
70 406
43 1383
353 1384
301 1385
1053 1386
45 191
1060 1387
353 1388
1200 1389
1390 45
1391 653
94 534
511 1319
51 479
1392 56
1285 1245
45 321
386 1393
1394 51
1114 1395
742 1396
398 186
1397 1270
293 1398
18 930
1236 459
409 1399
824 817
164 196
124 211
396 45
1400 1401
221 1365
194 1402
307 45
576 99
49 1403
45 313
208 767
519 1404
1405 706
366 51
189 670
1406 51
14 69
48 283
647 694
689 1407
124 1027
489 1408
259 1409
803 1104
1410 874
543 45
1111 92
194 51
261 1411
70 891
1412 380
480 122
1413 15
45 1414
953 1415
1199 1416
640 15
1269 413
26 1417
1081 15
70 404
1418 186
1265 258
763 363
253 336
476 15
1419 1420
611 1203
581 51
45 509
1421 51
1400 755
1422 1423
116 51
1424 711
1425 1426
292 1427
1428 1429
1430 1431
1432 1001
1433 51
572 1434
994 793
1435 51
1387 45
1067 45
1436 1167
1437 5
1438 64
2 440
94 1295
796 33
1439 1440
418 870
1219 709
1245 721
1430 1300
237 1251
655 447
1441 15
70 1442
781 1443
45 39
1444 51
178 772
265 1326
27 1445
1314 491
1049 1317
993 1446
514 1447
328 15
76 727
25 51
15 1448
1449 1450
1451 51
45 1452
1439 1247
1024 527
1453 15
432 51
164 1064
393 467
1073 857
1035 980
45 1454
463 1455
1238 679
24 51
526 1456
1457 1458
780 1459
1261 45
1064 51
133 51
705 1460
1461 1186
370 1462
972 1463
189 72
537 376
845 1464
45 1465
45 995
256 435
256 1466
124 1467
376 1217
1468 330
206 15
962 1469
1331 1470
1471 85
45 1472
901 151
790 1065
217 1473
1377 51
622 1466
1432 1439
1474 51
1 1281
847 45
1462 711
938 558
1475 740
45 1476
1477 1478
732 271
848 45
1450 15
231 735
1479 1279
209 51
1395 45
1349 1091
1377 901
1480 1315
548 1481
45 1371
247 1482
1067 15
911 1426
51 285
48 357
1171 1483
144 1484
1261 1485
795 766
1113 1486
1487 45
560 407
866 6
81 88
70 372
1488 1348
1282 64
664 1489
409 542
1490 1491
116 595
633 15
1492 598
11 795
122 974
517 15
194 1493
70 185
48 1494
1495 1496
1497 45
232 51
398 1418
312 45
1216 51
1498 1499
50 1462
511 135
172 1500
45 1501
133 968
856 242
210 51
268 1186
1394 1502
537 1503
48 1504
950 1505
45 1506
1084 45
104 15
1203 1507
51 656
200 740
1508 61
1146 1394
889 759
1509 15
48 584
1316 1148
1510 555
1511 749
1228 1046
1512 51
1513 285
45 64
1514 1515
1424 371
1516 874
45 814
1517 63
597 802
828 1518
1356 1519
792 71
921 90
1053 1313
370 50
0 1507
159 51
189 225
1063 1520
1521 1386
1522 688
750 51
970 15
1319 51
1472 205
45 1379
109 1523
15 556
1524 1076
185 1525
256 1291
152 51
1526 1527
1528 417
658 317
807 51
249 278
214 192
470 1529
1530 356
1412 1531
15 1532
1533 45
1534 1535
1536 945
431 866
1537 1538
100 881
579 1539
978 51
1540 1092
540 1334
638 1476
1469 963
80 72
1541 1542
1294 51
15 1321
45 636
1542 1543
1173 15
779 99
1544 45
1301 51
219 1545
73 1437
1546 4
43 1066
311 1547
48 1548
153 1549
51 798
1410 955
1196 15
54 51
1336 51
48 890
1550 1447
1084 854
718 1078
143 51
1551 1552
45 265
897 546
109 1190
1432 1478
619 1522
51 1380
45 1553
18 362
475 1423
124 1215
998 1009
1111 1554
115 51
181 1555
1093 878
1556 102
758 1557
246 1257
934 1231
1558 954
1559 45
775 1421
1560 1071
219 1561
1111 713
74 860
64 1043
45 652
45 340
15 1562
1563 45
48 1564
1346 45
1224 1565
140 91
931 895
719 51
611 1411
1566 932
409 1567
1541 1268
599 1233
703 494
397 51
1568 15
1084 289
1569 1570
1247 1477
400 1571
498 648
485 1452
194 199
293 1572
1573 1470
18 909
1273 1249
51 1574
1575 45
83 1576
293 1109
428 51
1577 51
1578 508
937 1579
824 1260
1286 1580
364 15
423 51
1581 1582
688 51
1583 1178
1584 51
70 23
1060 45
1260 1585
1586 15
1587 51
45 1588
26 668
15 742
926 719
846 201
253 1398
1435 122
288 21
45 556
395 51
1587 1002
678 152
15 1589
776 1590
1087 530
1189 51
790 282
1412 1287
164 946
1142 1447
1591 1592
1119 230
641 1593
1594 1595
485 1596
231 1050
299 1167
1331 1597
1398 51
1417 269
708 150
1132 1598
1206 727
1531 15
253 1289
1515 463
124 1599
590 1600
45 1601
51 1133
1177 45
864 340
45 642
175 559
998 51
1501 1529
74 558
1602 51
1437 51
248 1252
45 1314
1603 1252
1604 463
18 1382
206 516
184 1150
1605 758
45 696
220 1606
52 773
116 1607
1112 51
1278 1608
803 1558
48 904
1052 45
45 1118
212 45
15 1035
1486 285
18 1609
1610 1611
323 1581
1587 550
553 856
43 663
1612 51
1299 901
1038 1613
1404 45
43 143
564 1375
939 815
1614 631
724 1615
540 1577
1616 15
1487 311
660 1617
1371 591
372 1026
1618 1619
1515 1620
1006 688
1621 51
1622 509
45 40
122 1623
1461 1096
1214 1624
1161 45
504 1200
263 45
699 1625
1626 319
1111 190
36 1627
1432 673
45 1628
1629 15
841 45
51 500
1484 1329
475 1282
1612 1630
887 1594
531 985
120 1374
860 97
1247 1023
1631 1632
164 51
1633 315
267 967
1431 285
1497 64
219 1634
1580 51
1426 15
351 329
28 575
15 1635
1636 14
1080 1618
301 1637
1522 51
942 38
401 332
249 51
431 183
1638 850
1639 15
1354 102
749 1640
1094 1572
1106 51
43 1008
49 1641
488 1346
456 1642
861 1328
1291 800
768 1585
311 1643
1230 1569
189 1340
45 1644
379 446
15 28
1157 51
1540 45
279 1645
617 1646
526 1647
366 1361
189 1648
51 122
1247 1649
1339 45
542 51
705 1388
728 184
337 15
45 1492
638 1650
154 1651
1652 940
22 1156
1653 1624
567 96
45 1654
335 394
48 1655
48 1127
208 1656
45 107
1621 1657
566 1658
351 247
854 1659
1383 51
405 1025
486 499
51 1660
1661 613
1141 506
758 1103
861 1393
492 308
14 1503
969 257
1662 1335
14 1586
48 401
1111 156
37 738
15 1427
1450 64
913 162
70 246
48 1403
435 51
1227 413
370 1663
15 1095
1664 1175
1477 51
1621 1284
1665 1639
175 1666
803 813
45 1667
1019 51
1668 51
1669 1244
51 1179
208 1030
1023 936
928 1116
1111 987
288 319
492 155
646 51
189 1216
124 377
386 1328
464 1100
924 1607
189 1557
470 1537
1556 608
714 965
703 1357
48 728
557 205
1120 982
45 938
45 1172
131 313
1268 51
1670 45
507 1671
1672 1485
864 625
18 309
45 1532
1673 1674
777 454
1340 435
70 1536
1675 1676
1677 1678
851 45
43 574
638 1679
70 1180
1051 1144
70 1558
258 1680
51 812
624 1475
15 1596
1493 51
590 304
1567 51
1681 1682
45 1321
1601 450
1683 316
660 419
311 538
45 1516
1343 1684
603 1504
107 1122
45 47
366 846
1282 1685
408 1686
485 707
129 51
488 517
368 1687
1412 1688
45 238
15 641
718 1345
566 995
15 1197
1190 1021
117 463
133 1689
153 975
985 1690
713 51
811 1679
1410 1476
1557 1345
366 1691
217 839
1692 1693
12 1188
1517 15
18 46
1431 51
253 644
1694 1695
354 51
1696 1697
1560 1698
791 336
1065 1548
1210 1699
488 1347
681 1700
1053 646
400 529
51 1701
70 1026
1489 64
193 1702
386 1005
1703 15
64 1704
1612 463
1705 1706
219 1583
1707 1170
1495 45
769 1352
1457 1708
109 1416
48 729
929 529
953 1558
15 1297
15 1454
541 51
1709 51
51 1710
1189 1711
486 1301
764 15
153 51
15 64
1712 1480
134 326
48 1171
601 523
771 115
76 1713
11 1714
51 740
1483 1442
1715 1062
45 675
26 573
1716 1717
1304 1718
1400 248
597 1033
1133 1005
1114 106
293 51
1221 51
45 341
688 143
175 483
175 717
335 1719
15 1083
512 594
48 400
133 1720
923 1561
485 292
491 417
775 1721
1722 1496
500 1723
921 1724
1062 45
398 1725
761 1565
122 1129
51 1591
557 148
1254 45
526 670
927 1398
1694 212
608 500
1685 64
1545 1561
48 1702
1011 1368
45 1726
652 1465
323 1727
1636 885
890 539
389 1653
682 903
582 1728
1729 15
1712 1376
1728 122
1422 1062
1722 1540
1730 1619
661 1731
45 1537
732 98
189 228
615 369
1732 51
977 213
343 51
1253 1733
600 45
1316 1091
1585 1734
70 1415
1735 51
302 51
1736 305
15 1737
1707 51
1546 186
629 129
1738 1733
122 360
48 150
45 108
269 1520
100 1562
976 1611
879 962
513 11
802 51
747 882
64 951
840 15
51 889
638 1739
320 1679
15 1007
699 662
258 1266
1453 289
1493 1294
48 501
124 134
140 1181
1212 1254
26 1710
70 1198
64 1589
48 1442
312 233
45 309
48 1624
632 15
1331 1573
1343 198
45 1320
653 1740
1722 589
983 981
630 1741
553 1695
15 835
334 1742
409 1743
175 1744
15 856
219 1606
45 782
617 1684
1275 15
346 1745
1215 51
1314 192
231 35
418 1746
32 1482
1448 1434
1747 51
1049 484
208 375
366 31
7 51
917 392
1621 1577
763 15
464 51
1657 353
1748 45
1749 162
1683 240
994 137
1198 711
1750 64
856 1751
301 1224
39 368
109 1021
1645 45
1333 1152
1752 64
31 51
15 1295
1311 11
1753 51
1325 1360
902 51
1754 51
463 1755
1571 62
1756 36
1757 51
51 1289
1080 230
368 40
1654 1136
124 871
1725 5
288 1453
398 1758
48 1238
430 1156
1750 1759
1347 45
70 407
1621 1460
1208 5
1107 11
28 1760
41 51
386 1761
1160 15
353 1762
45 18
311 263
1763 45
398 1131
15 1079
1096 732
18 515
985 64
389 539
1576 1764
761 1765
45 1096
380 15
218 51
934 1766
537 1636
1152 51
1425 15
1767 1372
1718 45
838 1768
1669 1391
1083 84
1058 1637
116 1446
742 1149
410 1769
70 171
409 1204
1770 45
610 1771
45 1772
45 148
43 1768
1142 1550
18 331
45 355
233 643
1107 51
1590 15
712 51
15 1773
1774 1553
153 1750
1469 51
26 1279
521 15
615 647
48 709
898 1743
15 51
293 1775
48 1776
900 51
934 199
1636 45
1423 15
1189 1777
590 850
100 1043
428 1221
1189 1778
1779 51
1178 1677
710 45
1408 45
45 510
9 683
124 702
1780 1719
655 307
231 1781
1577 1460
1441 1782
124 390
173 15
1783 5
458 1616
639 1723
1784 317
906 688
1785 58
45 1097
18 1726
45 1447
21 15
210 893
660 518
1068 45
70 128
122 65
334 1500
1786 260
460 226
26 51
420 1011
391 869
1526 39
1787 1740
1788 1435
629 530
1652 1264
718 1789
1790 1516
831 1783
353 1405
934 1791
1343 1191
281 1121
1668 285
1792 51
1757 266
177 160
1720 1793
129 1242
45 1704
994 1644
45 111
578 1548
1161 1068
290 1258
1600 850
856 1635
948 1405
486 1779
22 1564
428 1220
997 908
1794 1211
1628 497
32 1795
15 317
611 176
26 1445
1467 51
1070 1404
436 1726
732 1682
653 51
194 1191
1436 1796
201 973
116 924
1210 1014
1797 8
1573 1597
18 756
1798 645
771 51
526 1753
386 51
164 1724
845 45
164 799
995 1644
14 885
1603 1799
342 1800
590 303
1801 41
1802 1803
253 721
45 1804
457 589
1628 414
122 1805
45 1806
1642 51
1080 1315
775 687
295 1027
1081 562
102 1677
703 832
443 277
704 51
1521 463
15 1807
400 1808
1758 5
83 1764
1751 1302
48 1207
856 1079
70 1525
831 82
1405 51
43 66
70 32
740 427
841 15
48 185
177 1809
1756 15
1810 1803
401 1808
1811 1187
274 1648
1688 15
556 1773
752 1137
1146 1502
231 1300
45 1155
1812 637
1506 1813
886 1670
1114 495
45 470
1814 122
556 605
777 986
15 1434
131 1815
1373 1815
745 685
422 51
1274 110
48 790
678 1816
51 1817
1342 1818
1620 463
556 642
48 792
48 1011
122 270
41 669
475 1408
131 1819
48 1257
553 1772
45 1443
617 802
51 1309
655 446
1341 1625
48 1128
70 1820
1630 51
332 402
1792 1474
1147 1157
295 125
781 473
504 1389
237 1821
1141 1822
15 1264
814 325
1823 1613
1824 1825
114 51
76 51
777 961
1433 252
1712 1095
860 793
51 1174
64 414
926 51
758 1340
723 698
1701 77
703 783
1799 1826
1783 51
70 324
43 222
1608 1827
1628 894
483 122
258 1565
1828 27
682 1700
386 240
45 1829
1604 51
386 1830
1497 1003
19 1588
673 1831
726 51
1823 1227
123 64
1028 1832
207 1833
28 1834
273 685
6 51
1169 51
1696 332
202 1835
1415 1409
45 1373
45 1325
208 1029
1167 51
334 15
1105 1766
45 100
678 1836
975 1549
70 1837
753 801
28 439
983 1355
109 759
188 1218
253 1479
1498 939
1187 51
368 1527
51 270
1469 1240
48 484
1212 1004
409 898
41 1474
1806 1838
503 113
18 119
45 650
1401 51
311 1307
1585 1273
15 438
1621 949
15 534
519 1559
387 844
1008 663
51 1623
1680 285
609 1839
1142 625
45 939
409 210
856 1840
45 15
1703 1629
70 157
334 1651
45 1251
1018 51
1147 51
332 51
1088 253
794 1007
1777 1159
960 51
761 1798
1595 901
1105 239
480 79
475 45
948 905
1841 15
1111 51
921 1329
1587 1101
51 1000
466 637
177 51
1842 1168
74 523
1651 15
547 1645
107 230
1793 1202
1823 1843
340 1122
15 216
1003 64
1649 1844
45 472
1697 51
775 1782
15 855
678 902
253 927
48 1483
993 51
1732 1663
841 1742
781 1845
288 20
70 184
1641 1403
70 170
32 1353
48 1037
553 1840
1407 51
1307 485
132 1819
15 565
81 51
1454 736
1652 1506
1846 45
654 546
451 185
492 447
553 598
638 1847
1161 1067
398 1767
816 1481
703 1089
747 1473
48 1104
1687 1527
26 345
1610 1848
932 51
742 1148
1800 64
714 1358
1616 317
1835 122
777 1675
1533 1849
45 1658
15 563
231 147
1043 746
208 905
1062 1154
1850 1466
1851 1852
1419 838
18 1465
865 625
45 139
537 1217
45 424
658 45
70 790
813 1378
844 51
864 192
784 863
824 1853
1665 15
253 51
1797 1249
731 51
460 1028
45 1854
1855 15
70 323
597 586
45 75
48 1530
1323 1209
699 1312
557 523
51 1524
1084 1491
464 1613
162 58
353 1363
1729 64
1432 1831
1856 1519
657 826
1857 797
1436 300
1230 1170
664 15
1119 835
1594 901
1214 1036
1770 64
45 916
612 1018
1028 903
153 819
1246 51
1304 1629
821 51
55 51
1802 1810
153 1651
344 204
1119 304
249 277
48 22
18 1858
1449 64
838 51
70 1365
994 1163
520 15
1742 15
26 667
1520 51
1628 1553
758 1859
70 1841
847 851
26 1520
109 1429
131 1579
45 1860
1861 51
511 377
70 728
370 1424
1862 76
1046 402
1407 1165
266 51
1613 51
51 1288
431 135
74 1414
526 1024
1863 424
1020 1350
1724 799
15 1764
1864 1858
15 1508
1839 1865
18 1866
109 349
295 51
1712 1315
1755 1455
48 784
189 1183
15 1302
43 1474
18 1804
18 1867
1304 819
1868 51
732 786
1110 183
43 1792
1547 45
726 1431
1468 1869
45 815
36 1196
1791 1222
556 1186
619 1110
1432 51
751 1713
48 1203
1209 51
14 234
48 679
48 1369
45 1870
366 487
398 494
30 1578
593 51
543 1846
718 51
363 15
100 554
1756 45
1034 332
711 1194
1730 46
342 1871
48 804
1689 15
208 59
519 1070
1578 122
15 881
779 51
901 1872
1354 1744
1210 51
194 1294
1784 45
1375 688
43 1102
1058 1787
1400 1767
1873 355
1118 416
1692 1845
15 1692
747 1493
18 1326
1799 51
1581 1530
453 777
1141 1009
572 1576
51 1592
366 1674
258 1374
765 463
1261 96
51 741
299 1117
1498 563
45 874
45 95
1410 132
728 774
828 194
1196 738
1874 1336
1849 45
1500 1413
424 1875
70 1876
1132 688
779 378
1667 857
1430 1662
1877 51
45 362
211 51
15 1499
28 1508
1652 1263
488 1348
1396 1069
208 1853
1878 1879
1142 1804
15 794
1880 698
1881 252
1882 45
45 746
1085 45
1879 15
1883 51
45 1138
164 1778
122 374
181 1884
15 415
631 1575
353 706
90 51
1334 51
1597 1470
1193 222
253 791
1581 356
48 674
194 1221
682 1180
255 329
311 45
1668 284
1502 51
352 1885
899 1838
503 1879
1205 588
753 1747
1177 1882
149 211
765 51
45 996
1881 760
458 15
1286 51
847 1763
449 1589
1886 1887
1171 577
1798 51
1568 1689
70 1888
1775 26
45 19
1889 272
440 1246
492 307
32 71
1202 1434
1475 122
51 1755
1220 51
467 1890
862 294
1210 55
1891 912
547 45
26 1892
462 1381
441 397
181 51
337 1842
177 159
369 616
1585 766
548 2
1556 51
966 956
70 0
45 1893
682 1876
1009 1380
847 1413
293 668
1022 1583
45 1485
1738 1031
45 162
856 805
1223 45
1285 1827
114 564
1009 507
1892 1894
1290 764
1094 51
80 1336
1535 919
1685 45
1046 592
28 1785
392 51
48 1895
28 1737
708 15
1665 64
705 274
6 594
151 51
48 1727
1735 957
521 1362
116 1240
45 1618
810 90
96 1302
678 51
1688 380
409 1896
565 770
890 255
1247 51
45 811
1299 1377
169 644
921 571
488 1488
189 1165
43 1103
45 1396
731 285
1357 5
1750 45
1860 555
1444 549
102 1611
191 1667
881 64
777 626
1785 162
1469 1239
538 737
747 1187
256 25
1531 64
1573 1854
23 1201
51 1077
1514 849
1895 482
1881 513
833 1489
70 611
612 1897
346 378
45 809
667 51
659 1898
1071 51
548 51
208 68
278 45
1811 51
48 1234
43 81
1102 51
1072 51
231 1169
365 439
92 51
1638 933
1823 413
1899 462
206 1833
1544 396
1391 1900
15 1845
400 929
45 1529
1835 51
51 1242
106 1901
1304 15
94 1902
131 314
1359 1192
1519 51
830 1009
267 350
1115 45
379 1367
1426 45
70 1317
301 808
1390 15
627 1531
124 1580
544 1846
488 45
419 51
1604 807
1690 64
227 894
463 798
933 1382
45 1863
718 1102
15 1263
1903 15
51 683
51 1009
115 15
259 501
1904 332
48 1905
346 99
1906 979
519 155
1067 1535
78 1246
299 1467
48 1507
845 64
1214 1653
1691 51
906 51
6 1296
677 15
1044 577
470 1501
1907 1908
102 1179
301 807
1573 1492
249 1341
617 51
335 741
45 213
1162 1122
515 1909
1826 51
122 1574
48 682
1809 1082
30 1910
634 1684
1768 44
1647 918
1680 1513
1911 930
1469 1022
1287 64
173 1749
437 1182
619 51
1878 1903
45 449
1406 513
1496 15
1009 1455
1752 1729
838 713
1114 919
614 148
1912 419
563 327
579 433
9 853
619 872
41 1433
45 980
1828 130
15 535
299 51
15 1913
1080 1619
259 502
48 255
45 1182
290 1208
124 1796
1171 1025
1855 388
463 1010
460 1641
15 327
910 1748
405 1171
934 1130
1788 122
532 45
1752 15
15 1682
975 45
48 452
18 744
1806 387
599 1416
293 739
715 45
1787 285
379 388
1699 51
1081 476
181 1914
1844 51
847 818
1537 590
1385 463
672 180
1053 51
837 15
45 471
1028 623
245 45
557 1414
1343 89
1823 51
1910 31
1915 1643
504 730
45 1098
1697 332
728 1259
642 1379
103 1179
1344 1766
117 880
1765 51
1703 1304
301 1513
48 1916
1188 952
1917 1428
1464 45
440 661
1788 1178
1810 15
400 1536
153 1014
677 1841
164 1883
1817 1077
1002 51
379 1275
1918 570
153 1015
1565 51
1561 51
777 1174
32 796
1251 1821
389 603
22 171
777 51
1281 461
836 611
191 826
18 1588
815 549
1919 426
1355 162
189 1407
1920 51
59 1330
638 955
48 1322
45 1921
831 1418
334 16
1108 797
1922 1921
279 886
630 1144
43 51
15 602
1306 1923
15 1270
1759 64
641 1069
1080 1119
1573 1250
15 1166
274 51
781 1922
30 51
1903 317
1358 45
744 1869
840 1509
1924 45
1569 122
64 725
48 1832
1896 852
15 243
856 1197
366 1673
45 781
1634 122
15 915
1917 254
526 1792
1753 1456
651 95
70 247
1126 15
1915 45
182 297
64 416
45 1154
1006 620
1614 45
1207 434
1534 21
28 820
48 953
643 45
1512 11
233 1670
365 657
45 1864
706 51
48 1065
15 1316
14 1052
703 1566
45 417
1255 318
1877 285
272 1925
124 1844
1889 1743
1814 51
922 145
206 1061
102 1817
1816 51
1856 1706
124 1232
1919 1134
1471 1714
299 296
1692 163
463 941
485 829
269 167
335 1897
1209 201
45 1163
285 1592
74 1153
609 1072
546 51
236 45
1832 1926
691 51
774 323
20 15
107 1162
18 873
1845 1693
779 1459
70 127
124 1711
1573 522
1927 1928
189 298
15 770
1598 688
556 1682
613 51
572 1448
761 1877
1238 792
51 1005
262 244
460 1494
987 1554
70 954
15 1255
366 455
1446 51
1918 45
714 45
45 1815
279 1544
1323 740
9 51
1402 1929
1327 51
1662 231
70 1116
901 51
1139 1765
720 1930
777 1931
496 45
1932 557
15 572
15 318
45 1922
15 1396
792 1933
1535 15
697 104
1913 29
1586 69
418 51
1628 1934
273 1925
317 216
1170 51
1615 45
45 1813
1146 51
129 344
18 943
70 351
1316 1149
1292 1935
1011 1776
15 1902
1230 202
840 834
18 1909
951 1704
1314 1860
1920 1877
1119 229
470 1538
409 843
175 691
728 126
418 1936
51 463
1937 1908
897 1030
70 1933
15 1593
831 896
299 383
45 459
1843 465
334 1425
1478 51
1585 853
1269 771
64 596
934 468
45 131
959 15
1388 1384
18 675
717 201
226 1494
76 1592
1718 162
1104 804
630 1639
51 1822
941 798
656 1309
1737 835
1230 1786
51 1455
1353 1795
1059 1387
1735 1938
353 593
179 51
15 83
1127 1939
98 1295
279 376
1630 463
1741 45
45 425
271 1138
1803 45
1622 1379
1193 1399
225 1914
1736 374
1940 1941
288 364
74 1942
45 91
18 1807
11 766
1048 640
402 51
1412 15
1237 1754
953 1378
45 314
15 1397
443 45
914 317
1842 45
48 903
1523 733
911 1549
1628 227
1702 674
70 682
1866 1867
1602 1642
45 1819
173 162
897 1567
1146 1232
806 755
323 264
1718 1355
423 1747
612 1731
1062 1250
1699 1258
15 732
1332 79
1709 165
45 287
1874 51
43 1195
699 51
194 1518
739 51
590 1119
638 1516
508 122
448 1095
668 51
164 1709
15 1854
1491 45
353 1228
279 1849
45 857
422 1852
1646 51
48 1571
48 757
1189 1791
718 297
1758 51
562 476
0 1820
15 84
124 1231
1782 51
911 45
1285 1608
1451 1204
334 45
1460 51
1086 51
660 1912
878 15
583 1567
1214 1837
1284 949
855 805
295 799
129 204
834 15
1135 1758
253 573
839 51
1343 239
1207 433
1219 498
566 45
1698 51
1193 1082
1239 51
1374 51
869 51
1848 1943
45 1875
28 1807
51 336
1532 163
554 1829
1637 51
761 1224
895 831
689 1204
1156 1564
288 532
1587 681
74 785
531 45
463 1943
1627 15
1782 15
1895 584
703 51
15 1298
1836 1872
368 1501
231 1754
1778 51
45 558
790 283
45 1739
238 1080
617 1484
249 806
48 836
775 51
45 331
74 1472
456 478
887 113
1930 1761
45 1609
18 1869
194 1229
1599 51
1511 1640
961 51
15 1576
383 295
4 82
231 1944
70 1482
399 51
1853 1656
1760 1834
1469 1435
342 1438
258 726
753 1851
201 360
934 1157
526 51
15 1834
682 708
1715 45
1432 1599
1142 1712
1146 196
1011 421
557 75
1893 58
1113 285
45 140
1660 161
732 1681
64 859
824 1330
1661 51
1788 51
831 51
1596 444
653 1205
590 1870
1285 1289
1862 1713
653 1798
999 45
1628 1098
617 1818
655 1497
45 1838
737 15
864 214
672 936
1243 218
114 1721
48 681
1053 1305
447 45
1393 1945
544 45
1111 1419
1212 1749
18 139
1614 710
5 639
707 1452
1891 45
311 1915
386 1930
1530 357
45 1573
237 1080
172 1275
1756 1627
1191 51
1323 51
832 51
792 1525
18 652
220 51
338 45
70 259
449 1806
48 323
311 1784
129 1675
1489 15
45 994
1506 1628
1918 1158
18 528
1329 51
1206 51
1467 1215
1316 1593
1462 51
1248 471
856 1695
45 450
1772 920
460 1702
1911 1155
781 472
1276 1057
45 1619
1296 7
124 936
1633 1676
1012 1776
1734 1714
908 51
45 94
15 1202
901 152
1330 51
1176 11
1946 1655
45 1935
18 1870
100 1829
1740 285
367 122
595 51
48 1259
1696 51
105 15
321 1739
45 271
1261 1672
1666 201
51 1129
553 1492
864 191
1430 1630
1876 536
1313 1769
1314 1480
164 1147
409 1280
176 1820
1690 45
1823 1886
1084 1659
393 62
687 1421
1848 463
1259 1727
302 1637
70 1483
45 1847
1271 51
1863 1875
1432 180
1924 1337
899 1097
45 1650
1647 80
1208 1783
386 1164
43 745
781 951
1710 741
1773 602
164 1617
109 1274
742 1316
1108 51
572 1075
662 51
732 1298
1306 1127
297 51
1947 51
45 1858
51 1285
280 1894
1061 45
1417 167
729 126
998 201
189 361
449 1601
891 1049
15 1527
70 1049
15 1349
1390 338
30 1606
15 524
455 487
48 1653
888 51
9 85
290 1794
1948 1225
1659 45
1488 45
1080 788
131 1148
409 583
1027 1796
45 1785
1490 1715
1949 51
48 1700
51 1416
45 1075
1081 1950
257 9
1193 209
1260 51
1706 51
18 636
948 1029
837 123
45 163
831 1086
129 1862
124 1023
1626 15
221 578
540 1384
1491 1085
810 618
1650 1847
48 1808
51 5
224 663
269 1063
94 1397
1951 675
51 972
1312 51
789 1525
114 1745
531 710
797 976
923 1446
125 571
930 1609
740 1380
231 146
422 1851
861 1945
437 1772
403 901
1566 51
1639 64
16 45
1952 773
15 1693
864 1834
1230 1835
1778 1064
26 1479
121 740
341 1155
102 1678
1067 919
342 1868
1722 1160
749 469
1856 1937
590 1376
504 10
1912 51
1332 908
422 778
638 1320
70 1409
224 823
1901 45
1406 11
153 1254
1473 839
1775 1125
70 711
74 45
531 1729
48 1946
890 1905
1350 1830
181 893
48 1890
45 1142
754 787
1338 45
1173 101
1046 51
490 51
1080 873
1500 15
948 160
70 1011
1722 15
557 1153
45 590
1873 996
1143 1376
860 1062
460 1
1399 51
15 725
1485 557
836 757
45 515
1635 242
747 621
1833 15
1824 285
441 156
45 1579
35 1944
259 1415
121 51
1261 567
1318 1185
567 1262
409 1686
51 573
1784 13
689 1953
282 901
189 1914
1920 285
15 1751
1534 1422
1587 1876
1546 1089
194 748
1055 1953
15 1320
758 1352
26 1125
1425 45
45 1392
499 286
1114 496
124 990
1801 1308
464 1843
1338 64
1840 1695
608 51
500 466
233 1586
1562 1197
1648 51
440 1018
51 110
15 1325
1105 1402
124 671
1628 1097
827 1950
861 51
89 51
1646 618
792 407
45 1600
45 325
475 489
15 162
1657 1762
1634 51
9 60
269 1076
70 1885
51 77
1884 1066
1868 1800
734 1754
45 330
26 395
51 306
15 1687
1663 51
481 1954
732 509
1219 1234
260 1707
876 1140
1061 1715
124 518
618 51
1196 633
691 102
1836 901
1796 51
70 1201
131 937
45 1942
758 769
189 669
253 1288
777 759
1046 1904
783 51
1572 51
984 343
672 1948
686 15
70 1795
1464 64
729 185
967 350
1087 1445
1235 901
273 25
273 1605
1307 263
48 803
366 1861
260 51
15 525
1536 393
129 1572
761 1139
1276 1056
1628 1145
122 215
1496 45
1942 1414
503 762
43 92
335 1661
1112 156
48 0
124 149
1290 15
155 1559
1574 215
1198 1194
1383 574
485 1427
189 252
763 364
1332 1861
716 1589
1339 64
355 287
1219 648
880 463
285 1825
856 438
1801 11
15 61
45 920
955 1476
861 1327
1219 420
689 1451
18 491
339 528
960 870
1573 805
1503 545
48 502
548 1444
45 1866
76 1824
1936 1746
45 56
1897 1045
1171 1946
1725 1272
236 15
1009 1671
1724 51
373 122
890 445
295 384
45 1867
51 1293
48 329
790 221
164 1948
989 1241
275 1042
1568 1202
140 826
838 1420
51 305
216 1499
18 1864
1606 51
70 774
15 698
386 1660
838 533
164 1811
87 1456
386 241
6 867
1614 1177
45 1074
485 1166
36 15
1385 1244
70 1036
48 1303
1749 15
1949 1698
26 1894
260 1955
735 1781
1907 991
599 1124
94 770
48 1028
678 1956
446 45
762 887
655 1450
45 909
1545 51
758 51
193 1044
235 45
749 752
630 1575
1361 30
1721 988
285 1591
1351 1181
14 837
460 1957
1438 1871
45 732
45 1213
635 459
1151 1716
15 1628
1763 848
288 15
1230 1570
1779 1301
18 1364
48 32
1691 1861
1810 45
15 101
409 1055
1952 580
1804 996
1628 1118
575 1807
599 110
840 154
1742 45
256 969
94 944
74 1172
1422 15
1269 1886
971 1825
320 650
1247 1440
1000 1233
15 448
1114 45
1093 15
64 415
293 862
45 1821
293 57
660 1898
1584 1505
1049 796
989 1936
301 51
231 348
191 47
45 1364
1528 1864
443 1359
612 1017
1643 45
15 694
249 755
1088 254
359 45
140 365
1115 1395
1614 1882
810 145
522 1658
124 1649
1741 1144
1553 1934
1189 1130
944 1902
311 13
387 1511
5 215
1850 408
1430 381
823 1789
11 1734
660 51
45 736
1546 783
695 138
219 1664
1584 950
801 51
231 1265
1692 227
317 1499
893 51
956 1593
45 591
70 1411
1816 902
45 940
785 1153
543 1404
107 1236
1280 1399
1443 782
346 266
15 1681
953 501
1705 51
346 51
1487 1547
1009 1822
48 356
41 1106
14 45
753 750
1857 201
921 922
354 1363
1392 18
175 690
15 723
431 1319
1436 946
45 977
1423 1062
166 1780
810 51
1229 51
619 1580
834 1509
375 1271
1517 64
30 480
437 425
45 1263
45 141
48 1368
1906 45
1059 1643
15 29
194 468
1621 1363
762 1223
700 5
1285 644
370 780
978 626
1432 179
114 1421
358 45
1854 1250
1105 1229
449 1360
1720 1202
317 497
1759 45
70 578
80 1874
1617 1001
1306 1128
48 434
814 237
1192 45
387 1838
1599 518
379 1855
761 381
699 1372
1053 1521
162 1532
1951 1866
80 822
1067 1347
966 1902
208 1271
1712 1143
45 1054
288 1626
164 947
15 956
18 1054
1456 51
1428 109
883 51
71 1933
1786 1955
680 452
1219 1012
475 1906
884 1346
1267 51
1512 505
481 1895
74 205
45 1264
1901 64
390 1711
500 637
70 1171
114 1958
1189 1502
102 1077
335 613
431 7
1899 1335
666 1956
1774 782
537 606
45 473
887 45
1128 1939
45 601
45 138
1780 335
1449 15
1300 51
1628 1813
875 1140
129 727
129 754
351 1317
1210 1258
0 176
1794 1210
617 585
45 1909
1441 51
1100 1587
164 512
45 1069
1247 1225
1028 1180
124 51
129 1676
194 1929
1105 1344
189 1433
779 1663
1708 1458
393 481
1484 51
410 1019
48 282
48 1049
1881 1310
1316 525
70 352
485 243
53 1879
886 45
1367 15
43 67
385 1099
485 1292
1880 1693
986 1931
48 1959
825 817
1013 51
688 142
48 246
43 1884
1084 910
15 615
1352 51
1904 1226
1523 51
1748 64
779 1732
876 15
900 888
279 952
334 1413
320 1739
654 51
660 1883
838 1648
279 1533
824 541
859 725
45 1672
486 1673
45 1869
299 197
1605 1859
45 1550
1193 1896
70 461
1248 470
1549 45
1745 1958
566 522
1812 1574
41 1107
1837 1888
65 1805
174 1522
1304 851
295 947
1310 11
1490 1068
34 147
48 1324
182 51
45 1934
410 146
1332 1664
80 51
45 1035
1105 935
653 1900
45 119
49 128
1314 1712
45 554
631 45
48 1708
124 701
1823 1887
45 1679
1418 51
1910 51
15 1760
1947 1401
1051 1615
284 51
556 604
9 684
912 45
1800 51
1469 1728
1689 1202
1212 1924
479 1174
1080 229
48 1939
619 1811
1135 51
539 1905
48 406
689 51
1903 914
477 51
1510 19
1247 1478
70 803
1314 555
442 1183
393 1571
70 1353
1883 1241
1337 45
48 1012
1814 1634
1400 1437
109 315
1495 15
585 597
1469 1545
1950 15
189 574
1870 696
1078 1555
275 1041
1074 572
51 1938
1857 1666
590 1538
422 1747
48 1641
763 1338
1062 1261
1503 15
48 1926
15 916
885 45
1802 15
1285 161
15 1360
15 616
1123 599
335 1892
948 1809
597 1697
70 560
51 1463
32 385
1287 1770
1322 1959
70 792
1059 45
253 1121
18 330
1473 51
470 292
410 232
653 588
505 51
1777 1146
1328 51
749 51
70 158
48 1457
781 1921
711 863
168 328
440 51
1109 130
114 1757
366 849
911 1891
495 45
1623 360
1126 113
