1174 1417
0 1
1 2
1 3
2 4
4 5
4 6
7 8
7 9
8 10
8 11
8 12
8 13
8 14
8 15
8 16
10 17
10 18
10 19
10 20
17 21
17 22
17 20
17 23
21 24
21 25
21 20
24 26
24 27
26 28
26 29
26 30
26 31
28 32
28 33
28 34
32 35
36 37
37 3
3 38
38 39
38 40
39 41
39 42
39 43
39 44
41 45
11 46
11 47
12 48
12 22
12 49
12 50
12 51
48 52
48 53
52 54
54 29
29 55
29 20
55 56
56 30
30 57
57 58
58 59
59 35
35 60
61 62
61 63
62 64
62 65
64 66
64 67
64 68
64 69
66 70
70 71
70 72
70 73
70 67
70 74
70 75
70 76
71 77
77 78
78 79
78 75
78 76
78 80
79 81
79 82
79 83
79 13
79 15
79 84
81 85
85 86
85 87
86 88
86 89
86 16
86 90
88 91
88 92
88 93
88 94
91 95
91 96
95 82
95 89
95 97
82 83
82 97
83 98
83 49
83 99
98 100
100 101
100 97
101 102
101 103
102 104
104 105
104 103
104 106
104 107
105 108
105 106
105 109
110 111
111 112
113 114
114 115
114 116
117 118
117 119
117 13
117 120
118 121
118 122
118 119
118 123
121 124
124 125
125 126
125 127
125 68
126 128
126 129
126 130
126 131
126 132
128 133
128 134
128 135
128 136
128 137
133 138
138 92
138 139
138 87
92 140
96 141
141 142
141 93
142 143
143 144
143 145
144 146
146 147
147 148
148 149
148 103
148 106
148 150
148 151
149 152
152 153
152 154
153 155
153 156
153 157
155 108
155 158
108 159
108 160
161 162
162 163
163 164
164 165
164 166
164 167
165 168
168 169
169 170
169 171
169 172
173 174
174 175
174 176
175 177
177 178
178 179
179 180
180 181
180 182
180 132
180 183
181 184
181 185
181 186
184 187
187 188
187 127
188 189
189 190
189 136
189 139
189 191
190 192
190 193
190 194
190 195
190 196
192 197
192 198
192 191
192 199
192 200
192 201
192 202
197 203
197 204
203 205
203 206
205 207
205 208
205 209
205 210
205 211
207 212
212 213
212 214
213 215
215 156
156 216
156 150
157 217
217 218
217 219
217 220
218 221
221 222
222 223
222 224
223 225
223 224
225 226
225 227
226 228
226 229
230 231
230 232
231 233
231 234
233 235
235 236
237 238
238 239
238 240
238 241
239 242
242 243
243 244
243 245
244 246
247 182
247 183
247 248
182 249
182 250
182 251
182 252
182 253
182 254
249 255
249 256
255 257
255 258
255 259
257 260
260 261
260 262
260 263
260 264
260 265
260 266
261 267
267 198
267 268
267 269
267 270
198 271
198 204
198 268
198 272
271 273
271 274
271 275
271 276
273 277
277 278
278 216
278 279
216 219
220 280
280 281
280 282
281 159
159 283
283 284
283 285
284 286
284 287
286 287
288 289
288 290
289 291
291 292
291 293
292 294
294 295
295 296
240 297
240 298
240 299
240 300
301 302
302 303
303 250
303 304
250 305
305 251
251 306
251 307
306 308
308 309
308 259
308 310
308 256
309 311
311 312
312 313
313 262
313 266
313 314
263 315
263 316
315 317
315 318
315 316
315 319
315 320
317 321
317 322
317 323
317 316
317 324
317 325
321 326
326 327
327 328
328 329
329 330
329 331
329 332
330 331
330 333
331 334
331 335
331 336
331 337
334 338
334 339
338 340
338 279
338 341
340 342
340 339
342 343
342 344
343 344
343 345
344 346
344 347
344 348
346 347
346 349
347 350
347 351
347 345
350 352
350 353
350 354
352 355
355 356
356 357
357 358
358 359
359 360
359 361
359 290
360 362
360 363
360 364
360 365
360 366
362 363
363 367
363 368
363 369
367 370
370 371
293 372
372 296
372 373
296 374
375 376
376 377
378 379
379 380
380 381
380 382
380 383
381 384
384 385
385 386
386 387
386 388
387 389
389 390
389 391
390 392
390 393
392 394
392 395
392 396
394 397
397 398
398 399
398 400
398 401
402 403
402 404
402 405
402 406
403 407
403 307
407 408
408 409
408 410
408 310
409 322
409 411
409 412
409 413
322 319
323 414
323 415
414 416
414 417
414 418
414 419
414 332
414 420
414 324
416 421
416 422
421 423
421 424
423 425
425 351
425 336
425 426
425 427
351 353
351 428
351 429
353 430
354 431
431 432
432 361
361 364
361 433
361 434
377 435
435 436
437 438
437 439
438 440
438 410
438 441
438 442
440 443
440 444
440 445
440 442
443 446
446 447
447 448
448 449
449 450
449 451
449 452
450 453
453 454
454 455
454 456
454 457
455 458
458 459
458 460
459 461
459 462
459 463
459 464
459 465
461 466
466 467
466 468
467 469
467 470
469 471
469 472
469 473
471 474
471 475
471 476
474 477
477 478
478 479
479 480
480 433
433 481
482 483
482 484
482 485
482 486
482 487
483 488
483 441
488 489
488 490
489 491
489 492
489 493
489 494
489 495
491 496
491 497
491 498
499 500
499 501
484 502
484 503
484 504
484 505
484 506
484 507
484 508
484 509
484 510
502 511
511 492
492 512
382 513
513 485
503 493
493 514
493 515
514 516
516 517
505 518
505 512
505 519
518 520
518 521
522 523
522 524
522 525
523 526
526 527
527 528
528 529
529 530
529 531
529 532
530 533
530 534
533 535
535 536
536 537
506 538
538 539
539 540
539 515
540 524
540 541
524 542
542 543
543 544
543 545
544 546
544 547
548 549
548 550
548 551
549 541
549 519
549 552
541 553
541 554
553 555
555 556
556 557
557 558
558 559
559 560
560 561
562 563
562 551
562 564
563 565
565 566
566 567
567 568
568 569
568 570
569 571
569 572
571 573
571 574
573 575
573 576
573 577
575 578
575 577
578 579
578 580
578 581
578 582
583 584
583 585
583 564
583 586
584 570
584 587
570 588
570 589
588 590
590 591
591 592
591 593
591 594
592 595
592 574
592 596
595 597
585 589
589 598
589 599
598 600
600 601
600 602
600 603
604 605
606 607
607 608
608 609
609 610
610 611
610 612
610 613
611 614
614 615
615 616
615 617
618 619
619 620
620 621
620 622
623 624
624 625
624 626
625 627
625 628
298 170
298 629
171 630
171 631
171 632
630 633
630 634
635 486
635 441
635 636
635 637
638 639
638 640
639 641
641 621
642 643
643 644
644 645
645 646
646 42
43 647
43 648
647 649
647 6
63 122
119 650
119 651
650 652
652 185
185 127
186 252
252 653
307 410
307 310
410 654
410 405
410 655
410 656
654 444
654 657
654 658
444 507
444 490
508 550
551 659
46 660
46 661
46 662
660 13
13 72
72 663
73 129
73 75
73 664
129 665
130 666
666 134
666 127
666 136
666 667
134 668
668 669
669 670
670 671
671 258
671 253
671 672
258 673
310 674
310 675
674 676
676 411
412 677
412 655
412 678
677 679
677 655
677 680
679 681
681 682
682 494
682 683
682 656
494 495
494 684
495 685
554 686
686 687
687 688
688 689
688 561
688 690
689 691
689 692
689 693
689 690
691 694
694 576
694 695
593 696
593 697
696 698
698 699
699 602
699 700
603 701
657 14
14 702
14 18
14 47
15 703
15 76
15 47
84 135
84 80
135 193
194 264
264 265
264 704
264 705
318 706
318 707
706 708
706 709
708 710
708 711
708 419
708 324
710 711
711 683
711 712
683 451
683 456
452 685
685 713
685 714
713 715
715 716
715 497
715 717
716 718
718 719
719 525
719 720
658 721
721 722
722 702
722 723
702 18
18 724
19 725
725 726
726 727
726 67
727 728
728 89
93 729
729 730
729 731
730 732
732 733
732 734
733 735
733 199
735 736
735 209
735 210
736 208
268 737
268 270
269 316
316 738
316 739
316 740
738 417
418 741
741 742
741 743
742 744
742 745
742 746
742 747
742 422
744 748
744 749
744 750
748 751
748 752
751 753
753 462
753 754
753 465
753 755
462 756
460 757
460 758
757 463
463 759
463 760
463 761
759 762
763 764
763 765
764 766
764 767
766 768
766 769
768 770
770 531
532 771
771 545
561 772
561 773
772 774
774 775
775 692
693 776
776 777
777 580
581 778
581 779
778 780
780 596
781 25
781 782
25 783
22 784
22 785
49 786
49 53
786 103
103 787
106 150
279 788
279 335
788 335
335 337
335 789
426 790
790 428
790 422
428 791
791 464
791 792
791 793
791 465
468 472
472 760
760 475
501 794
794 795
795 765
31 27
31 796
31 797
20 109
109 798
429 799
429 800
429 801
429 430
799 802
802 803
803 804
803 805
804 806
804 807
806 808
808 809
809 810
236 232
811 812
812 287
812 227
290 365
290 813
481 814
481 815
816 805
805 817
805 818
817 819
817 807
817 820
819 821
821 822
822 823
824 825
825 826
825 827
825 828
826 829
829 622
782 830
830 796
796 831
797 832
832 33
833 834
833 835
834 836
834 837
172 838
172 839
172 840
172 841
838 842
842 843
843 166
843 844
166 845
166 846
845 847
847 848
848 849
849 850
849 616
850 851
613 852
852 853
853 854
853 855
854 383
856 857
857 858
858 783
724 784
628 859
628 860
859 861
861 862
862 44
67 661
97 863
132 120
132 864
132 865
846 866
866 867
867 868
868 869
869 870
870 871
872 873
873 874
874 875
874 876
875 877
878 879
879 880
881 882
882 883
883 884
883 885
886 887
887 888
888 889
890 891
891 892
892 893
893 894
894 895
895 896
896 897
897 898
898 899
900 901
901 176
139 731
139 191
191 199
199 94
734 902
902 145
903 904
904 183
653 673
653 905
673 906
673 907
906 908
908 909
909 265
909 910
265 314
704 739
704 911
672 907
907 195
195 912
195 910
705 200
737 913
737 914
913 740
740 337
740 915
740 276
740 916
337 915
274 789
789 917
388 918
918 919
919 920
920 921
921 395
396 922
396 923
396 399
922 924
441 925
441 926
441 927
675 928
928 929
929 266
266 319
419 930
420 931
931 932
932 933
932 424
933 934
934 935
935 936
935 937
935 348
936 938
925 939
925 439
925 940
939 404
939 941
678 942
942 324
930 745
746 943
943 944
943 754
943 422
944 792
945 946
946 800
800 947
801 434
456 747
747 749
752 754
754 465
470 947
496 948
948 758
758 761
758 949
475 950
950 951
951 952
952 953
953 954
954 814
814 955
815 956
956 957
956 958
956 959
956 960
957 961
961 962
962 963
963 964
964 965
966 967
967 968
968 969
969 970
971 520
971 498
971 972
521 973
973 767
974 975
975 976
976 977
977 978
978 979
979 980
980 981
629 982
982 983
983 633
983 300
634 167
167 984
984 616
617 391
391 985
986 987
987 988
988 989
989 985
393 923
923 924
885 990
990 991
991 992
992 993
993 994
994 839
995 996
996 40
899 997
997 998
998 999
999 1000
1000 840
840 1001
841 631
632 1002
401 1003
1003 487
1004 1005
1005 626
120 651
248 1006
927 509
927 1007
927 1008
510 1009
1009 1010
1010 659
659 1011
1011 1012
1012 586
304 1013
1013 406
941 445
661 1014
552 1015
1015 1016
1016 572
1017 1018
1018 1019
1019 703
703 74
703 1020
75 1021
1021 1022
1022 137
9 76
80 667
835 47
835 1023
196 1024
1024 270
270 202
457 1025
457 1026
457 1027
1025 497
497 1028
497 949
972 720
723 99
863 1029
1029 151
214 275
276 917
916 1030
798 107
1031 158
1032 1033
1033 282
831 1034
831 1035
831 1036
1034 1037
1034 1038
1037 1039
955 1040
1041 1042
1042 1043
1043 1044
820 1045
1045 1046
373 1047
958 1048
1048 1049
1050 1051
1051 1052
1052 1053
534 1054
1054 1055
547 1056
1056 1057
1057 1058
1058 981
690 1059
577 1060
1060 596
582 1061
1061 779
779 1062
779 1063
1062 1064
1063 1065
1065 1066
594 1067
594 1068
1067 1069
1068 697
697 1070
1071 1072
1073 1074
1073 1075
1074 587
1076 1077
1077 1078
1078 1079
1079 1001
876 844
651 1080
1080 1081
1082 864
1006 254
442 1007
442 940
636 1083
636 1084
636 1085
1083 1086
1085 1087
1087 1088
1088 1089
637 1090
69 123
69 1091
663 665
680 1092
1092 709
656 684
1093 1094
662 1095
1095 905
319 413
1096 1097
1098 1099
201 1100
1100 211
743 712
325 1101
1101 415
1102 1103
1103 1104
1104 1105
1105 1106
1106 1107
1107 1108
1109 1110
1110 1111
1111 1028
1027 714
1112 1113
837 23
23 1114
1115 1116
206 272
1117 1118
1118 1119
1119 1120
1120 1121
1121 1122
1122 1123
1123 937
1123 1124
1125 1126
762 1127
1128 1129
1129 1130
1130 1131
1131 1132
1132 1133
1133 1134
1134 1135
1135 1136
1136 1137
1138 769
51 1139
341 1140
348 1141
1141 427
427 1142
427 349
1142 1143
1143 1144
1144 1145
1145 1146
1147 1035
1036 1148
1036 1149
1038 1150
1150 1151
1150 1152
1151 1153
1153 1154
1154 1155
1156 34
1157 1152
224 285
1158 1159
1160 1161
818 959
1162 60
1163 234
1164 1165
813 1166
1166 1167
1168 1169
1169 1170
1170 369
374 1171
1172 1173
