74 101
0 1
0 2
0 3
0 4
0 5
0 6
1 7
1 8
1 9
1 2
10 11
10 2
2 5
2 12
2 13
2 14
15 16
17 12
17 18
17 16
9 19
9 16
20 21
20 8
20 22
20 23
24 21
24 22
24 25
12 26
26 7
26 27
26 28
29 30
29 31
30 32
31 21
31 23
23 33
34 35
34 36
35 37
35 38
35 13
35 5
39 4
39 40
40 41
42 4
41 14
14 4
14 43
43 44
43 5
43 36
21 13
45 46
22 46
22 47
22 25
33 32
48 49
48 50
46 51
46 52
46 53
49 13
49 54
55 13
55 56
56 50
56 25
50 8
50 57
50 25
50 58
37 59
37 60
38 13
38 61
38 62
59 62
61 63
63 64
54 65
4 18
65 8
66 67
7 67
67 68
6 68
69 70
69 11
13 64
13 8
8 64
64 71
71 72
72 73
73 70
70 3
