114 456
0 1
2 3
4 5
6 7
8 9
10 11
12 13
14 15
16 7
17 18
19 20
21 22
19 23
24 25
26 5
27 28
29 30
31 26
0 32
27 33
34 35
16 36
2 37
38 39
40 41
42 33
38 43
44 21
27 3
45 46
47 48
49 50
51 46
52 53
52 54
55 56
57 43
34 58
19 26
59 60
21 37
61 23
62 63
64 29
24 34
29 22
65 66
40 67
68 66
69 50
8 70
71 72
44 73
10 39
74 75
67 76
59 77
69 32
78 79
17 42
80 79
81 30
54 82
20 35
83 70
12 30
84 35
85 70
73 75
55 30
61 74
61 54
31 86
61 86
55 82
79 72
20 28
15 87
75 87
59 88
73 89
90 91
86 92
18 93
38 5
77 92
86 33
6 3
20 94
95 34
88 58
96 50
29 97
98 99
54 66
81 11
40 45
53 39
16 89
42 100
101 56
8 76
96 58
45 100
25 22
16 102
21 103
45 63
80 55
62 72
73 33
16 97
40 12
104 43
83 33
105 58
52 106
91 36
27 9
86 107
67 36
96 82
108 43
19 104
81 46
109 48
73 63
91 99
24 71
78 68
52 62
74 110
82 87
6 5
38 102
67 3
55 92
104 103
106 70
26 75
21 39
81 37
12 107
91 82
95 23
106 107
90 68
47 93
79 89
90 69
65 110
91 22
52 27
79 107
111 108
12 28
77 36
96 112
111 53
96 102
64 20
80 60
0 94
51 89
105 43
53 99
113 46
79 37
111 71
10 63
49 9
31 18
20 37
40 38
31 0
71 33
42 76
81 15
27 11
106 94
44 113
41 75
34 39
14 76
17 23
13 54
59 10
106 100
95 57
51 22
104 107
90 8
13 47
51 3
19 8
91 107
84 13
84 112
69 39
108 70
86 46
111 49
35 87
78 45
65 112
68 11
2 100
8 46
57 110
88 93
27 103
24 81
1 87
88 37
113 66
80 47
45 32
77 100
12 58
96 11
68 93
29 93
86 35
51 13
104 93
104 50
61 6
42 99
71 82
85 66
98 92
61 29
9 87
91 5
95 0
64 57
21 7
78 23
95 27
55 39
55 3
90 2
95 41
77 112
101 1
104 1
41 50
98 9
14 89
51 59
109 107
77 28
41 92
25 56
111 2
64 109
19 55
10 110
42 50
40 101
47 102
111 14
14 103
77 48
65 15
80 108
18 70
31 60
26 11
0 76
74 58
64 60
57 56
80 42
84 56
44 98
88 33
57 7
24 60
10 107
45 82
34 89
25 102
79 112
54 37
57 72
95 91
109 66
17 38
8 48
88 5
90 60
101 48
111 12
85 30
6 63
61 69
108 22
74 94
81 36
105 99
83 1
53 112
13 98
41 97
80 113
29 9
69 28
18 82
74 36
62 1
31 21
65 22
49 36
51 50
101 99
44 23
78 83
113 1
74 103
14 92
105 15
8 58
62 58
54 43
111 23
40 60
64 83
108 11
73 30
59 85
26 13
106 56
17 81
113 28
52 16
88 32
68 92
78 4
0 112
4 50
83 13
19 16
19 65
25 76
52 60
18 110
44 67
78 105
53 75
109 75
64 14
14 5
109 32
25 28
2 1
53 93
18 28
24 98
21 48
41 37
84 103
34 66
49 56
2 110
42 7
18 89
68 7
4 30
38 94
68 94
101 11
6 70
0 30
45 103
57 46
29 100
71 94
10 97
44 96
105 97
85 99
98 110
10 76
6 112
20 99
4 110
113 97
25 75
62 92
47 15
38 9
108 32
77 43
83 39
47 63
69 72
61 101
59 87
40 65
84 97
105 3
24 104
101 89
31 105
31 49
71 97
2 102
34 100
44 106
7 87
16 32
53 46
73 43
79 9
4 48
83 36
26 100
80 74
17 84
113 5
54 76
85 103
106 15
51 94
67 72
90 84
26 72
90 73
95 47
12 7
59 23
108 35
85 72
67 93
98 32
88 56
65 33
109 3
41 70
86 102
24 6
49 66
78 25
64 96
20 63
67 35
17 109
4 35
17 62
69 15
62 22
49 63
52 4
71 48
85 102
