1723 2394
0 1
2 3
4 5
6 7
8 9
10 11
12 13
14 15
16 17
18 19
20 21
22 23
24 25
26 27
28 29
30 31
32 33
34 35
36 37
38 39
40 41
42 43
44 45
46 47
48 49
50 51
52 53
54 55
56 57
58 59
60 61
28 62
63 64
65 66
67 68
69 70
71 72
73 74
75 76
77 78
79 80
81 82
83 84
85 86
87 88
89 90
91 92
93 94
95 96
97 98
99 100
101 102
103 104
105 106
107 108
109 110
42 111
94 112
113 114
115 116
117 118
119 105
120 121
122 123
124 125
126 127
128 129
130 131
132 133
134 135
94 136
137 138
82 139
140 141
142 143
144 145
146 147
148 1
149 150
151 152
153 154
155 156
157 158
159 160
145 161
162 163
153 164
165 166
167 168
32 169
170 171
75 172
173 174
175 176
177 96
178 179
180 47
181 64
182 183
184 185
186 187
188 136
104 189
190 191
192 193
194 195
196 197
86 198
199 200
201 202
203 204
205 206
207 208
209 210
211 212
213 214
215 216
217 218
219 220
221 222
223 17
224 225
226 227
228 229
230 231
232 233
234 204
235 236
237 238
239 240
241 242
243 244
245 246
247 248
249 250
251 50
252 253
254 255
256 257
258 259
260 261
262 263
264 265
266 267
268 269
270 271
272 273
274 275
276 277
278 279
280 281
282 283
250 129
284 285
286 38
287 279
178 288
289 290
291 292
186 293
294 295
296 297
224 298
299 300
301 302
303 304
305 306
307 308
282 309
138 310
311 125
312 313
314 76
315 316
317 318
319 320
321 102
322 323
324 325
146 326
327 328
318 329
330 331
332 333
234 334
335 336
337 338
339 340
341 342
343 344
345 225
346 347
348 349
350 351
61 352
74 353
354 355
356 357
134 340
358 359
277 345
360 273
63 361
209 362
172 363
364 365
366 367
368 152
369 370
371 151
372 89
132 373
374 375
376 377
137 378
379 380
381 382
25 289
383 384
385 386
165 313
387 388
352 389
368 390
391 392
393 394
395 396
397 398
399 400
401 402
403 404
190 405
101 406
407 408
409 410
411 161
412 413
414 415
343 416
417 418
419 420
421 368
422 423
424 425
366 426
427 428
429 406
430 431
432 433
434 435
436 224
437 438
439 92
7 440
441 442
443 444
445 446
447 448
352 449
450 362
451 452
453 398
454 220
455 37
204 456
457 187
8 458
459 460
461 462
463 289
464 465
270 296
80 466
467 468
469 53
470 471
472 126
47 165
371 473
474 36
475 476
477 478
479 281
480 481
482 483
484 485
486 487
238 488
489 63
490 491
492 359
493 494
182 495
496 497
498 499
160 500
501 502
249 503
275 504
286 505
506 507
508 509
215 510
424 511
144 512
513 514
515 516
338 7
517 156
518 519
520 521
522 523
524 525
526 527
422 528
116 529
195 530
531 532
399 533
395 534
535 536
149 537
538 313
539 248
540 541
542 543
544 545
546 547
94 548
549 550
496 551
552 390
308 553
23 554
555 556
97 557
451 558
559 560
561 562
563 564
565 566
567 196
568 569
570 571
252 572
573 574
575 334
576 577
578 52
395 579
580 581
582 583
584 585
586 587
588 151
589 590
591 592
593 594
595 480
452 133
183 596
597 293
533 598
599 600
314 219
601 602
603 101
604 605
606 607
608 609
610 165
611 34
612 613
614 615
616 617
618 619
620 621
299 622
623 624
485 625
626 18
422 627
628 629
18 630
631 632
618 151
572 633
634 635
149 636
637 638
639 640
641 642
643 410
155 644
645 254
114 646
647 648
649 650
651 208
443 652
606 415
645 653
654 655
656 338
657 416
262 127
658 279
659 162
149 660
661 512
620 36
411 662
663 664
665 666
667 488
668 348
669 670
671 187
672 673
674 635
539 675
676 677
678 679
680 681
204 682
683 684
447 685
686 475
237 687
688 689
690 691
692 693
284 516
296 694
263 684
695 696
697 680
698 699
368 700
701 702
91 703
704 660
705 448
706 707
123 708
605 655
176 329
709 142
710 711
460 7
712 713
201 714
270 715
245 716
632 261
607 717
718 719
151 720
532 721
722 582
90 29
194 723
724 725
410 468
726 727
728 729
506 730
731 732
733 734
104 717
735 34
32 736
737 310
317 738
739 121
740 74
741 289
742 743
555 569
744 416
42 745
746 448
747 76
748 749
750 332
751 752
264 40
49 115
753 754
755 756
757 758
759 54
693 357
760 761
762 763
764 136
735 611
765 396
766 96
767 691
156 649
768 769
770 89
771 772
773 774
544 493
775 776
289 777
7 778
338 779
780 781
782 615
783 784
785 369
379 786
787 788
789 790
791 315
151 260
792 793
737 794
795 796
797 78
6 798
799 800
752 801
802 803
804 657
805 806
807 808
809 13
810 811
812 747
813 814
743 576
815 151
250 816
484 306
817 818
634 819
16 820
821 822
823 824
30 332
825 756
826 827
828 829
830 103
831 832
48 155
237 833
544 834
835 836
539 837
268 7
838 212
506 839
840 448
841 245
842 52
371 6
843 844
608 163
845 846
72 847
848 849
850 851
852 827
853 854
719 267
502 855
387 843
856 857
858 174
859 311
860 538
861 604
673 571
201 862
329 863
864 865
866 867
830 868
385 869
870 871
109 510
716 44
872 123
208 265
873 786
858 318
874 875
876 447
877 62
878 47
879 478
880 881
879 200
882 883
317 884
621 885
683 886
887 888
128 250
889 558
474 881
890 579
891 2
812 892
204 566
893 894
204 895
896 147
897 323
898 782
524 899
900 603
901 902
903 904
905 716
77 906
907 80
727 908
535 909
437 910
381 911
912 98
913 756
914 915
916 917
661 918
919 920
921 68
204 902
461 843
347 922
299 427
335 110
502 883
808 500
796 2
137 569
649 401
923 619
924 925
926 888
927 928
272 929
930 7
931 144
932 933
255 679
934 935
105 936
635 925
271 882
937 894
938 939
940 338
941 942
943 944
945 52
28 10
946 947
75 948
81 615
949 950
951 952
953 954
458 955
956 408
32 957
958 145
59 309
540 959
62 11
724 960
422 961
962 143
963 964
40 965
701 208
768 966
407 967
968 969
284 506
970 790
502 505
971 972
381 973
46 36
307 974
975 976
977 367
206 252
882 978
515 92
979 980
270 981
982 235
608 983
224 984
284 985
986 987
668 988
989 990
991 992
470 993
994 236
995 596
399 996
997 633
311 976
998 598
999 1000
1001 1002
355 1003
9 1004
676 59
1005 1006
1007 1005
695 1008
1009 269
1010 960
271 981
268 1011
467 1012
1013 1014
57 771
469 1015
1016 1017
397 789
188 548
1018 355
1019 382
346 1020
252 1021
381 1019
626 468
59 678
1022 814
994 82
58 1023
1024 481
1025 374
752 1026
1027 328
1028 522
255 1029
979 951
739 1030
1031 920
593 880
401 529
40 557
981 1032
672 1033
1034 929
1035 1036
1037 888
620 1038
147 244
1039 1040
1041 789
385 147
249 816
151 700
1042 246
1043 1044
513 1045
873 310
1046 1047
224 1048
628 1049
467 922
135 1050
226 1051
1052 65
993 55
1053 66
1054 1055
859 1056
319 1008
128 1057
1058 52
1059 227
1060 1061
46 1062
162 408
458 1063
872 433
754 1064
1065 1066
919 176
479 1067
1068 1069
1070 1071
404 621
661 1072
1018 511
1073 430
115 1074
1075 83
1076 1051
1077 1078
1079 749
1080 734
734 928
1010 1081
144 411
1082 1083
409 347
1084 817
1085 825
202 329
1086 649
303 1063
1087 1088
88 1089
1090 1091
1092 1093
919 368
1094 1095
1096 1097
1009 1089
1098 854
670 1099
503 1100
1101 179
1102 224
1103 1104
930 1105
1086 1106
981 1107
105 418
1036 328
1108 1109
93 678
1110 1111
1112 1113
1065 389
641 35
1114 1115
1116 1117
1118 784
420 1119
408 853
1120 1121
116 882
908 1122
1056 311
1108 969
1123 1124
6 1125
1126 985
856 1127
1066 76
316 1128
1129 1015
786 243
75 1130
172 1066
524 742
676 1131
1132 431
801 867
1133 1134
99 801
815 406
1129 279
432 1135
20 365
685 1050
701 1136
1137 640
781 1138
1139 1140
209 1141
1118 412
186 1142
637 963
433 1143
1144 501
786 1145
1146 1147
1133 1127
264 506
1148 1149
115 45
114 624
135 492
28 1017
574 1109
472 639
128 1150
975 1151
892 78
831 909
469 52
690 412
1152 1153
1154 392
893 381
1155 954
613 574
1114 1156
1126 92
1157 1158
1018 922
1159 1160
439 1136
515 118
1161 1162
32 1163
1164 255
954 1165
95 1090
1166 1167
24 1168
1103 553
1027 240
1010 105
384 11
1012 199
1169 536
1170 1171
561 262
1008 1146
1172 433
1173 394
1174 188
1175 1176
202 707
498 1177
204 803
493 1178
598 43
908 1071
8 1179
811 1180
25 777
1181 21
714 1158
1182 1183
496 1055
909 790
1184 201
1185 758
217 796
1186 1187
401 1188
1189 777
1190 761
1191 1192
1007 1193
1194 384
544 1195
668 256
450 209
759 934
395 322
657 749
395 188
496 465
1196 646
1197 511
235 145
1198 1199
185 829
371 1200
255 283
716 1074
175 738
641 1201
754 1072
338 268
407 195
1202 1005
1203 1204
1205 207
452 1206
1024 1207
496 160
1042 1208
612 390
1209 110
497 105
218 1210
1211 18
124 976
703 117
319 1212
1213 752
121 220
843 1214
879 222
1062 1215
622 1059
1062 1119
1216 1217
1218 1219
135 448
502 882
115 649
1220 1221
1222 1212
1079 1223
1224 1180
32 1225
97 1221
1226 1227
762 1228
1056 1229
1230 801
70 1231
601 617
1232 1233
50 1234
134 336
30 925
403 621
1186 1235
1236 933
762 1237
1097 1238
437 654
1190 1239
1240 388
237 1241
610 1242
1243 978
535 905
966 1244
196 581
806 332
1245 760
726 621
111 1246
215 110
1247 523
388 242
1248 1070
619 151
1249 1250
1251 1252
111 928
1253 868
1118 1254
858 1255
93 548
196 1081
777 1256
122 1257
665 1258
951 1259
710 61
659 856
1260 566
363 589
1261 1262
329 500
40 1263
1264 76
748 1153
1265 1266
1034 96
780 308
593 881
1267 1241
252 1258
740 1268
329 808
1269 792
1270 688
1012 1271
1120 1272
1034 252
1273 1026
744 1274
264 730
192 502
1108 787
1275 855
934 74
376 1084
1170 141
1276 1022
1277 1278
409 1279
354 1280
1281 1282
238 1283
1284 303
641 1285
1095 566
172 76
924 634
1286 59
1287 887
768 1288
1289 404
714 1290
1103 1291
1292 1293
628 1228
1294 1037
1295 204
1296 378
1297 908
799 977
1298 1090
1079 1299
49 1300
1301 794
206 1302
1285 1068
422 600
1303 298
1005 882
1304 1305
1306 581
329 440
1183 587
790 542
1139 1307
929 1308
1309 960
1310 1311
1226 489
1312 135
1086 1313
635 1314
1315 416
1316 1271
230 37
947 375
636 1147
1317 1318
1268 988
872 220
69 1319
1320 1321
1322 538
565 1260
1323 965
1324 1325
472 306
939 228
1326 167
132 1327
1328 1329
458 794
875 338
1330 1331
105 1332
511 1333
198 39
393 1284
319 869
1334 1009
906 148
126 262
335 1335
831 882
784 1254
115 1336
1337 1167
47 36
1338 1013
1243 784
429 107
98 827
342 1339
783 690
233 628
821 882
204 1340
1341 796
1342 1
1343 570
1151 514
1344 494
1224 433
186 1345
1346 863
1347 558
281 792
728 1348
37 1349
101 1350
851 1229
795 871
398 1351
812 1342
40 1352
570 1353
1098 1179
1354 1355
651 506
1356 1357
23 981
970 716
1005 763
339 480
376 1358
1359 1360
335 510
533 191
514 592
100 1361
1318 68
1036 1362
1092 1283
1363 745
1289 1364
586 1365
697 1210
963 1366
1028 1051
1263 169
670 355
1367 1274
151 261
1208 1368
4 854
1369 915
155 1300
101 1370
192 518
733 976
273 1302
1371 45
540 929
346 477
1372 1365
491 235
120 219
1284 47
96 1142
267 1373
872 76
1037 848
767 1374
339 1375
1265 1376
1377 1229
1045 229
1378 97
453 1357
540 873
748 1379
1266 1380
1381 1370
1055 824
568 911
775 757
680 933
971 1382
1383 1314
621 1384
558 855
311 992
457 1385
934 1386
661 754
247 1208
1051 96
926 1287
93 1174
1387 280
728 1282
996 689
366 1388
994 1389
1172 771
1390 1391
240 1318
993 1157
1199 367
990 1228
1392 1294
51 913
906 797
1393 849
32 1394
906 1395
1216 428
255 548
963 754
332 1396
119 564
232 1397
890 1192
1398 1399
1400 413
1232 1207
732 715
561 485
523 1195
257 1353
1356 548
1401 774
1402 281
48 115
1403 329
513 713
820 147
659 1404
376 351
616 643
1405 354
1406 615
1155 1044
335 135
1155 953
266 735
963 594
982 1407
76 185
1151 229
83 458
620 1364
502 558
602 1408
303 1409
1410 326
139 942
527 879
1343 673
1411 814
832 646
1262 1122
318 664
284 1412
1030 370
947 913
491 1413
78 222
1367 1414
613 1267
637 1289
195 1415
1378 39
1060 424
1096 1416
1202 217
40 648
569 414
255 1131
248 1208
194 162
393 1348
841 271
710 354
866 556
1417 434
429 738
1248 37
387 704
1418 1273
107 7
490 958
1419 1420
1421 492
1104 1307
1325 1422
160 1423
268 6
805 781
214 694
88 1424
79 956
575 803
759 341
994 1425
287 1226
1426 37
979 1427
549 178
1078 150
1428 1429
1135 1430
1431 52
951 1432
796 413
1433 1229
20 130
1434 149
1435 367
327 1093
302 1436
546 1437
1088 1438
1439 1440
1027 1441
909 1442
208 1293
1443 1444
963 1064
1334 1424
550 178
901 595
193 519
1445 1147
52 171
1446 360
300 445
1252 598
88 1447
1448 1449
887 950
1450 900
878 728
558 116
1387 365
750 925
1451 581
1419 1372
982 774
946 232
878 46
1452 1453
1454 81
498 1455
1456 1457
1458 1160
1459 319
374 1439
1460 1053
1461 967
1462 877
606 568
1098 187
524 1376
1223 749
422 1463
723 857
1464 1295
792 1465
779 261
79 1223
128 249
263 1438
83 1466
364 123
1315 444
1172 220
1367 622
439 574
503 1111
900 1350
232 94
831 1467
404 411
188 1468
83 1469
1198 473
1197 424
734 592
22 401
69 1470
1471 1472
280 1473
460 368
843 380
1457 1030
142 1396
1474 1475
1476 9
575 566
388 660
1477 677
1257 1478
285 507
526 741
1279 1020
28 786
1479 210
1480 1163
937 381
608 1187
1009 473
873 1002
687 957
1481 1482
95 1100
777 1483
1257 1132
287 178
1484 390
1431 361
77 584
1033 571
132 1374
971 492
1485 1105
1486 1098
379 696
115 1371
1487 1303
697 127
1488 332
1326 1217
314 352
1182 1489
1490 1092
283 309
1367 1051
530 1379
777 350
1491 1047
1047 1133
1118 871
767 1492
407 1046
1490 1128
1035 32
1102 1493
591 250
1494 1305
616 1408
368 720
27 709
103 556
970 649
861 1025
792 1495
1120 1496
83 1497
334 480
190 996
1498 785
424 477
473 1011
890 1023
24 1499
912 198
1065 120
900 1500
1501 292
820 149
469 489
182 187
641 1502
674 974
540 737
1281 729
1218 1214
421 1503
401 847
1138 164
1253 100
1403 202
919 487
1269 289
358 1186
1504 558
923 268
1269 1238
1279 1012
1505 1506
130 1507
1477 653
1205 1092
1075 110
1459 1212
539 297
622 1508
1434 147
1281 180
264 1509
776 1510
502 32
897 1511
1512 1513
827 502
264 238
1233 1514
1515 1511
311 991
479 1116
403 224
1412 1516
722 871
205 186
1517 1443
713 229
1073 123
1120 1518
1519 938
1471 1520
1377 851
1521 414
1522 168
963 1364
1113 494
904 1373
603 707
100 189
87 1334
900 1523
1103 582
1120 163
864 245
832 1313
864 1524
364 1257
1525 166
667 839
765 721
1230 868
677 678
100 1526
422 569
172 1527
270 732
762 1455
69 1157
1528 1529
821 328
47 166
790 1106
1459 1222
438 1530
1531 1299
1532 355
544 1344
237 1533
246 297
795 691
434 1453
853 1098
896 223
1534 1225
1535 1209
1536 1537
1538 807
1281 1062
249 877
1320 1539
223 1434
94 1397
254 1540
1042 207
1222 869
1541 673
533 1542
747 1437
1171 203
1543 1067
1135 1264
944 1273
990 1436
1189 1330
226 427
1402 1261
1544 1164
97 1359
1545 96
1546 1221
971 458
208 1036
40 1547
263 625
201 1500
332 1449
931 1548
1297 1549
370 1465
1455 917
1213 801
266 719
245 1550
1551 125
1552 1433
929 96
1553 102
165 698
1388 292
641 483
749 1554
1049 1555
1444 157
1541 256
162 186
890 1174
122 810
821 716
544 1453
615 1327
1008 1445
58 677
1010 936
826 1276
614 145
1190 40
1556 787
653 678
654 917
277 225
1390 1261
357 1530
610 65
473 7
387 844
436 1557
821 909
1454 1176
240 1558
1559 394
305 914
643 1020
1211 365
1560 1324
1450 862
1561 1562
1212 1563
272 854
109 215
398 1564
67 1374
741 1416
1010 581
155 650
922 1565
1566 1567
951 520
802 902
315 1128
135 1506
571 1568
376 1569
1267 1036
813 1570
1482 992
1008 320
1571 13
1572 774
1557 1364
1368 1573
716 1336
180 46
256 1574
332 1314
1320 1575
1576 592
1435 1010
50 913
799 1198
1435 292
330 373
610 259
272 1577
1092 1578
219 355
838 67
632 779
493 1114
873 1579
1580 1553
786 1581
394 1391
1582 1049
1268 73
1207 481
1117 1583
1567 991
1005 796
137 294
1584 566
714 1231
783 1005
849 560
561 1585
1586 1587
230 1364
511 477
781 796
1416 1588
724 1589
235 1590
463 1510
140 204
847 814
392 1214
1230 103
7 1423
1591 1329
1485 1592
1348 420
484 126
1217 1014
870 784
1276 116
1087 1288
683 1593
140 203
979 1594
1057 503
1212 869
1095 1295
1428 1468
1493 963
424 1595
1596 1075
930 497
1597 1046
146 1598
1599 434
512 774
459 368
496 7
1035 327
641 400
937 866
804 995
1596 510
948 1529
140 14
1435 1388
1358 1311
1600 375
652 1601
86 502
1421 1162
1602 257
1603 954
836 54
1113 435
30 974
1041 649
1604 417
32 1605
1265 577
371 1606
374 947
1048 984
42 514
565 204
1607 906
1171 1512
808 1608
73 934
526 222
1321 216
1098 1609
1002 1610
1611 1303
1539 83
911 1610
522 1308
254 1164
1155 168
207 327
387 1218
1227 1612
1613 944
1027 1614
1615 928
786 386
1092 32
531 1234
61 922
1616 1617
799 475
38 827
852 451
193 558
834 1195
987 755
806 127
757 601
1218 461
54 1157
1618 1327
1205 1573
1244 1593
465 564
1076 1619
1027 1293
395 323
733 1229
8 1609
846 926
665 344
838 218
1316 424
1620 978
362 1621
1209 876
1622 415
649 644
832 1351
308 819
156 554
590 1527
544 1155
527 1416
233 94
460 919
377 1310
752 104
1458 1448
421 459
262 933
58 890
1528 1539
1623 37
937 382
1098 1420
401 116
843 504
1075 1050
791 246
1551 734
105 551
853 272
858 1290
1624 391
263 818
614 1389
196 1388
819 639
961 295
130 18
1625 1165
892 547
422 1626
1627 275
1628 699
1083 1468
1629 1399
1630 1292
146 16
315 760
1631 1083
687 941
1485 1589
130 792
1369 224
479 1632
619 338
961 52
540 1633
1076 1601
1264 1527
672 471
1126 515
204 1634
1635 1516
854 258
1211 121
459 1636
976 10
571 74
1182 272
769 1549
1616 1111
145 615
343 187
727 1637
749 1508
240 328
537 1147
79 466
1347 905
289 1311
1387 1474
544 1638
1206 782
496 824
437 499
1281 1215
338 473
1041 1086
368 1639
1217 952
1541 341
1083 1428
400 1091
896 326
460 176
573 662
1640 161
1485 367
1641 1001
780 639
799 1642
101 1553
1199 107
1643 112
1644 1273
452 40
901 566
167 1044
160 1645
893 556
97 41
366 379
153 3
202 176
1646 1617
1419 1324
1000 596
115 981
1260 1512
1008 504
549 1015
407 1047
1376 1647
748 1427
187 1648
1105 497
1334 1447
852 98
1468 1511
1204 579
1649 429
438 499
219 1003
393 1650
307 582
204 1651
1652 1017
315 32
961 1021
1209 135
331 212
1653 1648
1305 1393
1238 1588
805 639
762 1006
1654 1573
598 1655
76 1656
1657 760
34 533
598 1658
810 1143
251 765
107 406
1557 639
160 497
1541 988
452 1360
23 115
1625 1156
449 1280
1659 713
1164 1540
1660 26
325 664
1312 876
652 343
252 1577
777 1355
203 14
778 1645
457 853
1661 213
160 329
542 1564
1312 110
1454 615
690 1193
332 1662
1663 750
1198 1562
896 1598
1261 1473
187 495
358 83
1080 877
421 1664
186 1385
1186 1233
979 446
531 94
182 1665
714 1319
1226 1101
772 1632
1051 163
831 1666
586 1665
83 1647
598 1667
1251 62
1020 1249
1129 550
341 571
1376 1460
1399 1370
637 1493
1378 648
958 1389
226 1668
303 313
1551 311
202 884
1120 608
776 1669
911 100
162 1152
1635 1670
843 1149
76 829
1671 1175
1286 678
1232 595
1065 1672
421 1673
114 1313
1123 1403
1674 1453
284 1136
1060 352
1170 1513
79 854
470 1033
13 751
421 919
101 202
1224 948
332 1675
1676 1616
250 62
882 1677
202 1678
567 1010
457 186
99 894
1679 313
1352 1671
1115 1680
1010 724
864 841
522 1537
1356 542
555 911
1084 1331
137 1587
1681 282
174 920
1537 1195
1036 1682
517 115
438 1555
593 231
56 220
1057 249
109 1683
1462 1246
1596 1539
998 250
1684 434
939 229
1607 585
294 1617
669 1685
1686 1090
781 218
1663 127
1332 725
1531 749
1583 1250
1073 1376
203 1260
1628 349
815 108
1009 6
1687 1458
616 1238
1213 830
167 1233
1475 1478
612 406
680 1688
569 997
138 29
1270 1100
1689 952
506 1690
209 1062
1159 962
509 848
91 788
231 1303
1050 458
1204 1691
305 819
1028 1115
339 334
34 1542
1184 1124
332 1692
1576 1693
710 219
1694 692
1695 1554
604 1440
1696 938
934 988
256 1697
687 968
1198 1561
982 1413
1316 511
63 666
57 1685
190 598
221 24
1698 1154
977 1199
424 1699
807 863
588 371
1700 1397
1544 888
1354 1637
1639 390
1531 1223
804 1000
1701 615
1203 1029
272 252
310 28
802 1050
452 558
1702 1413
310 1017
838 211
239 1036
170 804
352 922
1253 752
791 327
902 15
430 1380
473 1606
1485 724
718 611
1703 1047
1007 882
546 879
776 777
522 167
1342 747
506 702
1329 1195
4 599
739 18
1080 591
1704 605
863 808
1705 745
1470 353
1706 1019
1277 1468
32 1040
797 879
1625 1178
753 411
1707 772
314 829
703 1670
951 1014
247 1190
1008 1581
1185 966
799 476
266 1708
14 1260
1060 1532
151 368
1464 565
362 1281
870 1492
181 1612
799 724
85 502
1433 851
724 800
670 56
813 1022
835 74
49 649
524 458
1347 328
183 1489
998 1252
728 1621
1167 390
154 1140
1709 788
1462 1252
1415 1404
397 832
441 536
1312 1506
595 902
1710 338
5 1711
256 1548
24 626
1033 1339
661 931
753 620
124 1712
1154 391
924 306
977 1713
50 765
238 1394
1714 715
998 877
20 123
975 734
401 536
1388 10
107 367
513 734
59 255
1243 1005
971 685
1161 742
1269 468
266 1715
1560 1486
1097 463
674 819
695 843
1716 454
737 929
1190 214
1575 1321
1552 851
422 1717
1367 1695
1575 510
438 1718
1576 111
239 40
158 1277
1174 559
1528 1321
1004 1711
1151 1712
598 903
148 547
1514 1520
286 518
1189 769
202 1719
628 1436
783 412
1287 888
75 1430
47 303
1095 1512
1348 1650
272 1422
288 179
1197 1532
676 678
956 1345
1270 1251
1278 1468
1393 949
961 1463
1294 888
461 125
1472 521
1120 8
1720 338
569 1579
1721 1262
201 1523
271 1524
1155 1603
1722 360
231 1487
1343 256
343 1619
287 1015
836 74
1492 330
34 1069
61 222
1368 837
671 1098
826 518
1687 1448
