346 1440
0 1
0 2
0 3
0 4
0 5
0 6
1 7
1 2
1 3
1 8
1 4
1 5
1 9
7 10
7 3
7 8
7 11
7 5
7 9
7 12
10 8
10 11
10 9
10 12
10 13
2 3
2 14
2 15
2 4
2 6
2 16
2 17
3 8
3 14
3 15
3 18
3 6
3 16
3 19
3 20
8 11
8 15
8 18
8 21
8 16
8 19
8 13
8 22
11 18
11 21
11 12
11 19
11 13
11 23
14 15
14 24
14 25
14 6
14 17
14 20
14 26
15 18
15 24
15 25
15 27
15 16
15 17
15 20
15 22
18 21
18 25
18 27
18 28
18 19
18 20
18 22
18 23
21 27
21 28
21 13
21 22
21 23
21 29
24 25
24 17
24 26
25 27
27 28
28 23
28 29
4 5
4 6
4 30
4 31
5 32
5 9
5 16
5 30
5 33
5 34
5 35
32 9
32 34
32 35
32 36
9 12
9 19
9 37
9 35
9 36
9 38
12 13
12 37
12 39
6 16
6 17
6 30
6 31
6 40
16 19
16 20
16 31
16 41
16 42
16 43
16 44
16 45
19 13
19 22
19 39
19 43
19 46
19 47
19 48
19 45
13 23
13 37
13 39
13 49
17 20
17 26
17 31
17 40
17 50
20 22
20 51
20 40
20 42
20 52
20 44
20 48
22 23
22 53
22 49
22 46
22 44
22 48
22 54
23 29
23 39
23 49
23 55
56 26
26 51
26 40
26 50
51 53
53 29
29 57
29 49
29 55
30 31
30 58
30 59
30 33
30 34
37 39
37 60
37 61
37 36
37 38
31 40
31 58
31 59
31 41
31 42
31 52
39 49
39 60
39 61
39 46
39 47
39 54
40 50
40 41
40 52
40 44
40 62
49 55
49 47
49 48
49 54
49 63
50 52
50 62
55 54
55 63
58 59
58 33
58 41
60 61
60 38
60 47
59 33
59 41
61 38
61 47
33 34
33 41
33 42
33 64
33 65
33 66
33 67
34 35
34 41
34 42
34 43
34 64
34 65
35 36
35 42
35 43
35 46
35 65
35 68
35 69
35 70
36 38
36 43
36 46
36 47
36 68
36 71
38 46
38 47
38 68
38 71
38 72
38 73
41 42
41 52
41 44
41 74
41 69
41 66
41 67
41 75
42 43
42 52
42 44
42 74
42 69
42 45
42 76
43 46
43 44
43 48
43 65
43 68
43 69
43 70
43 77
43 78
43 79
43 45
43 76
46 47
46 48
46 54
46 70
46 80
46 45
46 76
47 48
47 54
47 70
47 80
47 72
47 73
47 81
52 44
52 62
52 82
52 67
52 75
52 83
52 84
44 48
44 62
44 82
44 75
44 83
44 85
44 86
44 76
44 87
48 54
48 88
48 63
48 83
48 85
48 81
48 89
48 76
48 87
54 88
54 63
54 73
54 85
54 81
54 90
62 82
62 75
62 84
82 83
82 86
82 76
82 87
88 63
88 85
88 89
88 76
88 87
63 81
63 90
64 65
64 66
64 91
65 69
65 66
65 91
65 77
68 71
68 70
68 92
68 72
68 78
71 92
71 72
74 69
74 67
74 77
69 70
69 91
69 67
69 77
69 79
70 80
70 92
70 78
70 73
70 79
80 78
80 73
93 94
66 91
66 67
66 95
66 96
66 97
91 77
91 98
91 79
91 95
91 96
91 99
92 72
92 78
92 98
92 79
92 99
92 100
92 101
72 73
72 100
72 101
72 102
67 77
67 75
67 95
67 97
67 103
67 104
77 78
77 83
77 98
77 79
77 97
77 103
77 105
78 73
78 85
78 98
78 79
78 105
78 106
78 102
73 81
73 101
73 106
73 102
73 107
75 83
75 84
75 97
75 104
75 108
75 109
83 85
83 86
83 104
83 108
83 110
83 111
85 81
85 89
85 108
85 110
85 107
85 112
81 90
81 102
81 110
81 107
81 113
114 115
115 84
84 86
84 104
84 109
86 89
86 108
86 111
89 90
89 110
89 112
90 116
90 107
90 113
116 117
98 79
98 96
98 99
98 100
79 103
79 105
79 106
95 96
95 97
95 118
95 119
95 120
96 99
96 103
96 118
96 119
96 121
99 100
99 103
99 106
100 101
100 106
100 122
100 123
100 124
101 102
101 122
101 123
101 125
97 103
97 104
97 118
97 120
97 121
97 126
103 105
103 106
103 108
103 110
103 119
103 120
103 121
103 124
103 127
105 106
106 102
106 108
106 110
106 122
106 121
106 124
106 125
106 128
102 107
102 123
102 124
102 125
102 129
104 108
104 109
104 120
104 126
104 127
104 130
108 110
108 111
108 121
108 126
108 127
108 128
108 131
110 107
110 112
110 124
110 127
110 128
110 129
110 132
107 113
107 125
107 128
107 129
107 133
134 135
135 109
109 111
109 126
109 130
111 112
111 127
111 131
112 113
112 128
112 132
113 136
113 129
113 133
136 137
138 139
118 119
118 120
118 140
118 141
118 142
119 143
119 121
119 140
119 141
119 144
143 122
143 121
143 124
143 141
143 144
143 145
122 123
122 124
122 144
122 145
122 146
123 125
123 145
123 146
123 147
120 121
120 126
120 140
120 142
120 148
120 149
121 124
121 127
121 128
121 142
121 148
121 150
121 151
124 125
124 127
124 128
124 148
124 150
124 147
124 152
125 129
125 146
125 150
125 147
125 153
126 127
126 130
126 142
126 149
126 151
126 154
127 128
127 131
127 148
127 149
127 151
127 152
127 155
128 129
128 132
128 150
128 151
128 152
128 153
128 156
129 133
129 147
129 152
129 153
129 157
158 159
159 130
130 131
130 149
130 154
131 132
131 151
131 155
132 133
132 152
132 156
133 160
133 153
133 157
160 161
140 141
140 142
140 162
140 163
140 164
141 144
141 145
141 148
141 162
141 163
141 165
144 145
145 146
145 150
145 163
145 165
145 166
146 147
146 165
146 166
146 167
142 148
142 149
142 162
142 164
142 168
142 169
148 150
148 151
148 164
148 168
148 170
148 171
150 147
150 152
150 168
150 170
150 167
150 172
147 153
147 166
147 170
147 167
147 173
149 151
149 154
149 164
149 169
149 171
149 174
151 152
151 155
151 156
151 168
151 169
151 171
151 172
151 175
152 153
152 155
152 156
152 170
152 171
152 172
152 173
152 176
153 157
153 167
153 172
153 173
153 177
178 154
154 155
154 169
154 174
155 156
155 171
155 175
156 157
156 172
156 176
157 179
157 173
157 177
162 163
162 164
162 180
162 181
162 182
163 165
163 183
163 180
163 181
163 184
165 166
165 185
165 181
165 184
165 186
166 167
166 184
166 186
166 187
164 183
164 168
164 169
164 188
164 180
164 182
164 189
164 190
183 168
183 169
183 188
183 171
168 170
168 188
168 171
168 172
168 182
168 189
168 191
168 192
170 185
170 167
170 171
170 172
170 193
170 189
170 191
170 187
170 194
185 167
185 172
185 193
185 173
167 193
167 173
167 186
167 191
167 187
167 195
169 188
169 171
169 174
169 196
169 182
169 190
169 192
169 197
188 171
188 174
188 196
188 175
171 172
171 196
171 175
171 189
171 190
171 192
171 194
171 198
172 193
172 173
172 176
172 199
172 191
172 192
172 194
172 195
172 200
193 173
193 176
193 199
193 177
173 199
173 177
173 187
173 194
173 195
173 201
174 196
174 190
174 197
196 175
175 192
175 198
176 199
176 194
176 200
199 177
177 195
177 201
180 181
180 182
180 202
180 203
180 204
181 184
181 205
181 202
181 203
181 206
184 186
184 207
184 203
184 206
184 208
186 187
186 206
186 208
186 209
182 205
182 189
182 190
182 202
182 204
182 210
182 211
205 189
205 212
189 191
189 192
189 204
189 210
189 213
189 214
191 207
191 187
191 194
191 210
191 213
191 209
191 215
207 187
207 216
187 195
187 208
187 213
187 209
187 217
190 212
190 192
190 197
190 204
190 211
190 214
190 218
212 192
212 219
192 194
192 198
192 210
192 211
192 214
192 215
192 220
194 216
194 195
194 200
194 213
194 214
194 215
194 217
194 221
216 195
216 222
195 201
195 209
195 215
195 217
195 223
197 211
197 218
198 214
198 220
200 215
200 221
201 217
201 223
202 203
202 204
202 224
202 225
202 226
202 227
203 228
203 206
203 210
203 224
203 225
203 229
228 206
228 225
228 229
228 230
206 208
206 213
206 229
206 230
206 231
208 209
208 230
208 231
208 232
208 233
204 234
204 210
204 211
204 235
204 236
204 237
204 226
204 227
204 238
234 210
234 211
234 235
234 236
234 237
234 239
234 240
234 241
210 242
210 213
210 214
210 237
210 239
210 243
242 213
242 239
242 243
242 244
213 245
213 209
213 215
213 243
213 244
213 246
245 209
245 247
245 217
245 244
245 246
245 248
245 249
245 250
209 247
209 217
209 246
209 248
209 232
209 233
209 251
211 235
211 214
211 218
211 252
211 227
211 238
211 253
235 214
235 218
235 252
235 220
235 240
235 241
235 254
235 255
214 215
214 252
214 220
214 221
214 239
214 243
214 256
214 241
214 254
214 257
215 247
215 217
215 220
215 221
215 258
215 243
215 244
215 259
215 260
215 250
215 261
247 217
247 221
247 258
247 223
247 249
247 260
247 250
247 262
217 258
217 223
217 233
217 251
217 263
264 218
218 252
218 238
218 253
252 220
220 221
220 254
220 257
221 258
221 260
221 261
258 223
223 265
223 251
223 263
224 225
224 226
224 266
225 229
225 239
225 243
225 226
225 266
225 256
229 230
229 239
229 243
229 244
230 231
230 243
230 244
230 267
230 232
230 259
231 267
231 232
236 237
236 227
236 240
237 239
237 227
237 240
237 256
239 243
239 266
239 240
239 256
243 244
244 246
244 267
244 259
244 249
246 248
246 259
246 249
246 233
248 249
248 233
226 266
226 227
226 256
226 268
226 269
226 270
226 271
266 227
266 256
266 268
266 269
266 272
273 274
267 232
267 259
267 233
267 275
267 276
267 277
232 259
232 233
232 275
232 276
232 278
232 279
227 240
227 256
227 238
227 241
227 280
227 281
227 270
227 271
227 282
240 256
240 238
240 241
240 254
240 280
240 281
240 272
240 283
240 284
256 241
256 254
256 269
256 281
256 272
256 285
259 249
259 233
259 260
259 250
259 275
259 277
259 286
259 287
249 233
249 260
249 250
249 251
249 277
249 286
249 288
249 289
249 290
233 250
233 251
233 286
233 288
233 278
233 279
233 291
238 241
238 253
238 255
238 271
238 282
238 292
241 254
241 253
241 255
241 257
241 283
241 284
241 285
254 255
254 257
254 284
254 285
254 293
260 250
260 261
260 262
260 287
260 290
260 294
250 251
250 261
250 262
250 263
250 289
250 287
250 290
251 262
251 263
251 279
251 291
251 295
296 253
253 255
253 282
253 292
255 257
255 284
257 285
257 293
261 262
261 287
261 294
262 263
262 290
263 297
263 291
263 295
268 269
268 270
268 298
269 299
269 272
269 300
269 270
269 298
269 301
299 275
299 272
299 300
299 277
299 298
299 301
299 302
275 276
275 300
275 277
275 301
275 302
275 278
276 302
276 278
280 281
280 271
280 283
281 272
281 271
281 283
281 303
272 300
272 283
272 303
272 304
272 285
300 277
300 303
300 304
300 305
300 285
300 287
277 286
277 304
277 305
277 289
277 287
286 288
286 305
286 289
286 279
288 289
288 279
270 298
270 271
270 306
270 307
270 308
298 301
298 302
298 303
298 306
298 307
298 309
301 302
302 278
302 305
302 307
302 309
302 310
278 279
278 309
278 310
278 311
271 283
271 303
271 282
271 284
271 306
271 308
271 312
271 313
283 303
283 282
283 284
303 304
303 305
303 285
303 308
303 312
303 314
303 315
304 305
305 289
305 279
305 287
305 312
305 314
305 311
289 279
289 290
289 291
279 290
279 291
279 310
279 314
279 311
279 316
282 284
282 285
282 292
282 317
282 308
282 313
282 315
282 318
284 285
284 292
284 317
284 293
285 287
285 317
285 293
285 294
285 312
285 313
285 315
285 319
287 290
287 291
287 293
287 294
287 320
287 315
287 319
287 316
290 291
290 294
290 320
290 295
291 320
291 295
291 311
291 319
291 316
291 321
322 292
292 317
292 313
292 318
317 293
293 294
293 323
294 320
294 324
320 295
295 325
295 316
295 321
306 307
306 308
306 326
307 309
307 312
307 327
309 310
309 314
309 328
310 311
310 329
308 312
308 313
308 330
312 314
312 315
312 331
314 311
314 319
314 332
311 316
311 333
313 315
313 318
313 334
315 319
315 323
315 335
319 316
319 324
319 336
316 321
316 337
338 339
339 318
318 323
323 324
323 340
324 321
324 341
321 342
342 343
326 330
327 331
328 332
329 333
330 334
331 335
332 336
333 337
334 344
335 340
336 341
337 345
76 87
