140 688
0 1
2 3
4 5
6 7
8 9
10 11
12 5
13 14
15 16
17 3
13 18
19 3
19 9
20 21
22 0
23 24
25 26
8 27
28 29
8 30
31 32
33 23
34 35
36 3
37 38
39 40
41 1
10 42
29 0
15 43
38 3
44 35
9 45
46 47
48 24
49 24
50 0
51 52
38 53
54 3
52 54
0 38
55 3
19 56
1 57
58 5
31 49
59 5
9 60
33 61
62 3
31 63
64 0
0 65
66 30
17 38
27 67
8 0
33 26
31 19
41 9
8 3
68 18
69 50
55 38
69 1
0 58
66 47
64 44
0 52
70 0
0 71
27 19
63 72
39 73
39 74
18 35
32 19
69 75
31 75
56 53
70 76
55 72
69 37
52 34
31 30
77 0
31 78
27 65
79 0
42 53
17 5
52 80
9 81
0 82
44 83
75 27
84 85
28 70
86 67
87 52
25 63
39 56
17 4
32 59
44 70
17 88
75 12
37 57
31 68
42 9
44 89
25 42
56 40
31 45
59 1
90 30
36 58
91 2
0 53
92 57
33 4
32 70
66 93
94 52
18 22
31 95
31 65
38 4
56 52
69 96
33 53
44 63
72 97
69 3
0 81
78 3
9 98
3 5
99 93
84 58
31 84
25 61
38 5
33 3
100 3
69 80
17 56
69 16
73 3
33 41
58 7
15 5
55 43
0 101
54 53
31 74
10 0
31 24
17 102
66 96
38 12
17 92
69 103
0 2
94 0
104 84
70 72
22 85
5 57
105 0
69 106
6 0
107 3
59 52
103 3
19 63
75 74
75 26
18 0
84 0
19 17
103 5
31 3
43 52
31 43
73 53
42 73
66 0
69 108
69 24
73 34
108 3
7 57
41 3
31 61
61 3
0 109
69 61
0 37
31 98
28 2
31 100
42 110
44 101
104 30
91 24
77 62
30 111
27 78
103 58
69 42
25 112
69 113
75 17
55 52
49 0
9 14
42 56
7 3
31 83
80 5
38 57
33 39
114 115
31 7
112 3
69 52
42 59
10 112
32 81
42 15
69 9
61 17
44 116
87 58
0 76
112 110
39 38
43 3
100 16
117 0
17 52
69 93
25 7
103 102
69 112
61 71
36 0
75 57
31 39
69 79
37 5
42 36
92 43
14 52
39 118
3 47
39 7
37 52
24 111
119 0
0 112
44 57
92 38
55 17
59 9
31 22
72 120
74 81
42 27
58 111
56 3
77 52
121 26
31 90
37 12
33 74
27 48
36 81
43 53
38 54
22 66
31 36
27 98
24 3
10 37
31 115
31 79
6 19
31 103
3 26
55 53
69 81
22 78
75 108
39 6
0 56
0 91
15 3
42 0
98 23
25 52
29 122
49 52
18 66
25 39
112 21
33 123
44 45
22 102
13 31
52 2
124 44
69 49
0 93
52 53
33 16
31 21
107 54
32 36
125 2
72 83
8 35
79 112
24 30
13 24
70 126
31 99
58 110
19 52
44 43
58 4
72 24
32 0
55 92
90 3
39 37
31 54
8 78
46 0
96 3
105 52
39 3
69 111
13 98
127 23
31 37
0 9
31 27
128 0
33 1
58 80
73 43
9 4
24 80
42 43
1 7
33 75
74 26
46 81
70 60
36 44
25 0
79 24
0 60
96 122
64 31
55 54
31 91
78 48
33 112
55 56
81 57
0 63
17 54
0 106
28 1
17 43
0 121
69 78
125 29
44 24
78 126
84 9
86 60
49 3
42 3
77 129
31 52
78 111
42 74
73 105
43 54
112 2
0 113
87 3
31 102
38 40
7 26
55 5
13 22
31 77
0 103
31 35
44 113
70 19
33 57
3 57
31 15
31 86
70 24
37 56
24 45
130 44
6 40
112 57
104 0
17 12
68 0
39 5
0 45
75 93
31 4
0 54
41 26
39 19
31 42
31 109
39 52
31 44
75 103
31 62
33 15
110 63
0 131
113 80
75 2
22 44
27 111
75 41
28 132
20 47
0 110
0 98
41 52
31 12
0 133
10 107
4 57
8 70
10 43
31 85
42 44
75 0
53 57
3 102
71 52
43 38
69 55
52 3
37 17
103 52
42 52
124 24
6 56
20 35
55 129
87 67
1 3
4 3
85 52
44 54
104 70
111 134
101 93
124 35
86 0
32 93
69 31
43 5
133 45
61 57
31 50
15 52
87 9
41 112
36 74
72 3
69 0
33 56
41 56
42 38
52 57
37 15
37 53
31 93
14 30
66 52
54 16
52 12
35 111
52 72
55 12
42 41
31 135
9 3
15 41
64 115
72 45
23 30
70 98
43 57
33 31
33 90
17 71
42 19
75 77
31 0
116 3
15 53
31 56
31 53
3 35
15 57
60 67
36 103
96 57
52 76
75 3
24 65
92 4
52 38
16 3
69 57
31 16
56 57
3 53
69 15
31 129
93 47
31 76
116 129
49 111
78 57
10 60
92 24
59 71
15 56
92 5
11 126
110 3
56 43
75 58
74 111
62 30
41 53
69 39
0 72
17 53
129 3
56 1
92 58
8 48
87 103
7 52
50 11
99 30
48 67
37 3
58 3
58 102
0 41
119 27
75 129
41 5
44 0
82 83
69 90
69 53
31 55
31 1
17 59
14 24
42 37
119 3
56 16
132 70
39 57
15 1
112 52
44 30
0 59
9 7
31 94
10 31
31 113
39 12
71 102
31 81
31 80
76 35
44 72
44 34
66 70
74 0
56 54
31 112
33 5
112 115
136 3
44 93
118 52
61 0
105 7
90 0
128 31
31 96
44 40
44 121
69 43
0 137
69 91
27 126
31 87
0 35
61 41
3 111
33 52
51 0
46 111
0 99
92 3
75 14
19 92
48 45
11 44
0 3
86 48
117 91
52 62
31 57
54 57
122 34
39 102
126 24
75 52
31 138
48 131
31 46
42 57
39 15
104 9
31 139
39 17
63 3
8 24
0 47
125 0
115 21
70 14
55 77
27 14
42 17
31 17
75 135
125 75
50 2
128 3
12 3
129 24
31 133
31 136
125 137
104 52
118 40
18 52
31 131
37 43
9 72
1 35
70 111
22 35
69 88
52 4
12 57
58 12
6 52
