69 96
0 1
0 2
0 3
0 4
0 5
0 6
1 7
1 2
1 8
1 9
1 10
1 11
12 2
12 13
2 14
2 15
2 16
2 17
2 18
19 14
19 20
14 21
14 5
8 22
20 22
23 24
23 25
23 26
23 27
23 28
23 11
27 29
21 30
21 31
32 7
32 18
32 33
32 28
32 34
33 35
33 36
33 28
37 38
37 39
34 40
34 36
41 42
41 18
41 17
41 43
42 44
45 46
45 47
45 16
45 6
47 48
48 17
17 6
17 49
17 18
49 44
44 50
29 18
29 28
51 52
51 25
51 18
53 7
38 54
39 55
56 35
57 52
57 11
43 58
58 59
40 54
40 55
36 54
36 11
16 60
60 61
9 30
4 30
62 5
61 5
5 63
64 65
64 66
67 68
67 13
18 11
18 59
11 59
59 65
66 68
68 3
