4749 7085
0 1
0 2
0 3
0 4
0 5
0 6
0 7
0 8
0 9
0 10
0 11
0 12
0 13
0 14
0 15
0 16
0 17
0 18
0 19
0 20
0 21
0 22
23 24
23 25
23 26
23 27
23 28
23 29
23 30
23 31
23 32
23 33
23 34
23 35
23 36
23 37
23 38
39 40
39 41
39 42
39 43
39 44
39 45
39 46
39 47
39 48
39 49
39 50
39 51
39 52
39 53
39 54
39 55
39 56
39 57
39 58
39 59
39 60
39 61
39 62
39 63
39 64
39 65
39 66
39 67
39 68
39 69
70 71
70 72
70 73
70 74
70 75
70 76
70 77
70 78
70 79
70 80
70 81
70 82
70 83
70 84
70 85
70 86
70 87
88 89
88 90
88 91
88 92
88 45
88 93
88 94
88 95
88 96
88 97
88 98
88 99
88 100
88 101
88 102
88 103
88 104
88 105
88 55
88 106
88 107
88 108
88 109
88 110
88 111
88 112
88 113
88 114
88 115
88 116
88 117
88 118
88 119
88 120
88 121
88 122
123 124
123 125
126 127
126 128
126 129
126 130
126 131
126 132
126 133
126 134
126 135
126 136
126 137
126 138
126 50
126 139
126 140
126 141
126 142
126 143
126 144
126 145
126 146
126 147
126 148
126 149
126 150
126 151
126 152
126 153
126 154
126 155
126 156
157 158
157 159
157 160
157 161
157 162
157 163
157 164
89 165
89 166
89 167
89 168
89 169
89 170
89 116
89 171
89 172
89 173
89 174
89 175
89 176
89 177
89 178
89 179
89 180
89 181
89 182
89 183
89 184
89 185
89 186
89 187
89 188
89 189
89 190
89 191
89 192
89 193
89 194
89 122
89 195
89 22
89 196
89 197
198 199
198 200
198 201
198 202
198 203
198 204
198 205
198 206
198 207
198 208
198 209
198 210
198 211
198 212
198 213
198 214
198 215
198 216
198 217
198 218
198 219
198 220
198 221
198 222
198 223
198 224
198 225
198 226
198 227
198 228
198 229
198 230
198 231
198 232
233 234
235 236
235 237
235 238
235 239
235 240
235 241
235 242
235 243
244 245
244 72
244 246
244 247
244 248
244 94
244 249
244 250
244 251
244 252
244 253
244 254
244 255
244 256
244 257
244 258
244 259
244 260
244 261
244 262
244 263
244 264
244 265
244 266
244 267
244 268
244 187
244 269
244 270
271 272
271 203
271 273
271 274
271 275
271 276
271 277
271 278
271 279
271 280
271 281
271 282
271 283
271 284
271 285
271 286
271 287
271 288
271 289
271 290
271 291
271 292
293 91
293 294
293 247
293 295
293 296
293 297
293 298
293 299
293 300
293 301
293 302
293 303
293 304
293 305
293 306
293 307
293 308
293 309
293 310
293 311
293 312
293 313
293 114
293 314
293 315
293 316
293 266
293 317
293 318
293 319
293 269
293 320
90 321
90 322
90 323
90 116
90 324
90 325
90 326
90 327
90 328
90 329
90 330
90 188
90 331
90 332
90 333
90 119
90 334
90 122
335 336
335 337
335 338
335 339
335 340
335 341
335 342
335 343
335 344
335 345
335 346
335 347
335 348
335 349
335 350
335 351
335 352
335 353
335 354
335 355
356 357
356 358
356 359
356 278
356 360
356 361
356 362
356 363
356 364
356 365
356 366
367 368
367 369
367 96
367 370
367 371
367 372
367 373
367 374
367 375
367 376
367 377
367 378
367 115
379 380
381 382
381 383
381 384
381 385
381 386
381 387
381 388
381 105
381 389
381 390
381 391
381 392
381 393
381 394
381 395
381 396
397 236
397 398
397 399
397 368
397 400
397 401
397 402
397 403
397 404
397 405
397 406
397 407
397 408
397 409
397 410
397 411
397 412
397 413
397 414
397 415
397 416
417 418
417 40
417 419
417 43
417 420
417 421
417 49
417 422
417 423
417 424
417 425
417 426
417 427
417 428
417 429
417 430
417 431
417 432
417 64
417 433
417 434
417 435
417 436
417 437
417 438
417 439
417 440
441 442
441 443
441 444
441 445
441 446
441 447
441 448
441 449
441 450
441 451
441 452
441 453
441 454
441 455
441 183
441 456
441 457
458 459
458 460
458 461
458 462
458 463
458 464
127 129
127 465
127 132
127 133
127 466
127 143
127 467
127 468
127 146
127 469
127 149
127 470
127 155
459 460
471 472
471 473
471 474
475 476
475 477
475 42
475 478
475 479
475 480
475 481
475 482
475 483
484 158
484 485
484 486
484 487
484 73
484 488
484 489
490 491
490 4
490 492
490 493
490 494
490 8
490 495
490 496
490 178
490 497
498 465
498 499
498 49
498 422
498 500
498 501
498 502
498 503
498 504
498 9
498 505
498 506
498 507
498 105
498 508
498 509
498 510
498 511
498 512
498 513
498 514
498 515
498 516
498 517
498 518
498 519
498 520
498 521
498 522
523 524
523 525
523 526
523 527
523 528
523 529
523 530
523 531
523 532
128 129
128 136
128 533
128 534
128 535
128 536
128 537
128 538
128 539
128 540
128 541
128 542
543 442
543 544
543 545
543 380
543 546
543 547
543 548
543 549
543 550
543 551
543 552
543 553
543 554
543 555
543 556
543 557
543 558
543 559
543 560
543 561
543 562
543 563
543 564
543 565
543 566
543 567
543 568
543 569
543 570
543 571
572 573
572 574
572 575
572 576
572 577
578 579
578 580
578 581
578 176
578 582
578 583
578 584
578 585
578 394
578 586
578 587
578 588
578 589
578 590
578 591
578 592
578 593
578 594
595 596
595 358
595 209
595 597
595 598
599 91
599 600
599 601
599 602
599 603
599 604
599 605
599 50
599 606
599 607
599 608
599 56
599 609
599 610
599 611
599 612
599 613
599 614
599 615
599 193
616 49
616 617
616 618
616 619
616 78
616 63
616 620
616 621
616 622
623 624
623 477
623 625
623 626
623 627
623 628
623 629
623 630
623 631
623 632
623 633
623 634
635 636
635 637
635 638
635 639
635 640
635 641
642 643
642 445
642 644
642 645
642 646
642 647
642 648
642 649
442 650
442 651
442 444
442 445
442 652
442 653
442 654
442 655
442 656
442 446
442 657
442 658
442 659
442 660
442 661
442 447
442 662
442 663
442 664
442 665
442 666
442 667
442 668
442 669
442 670
442 671
442 672
442 673
442 674
442 675
442 676
442 677
442 678
442 679
442 15
442 680
442 681
442 682
442 683
442 20
442 684
685 686
685 687
685 688
685 401
685 404
685 689
685 657
685 690
685 691
685 692
685 693
685 694
685 695
685 696
685 697
685 698
685 699
685 700
685 701
685 702
703 704
703 705
703 706
703 707
703 708
703 709
703 710
703 711
712 130
712 713
712 131
712 601
712 93
712 714
712 715
712 716
712 717
712 718
712 719
712 720
712 721
712 722
650 465
650 723
650 604
650 234
650 724
650 725
544 546
544 726
727 728
727 729
727 730
727 731
727 131
727 732
727 733
727 465
727 734
727 735
727 603
727 636
727 93
727 736
727 737
727 234
727 95
727 738
727 739
727 740
727 741
727 742
727 743
727 744
727 745
727 746
727 747
748 749
748 443
748 750
748 751
748 752
748 753
748 754
748 755
748 756
748 757
748 758
748 759
748 607
748 760
748 761
748 762
748 763
748 764
765 766
765 767
765 768
765 769
765 770
765 771
765 772
773 774
773 775
773 776
773 777
773 778
773 435
773 779
773 780
773 781
773 782
773 783
773 594
784 767
784 368
784 785
784 786
784 787
784 788
784 789
784 790
784 791
784 792
784 793
784 794
596 358
596 209
596 597
596 598
596 795
596 796
596 797
596 798
596 799
596 800
801 418
801 802
801 803
801 804
805 499
805 806
805 807
805 808
809 810
809 811
809 812
809 813
809 814
809 743
809 815
809 816
809 817
809 818
819 237
819 820
819 821
819 822
819 823
129 824
129 146
129 825
129 826
129 827
129 745
129 147
129 828
129 829
129 830
129 831
129 541
129 832
129 150
129 833
129 470
129 834
129 835
129 156
836 91
836 837
836 838
836 839
836 715
836 840
836 841
836 842
836 843
836 844
836 845
836 846
836 847
836 848
836 849
836 850
836 851
836 852
836 853
836 854
836 855
836 856
836 857
836 858
836 859
836 860
861 729
861 731
861 862
861 734
861 749
861 736
861 737
861 605
861 74
861 863
861 864
861 865
861 866
861 867
861 143
861 868
861 869
861 870
861 584
861 871
872 245
872 135
872 137
872 873
874 688
874 875
874 876
874 877
874 878
874 879
874 880
874 881
874 882
874 883
874 884
874 885
886 130
886 131
886 887
886 888
886 889
886 717
886 890
886 891
886 892
886 893
886 894
886 895
886 896
886 897
886 898
886 899
886 900
886 901
886 902
886 903
886 542
886 904
886 905
906 92
906 907
906 96
236 908
236 822
236 909
236 910
236 911
236 912
236 913
236 914
236 915
236 916
624 917
624 633
624 918
624 919
624 920
624 921
624 922
624 923
624 924
624 925
624 926
624 927
624 928
130 929
130 930
130 931
130 932
130 933
130 934
130 935
130 936
130 937
130 182
130 938
130 939
130 940
130 941
130 942
130 943
130 187
130 944
130 489
130 945
946 947
946 200
946 948
946 545
946 546
946 949
946 950
946 951
946 952
946 953
946 954
946 955
946 956
946 957
946 958
946 959
946 960
946 961
946 962
946 963
946 964
946 965
946 966
946 967
946 968
91 969
91 131
91 1
91 465
91 970
91 601
91 92
91 603
91 636
91 93
91 137
91 96
91 50
91 971
91 296
91 972
91 840
91 973
91 974
91 975
91 304
91 976
91 977
91 978
91 979
91 980
91 981
91 982
91 640
91 771
91 983
91 984
91 985
91 114
91 986
91 176
91 987
91 988
91 989
91 855
91 831
91 327
91 856
91 990
991 992
991 981
993 600
993 135
993 994
993 995
993 73
993 787
993 996
993 997
993 998
993 999
993 1000
993 1001
993 1002
993 1003
993 1004
993 1005
993 1006
993 1007
1008 1009
1008 1010
199 1011
199 1012
199 203
199 208
199 209
199 1013
199 213
199 1014
199 1015
199 1016
199 1017
199 1018
199 1019
199 1020
199 1021
199 1022
199 1023
199 1024
199 1025
199 226
199 563
199 1026
199 228
199 1027
199 229
199 1028
199 1029
199 1030
199 1031
199 1032
1033 907
1033 1034
1033 1035
1033 1036
1033 1037
1033 506
1033 1038
1033 1039
1033 1040
1033 1041
1033 1042
1033 1043
1033 721
1033 1044
992 1045
992 1046
992 1047
992 1048
992 1049
992 1050
992 1051
992 1052
992 764
992 1053
992 1054
992 1055
992 1056
992 1057
992 1058
992 1059
992 1060
992 641
1061 1062
1061 1063
1061 1064
1061 688
1061 1065
1061 1066
1061 1067
1061 1068
1061 1069
1061 1070
1061 1071
1061 1072
1061 1073
1061 1074
1061 1075
1061 1076
1061 1077
1061 1078
1061 1079
1061 1080
1061 1081
1061 1082
1061 1083
1061 1084
1061 1085
1061 1086
1061 1087
1061 1088
1061 1089
1061 747
1061 1090
1061 1091
1061 1092
1061 1093
1094 465
1094 1095
1094 1096
1094 1097
1094 1098
1062 1063
1062 1064
1062 1099
1062 1100
1062 1101
1102 1103
1102 92
1102 1104
1102 1105
1102 1106
1102 1107
1102 1108
1102 1109
1102 1110
1102 1111
1102 1112
1102 1113
1102 1114
1102 120
1115 92
1115 603
1115 1116
1115 210
1115 1117
1115 1118
1115 1119
1115 1120
1115 1121
1115 1122
1115 1123
1115 1124
1115 1125
1115 1126
1115 120
1127 1128
1127 40
1127 1129
1127 1130
1127 1131
1127 1132
1133 545
1133 1134
1133 1096
1133 1135
1133 1136
1133 1137
1133 1138
1133 1139
573 546
573 1140
573 1141
573 1142
573 1143
573 1144
573 1145
573 1146
573 1147
573 1148
573 1149
573 1150
573 1151
573 1152
573 1153
573 1154
1155 1156
1155 1157
1155 1158
1155 237
1155 1159
1155 1160
1155 1161
1155 1162
1155 1163
1155 1164
1155 1165
1155 1166
1155 240
1155 1167
1155 1168
1155 561
1155 1169
1155 1170
1155 1171
1155 1101
1155 1172
1155 1173
969 465
969 237
969 1174
969 1175
969 1176
969 1177
969 1178
969 1179
969 1180
969 1144
969 1181
969 1182
969 221
969 640
969 1183
969 1184
969 1185
969 1186
969 1187
969 1188
969 987
969 1189
969 1190
969 1191
969 1192
969 1193
969 1194
969 1195
837 730
837 72
837 603
837 1196
837 74
837 1116
837 1197
837 1198
837 1199
837 1200
837 1201
837 1202
837 1203
837 1204
837 1205
837 1206
837 1207
837 1208
837 607
837 789
837 844
837 1209
837 1210
837 1211
837 1212
837 1213
837 1214
837 1215
1216 1217
1216 1218
1216 1219
1216 1220
1216 1221
1216 1222
1216 1223
1216 1224
1216 1225
1216 1226
1216 775
1216 1227
1216 1228
1216 1229
1216 1230
1216 1231
1216 1232
1216 1233
1234 1235
1234 443
1234 995
1234 787
1234 1236
1234 448
1234 1237
1234 1238
1234 1239
1234 1240
1234 449
1234 1241
1234 1242
1234 1243
1234 1244
1234 1245
1234 1246
1234 1247
1234 1248
1234 1249
1234 1250
1234 1251
1252 1253
1252 1254
1252 1255
1252 1256
1252 1257
1252 1258
1252 1259
1260 1103
1260 1104
1260 1261
1260 1262
1260 1263
1260 1107
1260 1264
1260 301
1260 1265
1260 1266
1260 1267
1260 1268
1260 1269
1260 1270
1260 1271
1260 1272
1260 1273
1260 1274
1260 1275
1260 1276
1260 1277
1260 1278
1260 1279
1260 1280
1260 1281
1260 1282
1260 1283
1284 465
1284 1285
1284 1286
1284 1287
1284 1288
1284 1289
1284 1042
1284 1290
1284 1291
1284 1292
1284 1293
1284 1294
1284 1295
1284 1296
1297 1298
1297 766
1297 368
1297 369
1297 370
1297 1299
1297 1300
1297 1301
1297 1302
1297 1303
1297 1304
1297 1305
1297 1306
1297 1307
1297 108
1297 1308
1297 1309
1297 1310
1297 1311
294 730
294 1312
294 1313
294 1314
294 1315
294 1316
294 1317
294 1318
294 1319
294 1320
294 1321
294 1322
294 1323
294 757
294 306
294 1324
294 1325
294 1326
294 1327
294 1328
294 1329
294 1330
294 1331
294 1332
294 1333
294 311
294 1334
294 1335
294 1336
294 1337
294 987
294 326
294 1338
294 1339
294 1340
294 1049
398 368
398 203
398 160
398 1341
398 1342
398 1343
398 1165
398 1344
398 1345
398 1346
398 1347
1348 1349
1348 50
1348 1350
1348 1351
1348 1352
1348 19
1353 1354
1353 1355
1353 1356
1353 1357
1353 1358
1353 1359
1353 1360
1353 1361
1353 1362
1353 1363
1353 1364
1353 1365
1353 1366
1353 1367
1353 1368
1353 1369
1353 1370
1353 1371
1372 1373
1372 1374
1372 1375
1376 1377
1376 420
1376 1378
1376 1379
1376 1380
1376 1381
1376 1382
1376 1383
1376 1384
1376 1385
1376 1386
1376 1387
1376 1388
1389 1390
1389 1391
728 1392
728 465
728 491
728 1393
728 93
728 1394
728 1395
728 1396
728 1397
728 1398
728 195
1399 1400
1399 1401
1399 237
1399 1174
1399 1402
1399 1403
1399 1404
1399 1405
1399 1406
1399 1407
1399 1136
1399 1408
1399 966
1409 1410
1409 401
1409 1411
1409 1412
1409 1413
1409 1414
1409 1415
1409 1416
1409 1417
1011 200
1011 1418
1011 1419
1011 1420
1011 1421
1011 1422
1011 1423
1011 1029
1011 1424
1011 1425
1011 1426
1011 1427
1011 1428
1410 477
1410 1064
1410 838
1410 1429
1410 401
1410 1430
1410 1431
1410 1432
1410 1433
1410 1434
1410 1435
1410 1436
1410 1437
1410 1438
1410 1439
1410 764
1440 4
1440 1441
1440 1442
1440 1443
1440 14
1440 582
1440 1444
1440 1445
1446 40
1446 43
1446 1447
1448 1449
1448 369
1448 1450
1448 1165
1448 629
1448 1451
600 131
600 1452
600 72
600 135
600 2
600 723
600 400
600 994
600 138
600 995
600 73
600 996
600 1453
600 998
600 1454
600 999
600 1000
600 1001
600 1455
600 1456
600 1457
600 1458
600 1459
600 1460
600 1002
600 1461
600 1462
600 1463
600 1464
600 1004
600 1465
600 1466
600 1467
600 1006
600 16
600 856
600 1468
600 1469
600 1470
600 1471
1472 1473
1472 1474
1472 1475
1472 1476
1472 1477
1472 1478
1472 1479
1472 1480
1472 1481
1472 1482
1472 1483
1472 1484
1472 1485
1472 1486
1472 1487
1472 1488
1472 1489
1472 1490
1472 1491
1492 1493
1492 1494
1492 1495
1492 1496
1492 144
1492 1497
1498 1499
1498 1500
1498 1501
1498 1502
1498 420
1498 1503
1498 1504
1498 1505
1498 1506
1498 1507
1498 1508
1498 1509
1498 1001
1498 1458
1498 1510
1498 1511
1498 1512
1498 1513
1498 430
1498 1514
1498 1515
1498 1516
1498 432
1498 1517
1498 1518
1498 1519
1498 1520
1498 1521
1498 1522
1498 1523
1498 1524
1498 16
1498 1525
1498 1526
1498 1527
1498 1528
1498 1529
1499 41
1499 1530
1499 605
1499 1531
1499 1532
1499 1509
1499 1533
1499 1534
1499 431
1499 528
1499 1535
1499 1519
1499 1536
1499 1537
1499 1538
729 1377
729 731
729 733
729 1539
729 465
729 734
729 1540
729 1541
729 767
729 749
729 247
729 1542
729 1530
729 736
729 737
729 1349
729 604
729 234
729 95
729 605
729 73
729 1543
729 1544
729 1545
729 1546
729 1547
729 607
729 1548
729 1549
729 1550
729 143
729 1551
729 1552
729 1553
729 1554
729 831
729 871
729 1555
729 1556
729 1007
729 1557
524 1558
524 4
524 1559
524 1560
524 1070
524 1561
524 1562
524 1563
524 1564
524 1565
524 1566
524 1567
524 1568
524 1569
524 1570
524 1571
947 546
947 1572
947 1573
947 1563
947 1566
947 1574
476 477
476 42
476 72
476 1575
476 1576
476 1577
1578 237
1578 1579
1578 1070
1578 1580
460 882
460 747
460 1581
460 489
1582 40
1582 421
1582 1583
1582 1584
1585 1586
1585 73
1585 1587
1585 1588
1585 582
1585 1338
1392 1393
1392 234
1392 1589
477 1590
477 1591
477 1592
477 1593
477 1594
477 1595
730 1596
730 1597
730 1598
713 1599
713 1600
713 1601
713 1602
713 1603
713 1604
1298 485
1298 1605
1298 492
1298 1606
1298 1607
1298 1608
1298 1609
1298 1610
1298 1611
1298 1165
1298 1565
1298 1612
1298 1613
1298 1614
1298 1615
1298 1616
1298 1617
1298 1618
1128 201
1128 547
1128 1619
1128 1620
1128 1621
1128 1622
1128 1623
1128 1624
1128 1625
1128 1626
1128 1627
1128 1628
1128 1629
1128 1630
1128 1631
1128 1632
1128 1633
1128 563
1128 1634
1128 1635
1128 1636
1128 1637
1638 1639
1638 1640
1641 40
1641 48
1641 1640
1641 234
1641 1642
1641 842
1641 1643
1641 1644
1641 1645
1641 1646
1641 1647
1641 1648
1641 1649
1641 1650
1641 1651
1641 1652
1641 327
1641 1653
1641 1654
1641 1655
1641 1656
1641 1657
200 1658
200 546
200 203
200 1659
200 1013
200 1660
200 213
200 1661
200 1662
200 1663
200 1664
200 1665
200 1019
200 1422
200 1666
200 1222
200 512
200 1667
200 1668
200 1669
200 1670
200 1671
200 1672
200 1673
1377 1674
1377 1675
1377 1676
1377 1677
1678 1679
1253 1680
1253 1255
1253 1129
1253 1681
1253 1682
1253 1683
1253 1684
1253 1685
1253 1686
1253 1687
1253 1688
1253 1689
1253 1690
1253 1691
1253 1692
1693 73
1693 1694
1693 1695
1693 1696
418 40
418 43
418 420
418 47
418 48
418 1697
418 49
418 1698
418 1699
418 1700
418 1701
418 1702
418 510
418 1703
418 1704
418 430
418 432
418 1705
418 1706
418 63
418 64
418 582
418 1707
418 1708
418 1709
418 1710
418 1711
418 1712
418 1713
418 1714
1715 733
1715 421
1715 1716
1715 1717
1715 1718
1715 1719
1715 1720
1715 1721
1722 1723
1722 1724
1722 1725
1722 1726
1722 1727
1722 1728
1722 1729
1722 1730
1722 1731
1722 1732
1722 1733
1722 1734
1722 1735
1722 1736
1722 1737
1722 1738
357 1739
357 1740
357 1741
357 1742
357 1743
357 1744
1745 1746
1745 1747
1745 811
1745 1748
1745 50
1745 1749
1745 1750
1745 143
1745 1751
1745 181
1745 1752
1745 1753
1745 1754
1745 593
1755 1756
1755 1757
245 1758
245 887
245 1746
245 72
245 246
245 1759
245 1760
245 135
245 136
245 247
245 1761
245 94
245 138
245 1762
245 1763
245 1764
245 1765
245 1766
245 12
245 1767
245 1768
245 143
245 1769
245 144
245 1770
245 1771
245 1772
245 873
245 828
245 1773
245 943
245 150
245 470
245 1231
245 1774
245 1775
245 1776
1235 838
1235 1777
1235 767
1235 636
1235 1542
1235 1778
1235 1779
1235 1780
1235 1324
1235 1781
1235 1782
1235 1783
1235 1784
1235 1785
1235 1786
1235 1787
1235 1788
1235 1789
1235 1790
1235 178
1235 1250
1235 1791
1235 1792
1235 334
1235 193
1235 1793
1500 247
1500 95
1500 1794
1500 1795
1500 1796
1500 1797
1500 1798
1500 1512
1500 1799
1500 1271
1500 515
1500 1800
1500 1801
1500 1802
1500 1525
1803 1804
1803 1805
1803 1806
1803 1807
1803 1808
1803 1809
1803 1810
1803 1811
1803 1812
1803 1813
1803 1814
1815 1816
1815 1817
1815 1818
1815 1819
1815 563
1815 1820
1815 1821
1815 1822
1815 1029
1815 1424
1815 1233
158 203
158 402
158 161
158 1823
158 1824
158 1825
158 1826
158 1827
158 1828
158 669
158 1829
158 1830
158 1831
158 1246
158 1832
158 1407
158 1833
158 1834
158 1835
158 1836
158 1837
158 1838
158 1839
158 1840
158 1841
158 1842
731 1843
731 733
731 734
731 1759
731 1760
731 1541
731 132
731 93
731 736
731 737
731 74
731 1844
731 1845
731 865
731 1846
731 78
731 1847
731 1848
731 142
731 1549
731 143
731 1552
731 145
731 826
731 1849
731 1553
731 828
731 1554
731 470
731 1850
131 1851
131 1852
131 320
131 916
1853 1254
1853 368
1853 160
1853 1854
1853 690
1853 1343
1853 1855
1853 1242
1853 115
1853 1856
766 399
766 1857
766 1312
766 368
766 1858
766 1859
766 1860
766 1163
766 1861
766 373
766 1862
766 1863
766 1864
766 374
766 1865
766 1866
766 1867
766 1435
766 1868
766 1869
766 1870
766 1871
766 1872
766 1873
766 1309
766 376
766 115
766 1874
766 1875
766 1876
766 1877
766 1878
766 1879
766 1880
766 1881
766 1882
766 1883
766 1884
71 1885
1103 1104
1103 1886
1887 1888
1887 1889
1887 1890
1887 1891
1887 1892
1887 1893
1887 1894
1887 1895
1887 1896
1887 1897
1887 1898
1887 1899
1887 1900
732 1901
732 1902
732 1903
732 1904
732 1905
732 1906
732 1907
732 1908
732 1909
732 1910
732 407
732 1911
732 1912
732 1913
732 1914
732 1915
732 1916
732 1917
732 1918
732 1919
732 1407
732 1519
732 170
732 1920
732 1088
732 747
732 1921
732 1922
732 1923
732 1924
732 1925
1926 1285
1843 93
1843 4
1927 1928
1927 1929
1927 1930
1927 1161
1927 1931
1927 1824
1927 1932
1927 1933
1927 1934
1927 1935
1927 1936
1927 1937
1927 1938
1927 1939
1927 1940
1927 1941
1063 1942
1064 1400
1064 465
1064 1429
1064 48
1064 723
1064 4
1064 1943
1064 401
1064 1944
1064 1763
1064 1066
1064 1945
1064 1946
1064 1099
1064 1947
1064 1948
1064 1182
1064 1949
1064 1950
1064 1221
1064 1951
1064 694
1064 1952
1064 1789
1064 1953
1064 518
1064 1954
1064 1955
1064 1956
1064 1957
1064 1958
1064 1959
1064 641
733 734
733 1540
733 92
733 1747
733 1541
733 1960
733 636
733 749
733 1961
733 93
733 736
733 737
733 96
733 971
733 73
733 74
733 1962
733 1963
733 1545
733 1964
733 1965
733 1966
733 1548
733 1967
733 143
733 1968
733 1969
733 1555
733 1970
1539 1586
1539 48
1539 247
1539 806
1539 604
1539 73
1539 1971
1539 1972
1539 258
1539 1973
1539 615
1539 1974
1539 1975
1539 119
704 1976
704 603
704 1977
704 369
704 1159
704 1978
704 1979
704 705
704 1980
704 1981
704 1982
704 706
704 707
704 1983
704 1984
704 1985
704 1986
704 1987
704 1988
704 1989
40 43
40 420
40 603
40 421
40 48
40 723
40 247
40 1816
40 1697
40 93
40 806
40 4
40 1990
40 49
40 604
40 234
40 1642
40 1991
40 96
40 73
40 1992
40 1993
40 1994
40 842
40 1995
40 1996
40 1997
40 1998
40 1999
40 2000
40 112
40 2001
40 2002
40 116
40 2003
40 2004
40 2005
40 436
40 119
40 2006
2007 1285
2007 2008
2007 2009
2007 115
2007 1674
2007 2010
2011 370
2011 1105
2011 2012
2011 2013
2011 2014
2011 2015
2011 2016
2011 2017
2011 2018
2011 2019
2011 2020
2011 1019
2011 843
2011 2021
2011 2022
2011 2023
2011 2024
2011 2025
2011 2026
2011 2027
2011 2028
2011 582
2011 583
2011 1028
2011 1444
2011 1031
2011 2029
2011 2030
2011 1427
2011 2031
2011 2032
2011 2033
2011 2034
1758 72
1758 1761
1758 2035
1758 1763
1758 2036
1758 2037
1758 1995
1758 1769
1758 2006
1888 2038
1888 2039
1888 2040
1888 2041
1888 2042
1888 2043
1400 2044
1400 4
1400 492
1400 234
1400 1589
1400 1588
1400 1435
1400 1241
1400 961
1400 1337
1400 2045
1400 2046
1400 2047
1 4
1 2048
1 2049
1 2050
1 2051
1 2052
1 13
1 2053
1 2054
1 2055
1 2056
1 19
1 2057
1 2058
465 1956
465 2059
465 2060
465 2061
465 2062
465 2063
465 2064
465 2065
465 2066
465 2067
465 2068
465 2069
465 2070
465 2071
465 2072
465 2073
465 1593
465 833
465 1754
465 2074
465 2075
465 470
465 764
465 2076
465 193
465 2077
465 1195
465 834
465 2078
465 2079
465 2080
465 2081
465 2082
465 2083
465 2084
465 2085
465 2086
465 1959
465 2087
465 2088
2089 5
2089 2090
2089 2091
2092 887
2092 2093
2092 2094
2092 2095
2092 2096
2092 2097
2092 895
2092 2098
2092 2099
2092 2100
2092 2101
2092 2102
2092 2103
2092 2104
2092 2105
2092 2106
2092 2107
2108 1159
2108 1681
2108 2109
2108 2110
2108 1180
2108 2111
2108 2112
2108 2113
2108 1628
2108 528
2108 2114
2108 2115
2108 1519
2108 2116
2108 2117
2108 2118
2119 2120
2119 2121
2119 2122
2119 2123
2124 2125
862 887
862 1746
862 736
862 2126
862 2127
862 2128
862 2129
862 1765
862 2130
862 9
862 743
862 2131
862 1771
862 1772
862 856
862 2132
2133 2134
887 1746
887 734
887 2093
887 786
887 2035
887 812
887 2135
887 2136
887 2137
887 2138
887 2139
887 2128
887 2140
887 2141
887 1765
887 2142
887 1001
887 2143
887 1494
887 2144
887 2145
887 743
887 895
887 2146
887 2147
887 896
887 2148
887 2149
887 2150
887 2151
887 2152
887 2153
887 613
887 2154
887 2155
887 1771
887 2156
887 1772
887 2157
887 2103
887 2104
887 82
887 2158
887 856
887 2159
887 944
887 2160
887 2161
887 2162
970 601
970 2163
970 2164
970 2165
970 2166
970 2167
970 1744
970 2168
970 2169
970 324
970 2170
970 2171
970 327
970 2172
1156 2173
1156 2174
1156 1167
1156 2175
1156 2176
601 636
601 637
601 2177
601 73
601 1394
601 715
601 1474
601 2178
601 1504
601 299
601 741
601 974
601 2179
601 2180
601 1001
601 2015
601 607
601 2020
601 2021
601 2181
601 2182
601 2183
601 2166
601 640
601 771
601 2184
601 2185
601 2153
601 2054
601 2186
601 2156
601 2187
601 1336
601 2188
601 24
601 583
601 2055
601 2189
601 2190
601 2132
601 334
601 2191
601 1850
601 2192
601 2193
602 838
602 767
602 1778
602 1763
602 865
602 2194
602 2195
602 2196
602 2197
602 725
602 2198
602 2199
602 2200
602 615
602 2201
602 19
602 2202
602 1850
602 2203
1746 136
1746 138
1746 2204
1746 1763
1746 2127
1746 1765
1746 2205
1746 1494
1746 2206
1746 143
1746 2207
1746 1771
1746 828
1746 830
1746 856
1746 470
1746 2132
1746 1774
1739 2208
1739 2209
1739 2210
1739 2211
1739 2212
1739 2213
1739 2214
1739 2215
1739 1742
1739 2216
1739 1480
1739 2217
1739 2218
1739 2219
1739 2220
1739 2221
1739 2222
1739 2223
1739 2224
2225 358
2225 2226
2225 2227
2225 2228
2225 1914
2225 2229
2225 152
485 492
485 2230
485 2231
485 1606
485 2232
485 1607
485 2233
485 2234
485 2235
485 2236
485 2237
485 2238
485 2239
485 488
485 1616
485 1751
485 2240
485 2241
485 1387
485 2242
485 2243
2244 2245
2244 247
2244 2246
2244 161
2244 2247
2244 2248
419 2249
419 2250
419 2251
419 2252
419 2253
419 2254
419 2255
419 2256
419 2257
399 1857
399 688
399 2258
399 400
399 1723
399 370
399 374
399 2259
399 2260
499 491
499 806
499 2261
499 503
499 2262
499 1992
499 2263
499 2264
499 2265
499 2266
499 2267
499 2268
499 2269
499 2270
499 2271
499 2272
499 2273
499 2274
499 2275
499 2276
499 2277
499 2278
810 2279
810 2280
810 2281
810 976
810 743
810 725
810 142
810 2282
810 640
810 817
810 2283
810 515
810 145
810 62
810 1467
810 2074
810 2284
810 1925
41 984
41 2285
41 2286
41 2287
41 2288
41 2289
41 2290
41 2291
41 2292
41 2293
41 1337
41 2294
41 243
41 2295
41 2296
41 2297
41 531
41 2298
41 2299
41 184
41 2300
41 1840
41 2301
41 2302
41 2303
41 2304
41 1426
41 2305
41 2306
41 2307
41 2308
41 2309
159 402
159 2310
159 2311
159 738
159 740
159 2312
159 2313
159 2314
159 657
159 2315
159 2316
159 2317
159 2318
159 2319
159 2320
159 2321
159 2322
159 2323
159 2324
159 2325
159 2326
159 2327
159 2328
159 2329
159 2330
159 2331
159 2332
159 2333
159 2334
159 2335
159 2336
159 2337
838 767
838 50
838 787
838 2338
838 1778
838 2339
838 2340
838 2194
838 2341
838 611
838 1950
838 1436
838 2342
838 1516
838 851
838 615
838 2343
838 2344
838 1250
838 584
838 831
838 2345
838 2346
838 2347
838 334
838 2348
42 72
42 44
42 45
42 2349
42 2350
42 978
42 1121
42 2351
42 2352
42 2353
486 637
486 4
486 487
486 971
486 73
486 446
486 976
486 2354
486 2020
486 2355
486 843
486 1241
486 1242
486 2356
486 2357
486 2358
486 2359
486 2360
486 764
486 860
486 2193
2361 2362
2361 2363
2361 2364
2361 2365
2361 2366
2361 2367
2361 2004
2361 2005
2368 504
2369 72
2369 1960
2369 2370
2369 2371
2369 2372
2369 1504
2369 741
2369 2373
2369 2374
2369 2375
2369 2376
2369 2377
2369 2378
2369 2379
2369 2380
2369 2381
2369 878
2369 2382
2369 2383
2369 1288
2369 2384
2369 2385
2369 515
2369 2386
2369 2387
2369 2388
2369 2389
2369 2390
2369 2391
2369 2392
2369 2393
2394 359
2394 1014
2394 2395
2394 2396
2394 2397
2394 2398
2394 2399
2394 2400
2394 2401
2394 2402
2394 2403
2394 2404
2394 2405
1680 1255
1680 2406
1680 2407
1680 2408
1680 2409
1680 2410
1680 2411
1680 2412
1680 2259
1680 2413
1680 2414
2415 2416
2415 2417
2415 561
1254 368
1254 336
1254 370
1254 1300
1254 1781
1254 2418
1254 2419
1254 2420
1254 2421
1254 2422
1254 2423
1254 2424
1254 2425
1254 2426
1254 378
1254 2259
1254 2427
1254 1880
1254 2428
2429 2430
2431 2432
2431 2433
2431 2434
2431 110
2431 2435
2431 2436
734 1759
734 1760
734 1541
734 136
734 749
734 736
734 737
734 73
734 2035
734 74
734 2437
734 2438
734 2439
734 2128
734 2440
734 78
734 2441
734 1494
734 2442
734 896
734 2443
734 2444
734 2445
734 1548
734 143
734 1552
734 1769
734 2155
734 1770
734 1771
734 2446
734 2447
734 2103
734 2448
734 745
734 147
734 828
734 2449
734 181
734 2450
734 903
734 2161
734 2451
1540 1960
1540 737
1540 2452
1540 2453
1540 2454
1540 2455
1540 2456
1540 2457
1540 2458
1540 2459
1540 2460
1540 2461
1540 2462
1540 2463
1540 2464
272 1960
272 95
272 2465
272 2466
272 2467
272 2468
272 2469
272 2470
272 2471
272 2472
272 2473
272 2474
272 2475
272 2476
272 2477
272 2478
272 2479
272 2480
272 770
272 2481
272 2019
272 2482
272 2483
272 2484
272 2485
272 1885
272 2486
272 281
272 2487
272 2488
272 1221
272 2024
272 2489
272 2490
272 2491
272 2492
272 2493
272 2494
272 2495
272 227
272 2496
272 2497
272 2498
272 2499
272 2500
272 2501
272 2502
272 2503
272 2504
2505 2506
2505 2507
2505 2508
2505 1167
2505 2509
2505 913
839 866
839 2510
839 2511
839 2512
1501 420
2362 2513
2362 2363
2362 1620
2362 995
2362 2514
2362 2515
2362 2364
2362 2516
2362 2517
2362 2518
2362 2365
2362 2519
2362 2520
2362 2521
2362 2522
2362 2523
2362 2524
2362 2525
2362 2526
2362 2198
2362 2527
2362 2528
2362 2529
2362 2530
2362 2531
2362 2532
2362 2533
2362 2367
2362 2534
2362 2535
2362 2536
2362 2004
2362 2005
2362 2537
2362 2538
2362 2539
2362 2540
545 546
545 1418
545 2541
545 2542
545 1659
545 2543
545 2544
545 2545
545 2546
545 2547
545 2548
545 2549
545 2550
545 2551
545 2552
545 691
545 2553
545 2554
545 2555
545 2556
545 2557
545 2558
545 2559
545 1406
545 2560
545 2561
545 2562
545 2563
545 2564
545 2565
545 2566
545 1138
545 2567
545 2118
545 2568
545 2073
545 2569
545 2570
545 966
545 2571
545 2572
2134 137
2134 2573
2134 2574
2134 2575
2134 27
2134 2576
2134 834
1401 2577
1401 1174
1401 2578
1401 2579
1401 2580
1401 2581
1401 2582
1401 2583
1401 2584
1401 2585
1401 2586
1401 1915
1401 2587
1401 2588
1401 2589
1401 2590
1401 2591
1401 2592
1401 2593
1401 2594
1401 2595
2596 546
2596 2597
2596 1698
2596 2598
2596 2599
2596 2600
2596 2601
2596 2602
2596 2603
2596 2588
2596 2604
2596 2605
2596 2606
2596 2607
2608 2609
2608 2610
2608 2611
2608 2612
2608 2613
2608 2614
2608 2615
2608 2616
2608 2617
1255 2618
1255 2619
1255 2620
1255 1993
1255 1982
1255 2621
1255 2622
1255 2623
1255 2624
1255 2625
1255 2408
1255 2626
1255 2627
1255 1983
1255 2628
1255 1258
1255 2629
1255 2412
1255 2630
1255 2631
1255 2632
1255 2633
1255 2538
1255 2634
1255 2635
2636 1697
2636 2637
2636 2638
2636 1878
2636 2639
2636 2640
2641 402
2641 2642
2641 1572
2641 2643
2641 2644
2641 2645
2641 2646
2641 2647
2641 722
2648 811
2648 786
2648 2649
2648 741
2648 2650
2648 2651
2648 2652
2648 2653
2648 2654
2648 2655
2648 1781
2648 2656
2648 2657
2648 2658
2648 2659
2648 2660
2648 2188
2648 2661
2648 2662
2648 2067
2648 2663
2648 2664
2648 2665
2666 237
2666 2667
2666 1956
1502 1586
1502 2668
1502 93
1502 96
1502 971
1502 2471
1502 2669
1502 78
1502 1509
1502 2670
1502 606
1502 2671
1502 2672
1502 2673
1502 2674
1502 2675
1502 2676
1502 1444
1502 22
1976 368
1976 369
1976 1159
1976 2520
1976 2623
1976 2677
1976 2678
1976 2679
1976 2680
1976 2681
1976 2682
1976 2683
1976 1899
1976 2684
1976 2685
1976 2686
380 2
380 201
380 736
380 5
380 1218
380 2687
380 2688
380 2689
380 657
380 2690
380 2691
380 2692
380 796
380 2693
380 2694
380 2695
380 2696
380 2697
380 12
380 2698
380 13
380 2699
380 2700
380 2701
380 2702
380 2703
380 2704
380 2705
380 2706
380 2707
380 2708
380 2709
2710 72
2710 45
2710 2711
2710 250
2710 2712
2710 252
2710 2713
2710 1797
2710 2714
2710 103
2710 743
2710 2715
2710 2716
2710 2183
2710 2717
2710 2718
2710 2719
2710 930
2710 931
2710 2158
2710 2720
2710 2721
2710 939
2710 185
2710 944
2710 122
2710 2722
2710 2723
2710 2724
2710 320
72 2716
72 2725
72 12
72 1120
72 2726
72 1704
72 2727
72 2728
72 2717
72 2729
72 2730
72 2731
72 2732
72 2733
72 2734
72 1769
72 2735
72 2736
72 2737
72 2738
72 2739
72 2740
72 2741
72 61
72 2742
72 2743
72 2744
72 2745
72 172
72 2746
72 315
72 2747
72 2748
72 182
72 2749
72 2750
72 938
72 2751
72 2752
72 943
72 2753
72 2754
72 2755
72 2756
72 2757
72 2758
72 2759
72 2760
246 247
246 94
246 2761
246 2762
246 2763
246 2717
246 2764
2765 201
1679 1158
1679 2766
1679 2767
1679 1892
1679 2768
1679 2769
1679 2770
1679 2565
1679 1172
43 48
43 247
43 93
43 1990
43 49
43 2771
43 2772
43 1447
43 2773
43 2774
43 2003
43 2004
43 2006
92 688
92 247
92 1104
92 93
92 604
92 95
92 96
92 2775
92 2776
92 2777
92 1107
92 1108
92 104
92 2778
92 2779
92 55
92 106
92 108
92 2716
92 109
92 2738
92 2008
92 1952
92 2780
92 2781
92 2782
92 2783
92 115
92 116
92 2784
92 2785
92 2676
92 2786
92 882
92 2787
92 118
92 2788
92 119
92 120
92 2789
2363 2790
2363 2791
2363 2792
2363 2793
2363 2794
2363 2795
2363 2796
2797 2711
2797 2798
2797 2799
2797 2800
2797 2801
2797 2802
2797 2803
2797 2804
2797 2805
2797 2806
2797 2807
2797 2808
2797 2809
2797 2810
2797 2811
2797 2812
2797 2813
2797 2814
2797 2815
1586 247
1586 1961
1586 971
1586 73
1586 2816
1586 2817
1586 1587
1586 2818
1586 2471
1586 2819
1586 2820
1586 1120
1586 2821
1586 2822
1586 2823
1586 2748
1586 2824
1586 2825
1586 2826
1586 2827
1586 2828
1586 2829
1012 234
1012 1285
1012 226
1777 1542
1777 2830
1777 2831
1777 2832
1777 2833
1777 2834
1777 2835
1777 2836
1777 2474
1777 2837
1777 214
1777 2838
1777 2839
1777 2840
1777 2841
1777 2842
1777 2843
1777 2844
1777 2845
1777 2846
1777 2847
1777 2848
1777 2849
1777 2850
1777 2851
1777 2852
1777 2853
1777 2854
1777 2855
1777 227
1777 2793
1777 2856
1777 2857
1777 2858
1777 2859
1777 2860
1777 2861
1777 2862
1777 2863
1777 2864
1747 1541
1747 73
1747 2865
1747 2866
1747 2867
1747 2868
1747 1546
1747 2869
1747 2870
1747 2871
1747 2872
1747 1968
1747 2873
1747 2874
1747 2875
1747 1753
2876 1620
2876 2877
2876 2878
2876 2879
2876 2880
2876 2881
2876 2882
2876 2883
2876 2884
2876 1029
2876 2885
2876 2886
2876 2887
2876 2888
1759 1760
1759 1541
1759 136
1759 137
1759 74
1759 2889
1759 2445
1759 2890
1759 1770
1759 2891
1759 2892
1759 2893
1759 2451
1760 1541
1760 136
1760 74
1760 2889
1760 2894
1760 2895
1760 2896
1760 2445
1760 2890
1760 1770
1760 1772
1760 828
1760 830
1760 150
1760 2893
1760 2451
1760 156
2897 2432
2897 2898
2897 2899
2897 2900
2897 2901
2897 2902
2897 2903
2897 2904
2897 2905
2897 2906
2897 425
2897 2907
2897 2908
2897 2909
2897 2910
2897 2869
2897 1995
2897 2911
2897 2912
2897 1705
2897 2913
2897 2914
2897 2915
2897 2916
2897 64
2897 2917
2897 2918
2897 2919
2897 2920
2897 2921
2897 2922
2897 437
2897 2923
2897 2277
2897 440
2897 2924
1429 368
1429 401
1429 2925
1429 2926
1429 2927
420 1379
420 430
420 2672
2093 2135
2093 2928
2093 2929
2093 2930
2093 2138
2093 2139
2093 2128
2093 2141
2093 77
2093 1765
2093 1380
2093 1494
2093 2931
2093 2096
2093 2932
2093 2933
2093 895
2093 2146
2093 2147
2093 896
2093 2934
2093 2148
2093 2149
2093 2935
2093 2150
2093 2151
2093 2154
2093 2936
2093 2102
2093 2937
2093 1771
2093 2938
2093 2939
2093 2103
2093 2104
2093 2940
2093 2941
2093 2942
2093 2943
2093 2944
2093 2945
2093 2946
2093 778
2093 2947
2093 2948
2093 2949
2093 2161
2093 2162
491 1393
491 93
491 503
491 2264
491 78
491 2950
491 2269
491 496
491 2951
491 621
491 2952
491 190
491 1970
491 2953
491 195
1541 636
1541 136
1541 93
1541 737
1541 73
1541 74
1541 371
1541 1545
1541 2445
1541 1548
1541 1967
1541 143
1541 1968
1541 1770
1541 2873
1541 2954
1541 147
1541 828
1541 2955
1541 1555
1541 2451
2956 2957
2956 2958
2956 2959
2956 527
2956 2960
2956 2961
2956 2290
2956 2962
2956 1528
2963 2964
2963 2965
2966 446
2966 2967
2966 2968
735 2957
735 2969
735 2970
735 2971
735 2972
735 2973
735 2974
735 2381
735 878
735 2975
735 2733
735 2976
735 2977
735 882
735 2978
735 2979
132 133
132 1349
132 138
132 888
132 2980
132 142
132 2981
132 2982
132 144
132 150
132 470
132 151
132 834
132 155
132 156
45 122
45 196
133 135
133 137
133 2980
133 141
133 2890
133 2983
133 150
133 151
133 542
133 154
133 155
46 636
46 234
46 2984
46 2985
46 2986
46 2987
46 260
46 2988
46 1336
2668 2989
2668 2669
2668 2990
2668 2991
2668 2992
2668 2993
2668 2994
2668 2995
2668 2996
2668 2997
2668 2998
2668 2999
2668 3000
2668 3001
2668 3002
2668 3003
2668 3004
2668 3005
2668 3006
2668 3007
2668 3008
603 324
603 3009
603 3010
603 3011
603 3012
603 3013
603 2047
603 3014
603 939
603 1126
603 3015
603 119
603 3016
603 3017
603 193
603 122
603 2308
603 320
603 3018
603 3019
603 3020
3021 403
3021 3022
3021 3023
3021 3024
3021 3025
3021 3026
3021 3027
3021 3028
3021 3029
3021 3030
3021 3031
3021 1985
3021 3032
3021 2043
3021 822
3021 3033
3021 3034
3021 1882
3021 3035
1960 3036
1960 1961
1960 93
1960 49
1960 95
1960 2777
1960 770
1960 3037
1960 3038
1960 3039
1960 2488
1960 1221
1960 3040
1960 3041
1960 2495
1960 2496
1960 3042
1960 3043
1960 1970
1960 593
1658 3044
1658 3045
1658 3046
1658 3047
1658 3048
1658 3049
1658 3050
1658 1669
1658 1425
1658 3051
1658 3052
47 49
47 617
47 3053
47 3054
47 3055
47 3056
47 3057
47 3058
47 3059
47 3060
47 105
47 510
47 1997
47 3061
47 3062
47 3063
47 431
47 3064
47 463
47 64
47 3065
47 620
47 66
47 3066
47 2242
47 3067
1158 1217
1158 3068
1158 3069
1158 3070
1158 1942
1158 3071
1158 3072
1158 3073
1158 694
1158 1168
1158 2770
1158 3074
1158 3033
1857 368
1857 369
1857 370
1857 374
1857 3075
1558 247
1558 95
1558 3076
1558 371
1558 1560
1558 2518
1558 3077
1558 3078
1558 3079
1558 3080
1558 1648
1558 3081
1558 3082
1558 2001
1558 3083
1558 3084
1558 3085
1558 3086
1558 3087
3088 49
3088 3089
3088 2899
3088 842
3088 3090
3088 426
3088 3091
3088 3092
3088 845
3088 2672
3088 1519
3088 3093
3088 3094
3088 3095
134 137
134 138
134 50
134 3096
3097 1175
3097 3098
3097 3099
3097 3100
3097 3101
3097 3102
3097 3103
3097 3104
3097 3105
3097 3106
3097 3107
3097 3108
421 1697
421 3109
421 3110
421 3111
421 3112
421 3113
421 1632
421 3114
421 3115
421 3116
2432 3117
2432 3118
2432 3119
2432 3120
2432 3121
2432 3122
2432 2901
2432 3123
2432 3124
2432 3125
2432 3126
2432 504
2432 3127
2432 3128
2432 3129
2432 3130
2432 3131
2432 3132
2432 3133
2432 3134
2432 3135
2432 3136
2432 3137
2432 3138
2432 3139
2432 3140
2432 3141
2432 3142
2432 3143
2432 3144
2432 3145
2432 3146
3147 3148
3147 3149
3147 3150
3147 3151
3147 2259
651 3152
651 3153
651 447
651 3154
651 3155
651 3156
651 2409
651 3157
651 3158
651 3159
651 3160
651 3161
135 995
135 3162
135 537
135 3163
135 1461
135 873
135 541
135 835
3164 688
3164 1723
3164 2177
3164 3165
3164 3166
3164 1066
3164 3167
3164 3168
3164 3169
3164 3170
3164 3171
3164 1118
3164 3172
3164 3173
3164 3174
3164 3175
3164 3176
3164 1273
3164 3177
3164 3178
3164 3179
3164 3180
3164 3181
3164 3182
3164 3183
3164 3184
3164 938
3164 3185
3164 3186
3164 3187
3164 3188
3164 781
3164 3189
3164 3190
3164 1842
767 688
767 785
767 50
767 787
767 788
767 3191
767 3192
767 1964
767 1322
767 3193
767 770
767 1966
767 3194
767 790
767 3195
767 3196
767 3197
767 3198
767 3199
767 3200
767 3201
767 1516
767 3202
767 615
767 1616
767 3203
767 1249
767 3204
767 1250
767 3205
767 3206
767 3207
767 3208
767 3209
767 3210
767 3211
767 3212
767 2348
2 723
2 3
2 1943
2 1619
2 234
2 995
2 3109
2 1285
2 3213
2 2669
2 3214
2 3215
2 12
2 3216
2 3217
2 2701
2 3218
2 3219
2 3220
3221 2914
48 1697
48 4
48 492
48 49
48 96
48 3222
48 2020
48 844
48 3223
48 3224
48 63
48 64
48 3225
48 193
48 622
3226 478
3226 3227
3226 3228
3226 3229
3226 3230
3226 3231
3232 1697
3232 3233
3232 3234
3232 3235
3232 3236
3232 822
686 806
686 95
686 402
686 698
723 3
723 443
723 995
723 715
723 3237
723 1763
723 3238
723 3239
723 1647
723 3240
723 3241
723 2701
723 3242
723 3243
723 3244
2711 2798
2711 2799
2711 250
2711 3245
2711 3246
2711 3247
2711 2865
2711 3248
2711 3249
2711 3250
2711 1726
2711 3251
2711 3252
2711 3253
2711 3254
2711 3255
2711 3256
2711 3257
2711 3258
2711 3259
2711 3260
2711 3261
2711 3262
2711 3263
2711 3264
2711 3265
2711 3266
2711 3267
2711 3268
2711 3269
2711 3270
2711 3271
2711 3272
2711 3273
2711 939
2711 396
2711 3274
2711 3275
2711 3276
2711 2722
2711 3277
2711 3278
687 1858
687 1299
687 3279
687 3123
687 1945
687 2969
687 3280
687 3281
687 1168
687 696
687 3282
687 3283
687 3284
687 3285
687 3286
3 3287
3 3288
3 657
3 1744
3 3289
3 676
3 3290
3 3291
3 3292
3 3293
3 2701
3 15
3 3294
3 3295
3 3296
1312 3297
1312 3209
1312 3298
1312 1049
1312 764
1312 3299
1312 1057
1312 1059
3300 3301
3300 1978
3300 1300
3300 3302
3300 1306
3300 3303
3300 3304
3300 3305
3300 3306
3300 3307
3300 3308
3300 3309
3300 3310
3300 3311
3300 3312
3300 3284
3300 1937
3301 1978
3301 1300
3301 3313
3301 3303
3301 3314
3301 3312
3301 3315
907 1605
907 369
907 3316
907 2382
907 3317
636 1393
636 93
636 3318
636 737
636 73
636 3319
636 3320
636 3321
636 972
636 3322
636 2471
636 3323
636 3324
636 3325
636 1867
636 3326
636 2987
636 1783
636 3327
636 2167
636 2024
636 2025
636 771
636 2872
636 260
636 3328
636 3329
636 1789
636 3330
636 3331
636 1336
636 1969
636 116
636 324
636 326
636 327
636 3332
636 190
636 3333
636 1970
636 2193
636 3334
2044 3335
2044 3336
2044 3337
2044 2045
2044 3338
3339 1129
3339 3340
3339 3341
3339 3342
3339 3343
3339 3344
3339 3345
3339 1135
3339 3346
201 1542
201 547
201 3347
201 203
201 204
201 206
201 3348
201 525
201 3349
201 3350
201 3351
201 3352
201 3353
201 1626
201 3354
201 3355
201 1627
201 3356
201 3357
201 3358
201 3359
201 3360
201 3361
201 3362
201 3363
201 3289
201 3364
201 3365
201 3366
201 1633
201 3367
201 3368
201 243
201 1424
201 3369
201 3370
201 882
201 3371
201 3218
201 3372
201 2760
201 3373
201 1692
3374 3375
3374 3376
3374 3377
3374 1095
3374 3378
3374 3379
3374 3380
3374 3381
3374 3344
3374 2559
3374 3382
3374 3383
3374 3384
3374 3385
3374 3386
3374 3387
3374 3388
3374 3389
1354 368
1354 369
1354 1159
1354 444
1354 370
1354 3390
1354 3391
1354 3392
1354 3393
1354 3394
1354 3395
1354 3396
1354 3397
1354 3398
1354 1985
1354 3399
643 3400
643 3401
643 1741
643 3402
643 3403
643 3404
643 3405
643 2009
643 1874
643 804
643 3406
643 3407
2245 2246
2245 3408
2370 2372
2370 3409
2370 3410
2370 3411
2370 3412
2370 2469
2370 3413
2370 3251
2370 3414
2370 3415
2370 3416
2370 3417
2370 2742
2370 1407
2370 3418
2370 1211
2370 3419
2370 3420
688 3421
688 3422
688 3423
688 3424
688 2009
688 3425
688 880
688 2782
688 115
688 3426
688 3427
688 3428
688 24
688 3311
688 3429
688 3430
688 3431
688 3432
688 938
688 882
688 3433
688 3434
688 747
688 3435
688 3436
688 3186
688 330
688 1590
688 1880
688 781
688 884
688 1426
688 1091
688 3437
688 3438
688 3439
688 1231
688 3440
688 3212
688 3441
688 3442
136 1761
136 137
136 138
136 1762
136 1763
136 2127
136 3443
136 3444
136 3445
136 1494
136 2894
136 3446
136 3447
136 3448
136 2896
136 142
136 143
136 144
136 1772
136 825
136 147
136 828
136 830
136 3449
136 150
136 470
136 156
3450 3451
3450 2509
749 443
749 737
749 73
749 1962
749 3452
749 3453
749 3454
749 3455
749 3456
749 2290
749 3457
749 3458
2577 3119
2577 3459
2577 3460
2577 3461
247 2789
247 3462
1640 444
1640 1991
1640 3463
1640 3464
1640 3465
1640 3466
1640 3467
1640 3468
1640 1120
1640 1645
1640 3469
1640 3470
1640 432
1640 3471
1640 116
1640 3472
1640 3473
1640 1653
1640 1654
1640 3474
3036 95
3036 140
3036 2777
3036 2488
3036 2188
3036 2496
811 786
811 137
811 2649
811 813
811 3475
811 3476
811 3477
811 3478
811 2659
811 3479
811 3480
811 1956
1977 3481
1977 3482
1542 737
1542 3483
1542 715
1542 3484
1542 3485
1542 3486
1542 3487
1542 3488
1542 3489
1542 3490
1542 1550
1542 3491
1542 3492
1542 1788
1542 3493
1542 3494
1542 3495
1542 3496
1542 3497
2279 3498
2279 2128
2279 1546
2279 2341
2279 3499
2279 3500
2279 612
2279 3501
2279 817
2279 2283
2279 3502
2279 3503
2279 2297
2279 3504
2279 189
2279 3505
2279 590
3506 368
3506 3507
1393 93
1393 637
1393 3508
1393 1394
1393 3509
1393 3510
1393 3511
1393 3512
1393 3513
1393 1435
1393 1239
1393 3514
1393 3515
1393 3516
1393 1244
1393 2168
1393 322
1393 3517
1393 1049
1393 3518
1393 3519
1393 1057
1393 1059
202 206
202 3109
202 3520
202 3521
202 3522
202 3523
202 3524
202 478
202 3525
202 3526
202 3527
202 3528
202 3529
202 3530
202 3531
202 2887
202 67
202 3519
202 3532
1761 2035
1761 1762
1761 1763
1761 2036
1761 143
1761 1769
1761 3533
358 205
358 597
358 3534
358 1014
358 3535
358 3536
358 598
358 3537
358 2398
358 3538
358 3539
358 3540
358 363
358 3541
358 3542
358 3543
358 3544
358 3545
358 3546
358 3547
358 1427
358 3548
358 366
248 3549
248 95
248 73
248 249
248 371
248 3550
248 3551
248 253
248 3552
248 3553
248 254
248 3554
248 257
248 3555
248 3556
248 983
248 3557
248 1952
248 26
248 3558
248 3559
248 266
248 267
248 3560
248 3561
248 3562
248 3563
248 187
248 319
248 194
248 269
248 990
248 3462
248 1900
546 206
546 549
546 3564
546 3565
546 552
546 3566
546 3567
546 3568
546 570
546 3569
368 203
368 3570
368 369
368 3571
368 401
368 1859
368 1979
368 402
368 370
368 403
368 404
368 3572
368 1860
368 3390
368 3573
368 3574
368 717
368 3575
368 3576
368 3577
368 3578
368 3579
368 3580
368 3581
368 3582
368 3583
368 3584
368 3585
368 3586
368 3587
368 3588
368 3075
368 3589
368 3590
368 1309
368 3591
368 3592
368 182
368 3593
368 3594
368 18
368 3595
3596 3597
3596 1562
3596 3598
3596 3599
3596 3600
3596 3601
3596 3602
3596 3603
3117 93
3117 3604
3117 3605
3117 3606
3117 3607
3117 1177
3117 3608
3117 360
3117 3609
3117 3610
3117 3611
3117 3612
3117 3613
3117 3614
3117 3615
3117 3616
3117 3331
3117 2002
3117 3617
3117 3618
3117 2275
3117 3619
3117 3620
3117 3621
3117 3622
3117 3623
3117 3624
3117 3625
3117 3145
3117 3626
3117 3627
3117 3628
3117 3629
2258 1723
443 787
443 715
443 3630
443 1322
443 3631
443 3632
443 3633
443 448
443 3634
443 449
443 1243
443 3635
443 1245
443 3636
443 3637
443 1876
443 3638
443 2043
443 1877
443 3639
443 2064
443 764
400 402
400 404
400 625
400 3640
400 3641
400 3642
400 16
400 3643
400 3644
400 3645
400 3646
400 1882
1961 93
1961 96
1961 73
1961 3647
1961 2194
1961 3648
1961 2052
1961 3649
1961 193
1961 1850
1961 3019
1697 3650
1697 840
1697 1176
1697 3651
1697 844
1697 1220
1697 3652
1697 3653
1697 3654
336 1978
336 5
336 705
336 1300
336 2022
336 3655
336 3656
336 3657
336 1937
336 3658
336 3659
3660 604
3660 1313
3660 234
3660 752
3660 3661
3660 3662
3660 3663
3660 3664
3660 3665
3660 3666
3660 3667
3660 3668
3660 352
3660 3669
3660 1337
3660 3670
3660 3671
547 206
547 3672
547 3673
547 1152
547 3674
547 1426
1530 737
1530 605
1530 3675
1530 3676
1530 1535
1530 3677
1129 1104
1129 234
1129 1642
1129 1217
1129 1681
1129 1285
1129 1531
1129 1105
1129 2514
1129 1623
1129 3678
1129 3679
1129 3680
1129 3681
1129 3682
1129 3683
1129 3684
1129 3685
1129 3686
1129 3687
1129 3688
1129 3689
1129 1718
1129 3690
1129 3691
1129 3692
1129 3693
1129 3694
1129 3695
1129 3696
1129 3697
1129 3698
1129 3699
1104 3700
1104 3701
1104 3702
1104 3703
1104 1107
1104 1264
1104 1108
1104 1565
1104 3704
1104 1268
1104 1110
1104 2008
1104 3705
1104 3706
1104 120
1104 3707
1104 3708
1723 74
1723 3709
1723 1107
1723 1264
1723 3710
1723 3711
1723 3712
1723 1108
1723 3713
1723 3714
1723 3715
1723 2008
1723 3716
1723 3717
1723 3718
1723 2785
1723 3719
1723 938
1723 3720
1723 120
1723 1738
3347 3721
3347 1257
3347 3722
3347 3723
3347 3724
3347 3725
3347 64
3347 3726
3347 3727
3347 3728
3347 3729
785 786
785 5
785 1217
785 787
785 788
785 3607
785 1946
785 3730
785 3731
785 3732
785 3733
785 3734
785 790
785 3735
785 2409
785 3736
785 3209
785 794
785 3212
3737 403
3737 3738
3737 3739
3737 3740
3737 3741
3737 3742
786 137
786 787
786 788
786 3743
786 2969
786 3744
786 447
786 3745
786 770
786 3746
786 3584
786 3476
786 3281
786 3195
786 3477
786 3747
786 2659
786 3748
786 3749
786 3479
786 3480
786 793
786 3750
93 3625
93 1970
93 622
93 2953
93 195
93 2193
237 1174
237 3751
237 1161
237 1070
237 3752
237 3753
237 3754
237 221
237 3755
237 3756
237 3757
237 3758
237 3134
237 3759
237 3760
237 3761
237 3616
237 3762
237 1186
237 3763
237 3764
237 85
237 1088
237 3765
237 3766
637 487
637 3508
637 1504
637 3767
637 3768
637 3510
637 3769
637 3512
637 3770
637 3771
637 3772
637 3773
637 3774
637 3775
637 3776
637 3777
637 3778
637 3779
637 1435
637 843
637 1239
637 3780
637 1383
637 640
637 1242
637 3516
637 1244
637 3781
637 2168
637 171
637 1876
637 3782
637 3297
637 3783
637 3784
637 1049
637 764
637 641
3785 1660
3785 3786
3785 1696
3785 3787
3785 570
3785 3788
806 1313
806 95
806 402
806 1218
806 3789
806 2264
806 3790
806 3791
806 1704
806 3792
806 3793
806 2741
806 1969
806 1974
806 1970
806 2758
736 737
736 1349
736 73
736 3794
736 549
736 3795
736 3796
736 3797
736 3798
736 3799
736 13
736 3800
736 3801
736 3802
736 826
736 2704
736 3803
736 831
736 832
203 3804
203 3805
203 631
203 3806
203 3807
203 3808
203 3809
203 227
203 3810
203 3811
203 3812
203 3813
203 3814
203 1590
203 3815
203 3816
203 3817
203 3818
203 3819
203 3820
203 3821
203 3822
3823 2177
3823 3824
3823 3825
3823 3826
3823 3179
3823 3827
3823 3828
3823 3829
3823 3830
2898 49
2898 3831
2898 3832
2898 3833
2898 3834
2898 3835
2898 1995
2898 1915
2898 3136
2898 3836
2898 3837
2898 3838
2898 3839
2898 3542
2898 2920
2898 3840
2898 3841
2898 3842
2898 3843
2898 3844
1605 369
1605 1159
1605 402
1605 96
1605 2177
1605 370
1605 705
1605 73
1605 3845
1605 1165
1605 3846
1605 3847
1605 1674
1605 1597
1605 3848
1605 3849
1449 2290
1449 3850
3318 3851
3318 3852
3318 3853
3318 3854
3318 3855
3318 3856
3318 3857
3318 3858
3318 3859
3318 3860
3318 3861
3318 3862
3318 3863
3318 3864
3318 68
273 3865
273 403
273 3866
273 3867
273 104
273 281
273 3868
273 3869
273 3870
3871 3872
3570 3873
3570 2047
3570 182
3570 3874
3570 938
3570 3875
3570 2059
3570 3862
3570 943
3570 3876
3570 122
3570 3877
3570 3878
3570 3879
3570 196
3880 3881
3880 3882
3880 3883
3880 3884
3880 3885
3880 3886
3880 3887
3880 3888
3880 3889
3880 3890
3880 3891
3880 3892
3880 3893
3880 3894
3880 3895
3880 3896
3880 3897
3880 3898
3880 3899
3880 3900
3880 3901
3880 3902
3880 3903
369 604
369 234
369 1979
369 96
369 3904
369 3905
369 108
369 3906
4 1943
4 492
4 487
4 95
4 3907
4 3077
4 3908
4 78
4 3909
4 1783
4 1644
4 845
4 3910
4 3911
4 3912
4 1708
4 3913
4 3914
4 3915
4 3916
4 3917
4 1793
4 622
4 2193
1943 95
1943 3918
1943 1564
1943 1949
1943 3919
1943 3920
1943 3914
1943 3646
737 1349
737 604
737 234
737 605
737 73
737 74
737 864
737 3921
737 3922
737 1545
737 1546
737 3923
737 607
737 3924
737 1548
737 1550
737 143
737 1551
737 1552
737 869
737 3925
737 3926
737 831
737 871
2173 238
2173 3918
2173 3927
2173 798
2173 3928
2173 3929
2173 3930
2173 3931
1159 1978
1159 1217
1159 705
1159 1160
1159 3932
1159 3933
1159 3934
1159 1162
1159 3935
1159 3936
1159 1942
1159 3937
1159 3938
1159 3939
1159 3940
1159 1036
1159 3941
1159 3942
1159 3943
1159 1166
1159 3944
1159 3945
1159 1168
1159 3946
1159 2115
1159 3947
1159 2009
1159 1519
1159 1309
1159 630
1159 3948
1159 3949
1159 3950
1159 2116
1159 3951
1159 3952
1159 3953
1159 1171
1159 3954
1159 3955
1159 3819
1159 3033
1159 3956
1159 3957
1159 3958
1159 3959
1159 3960
1159 3961
1159 916
3571 3962
3571 3963
3571 3964
492 1504
492 3965
492 3966
492 494
492 1609
492 3523
492 3967
492 3780
492 3968
492 1998
492 3969
492 1786
492 3970
492 178
492 3971
492 3972
492 622
94 97
94 3973
94 3974
94 3975
94 1767
94 1768
94 3976
94 113
94 173
94 117
94 3875
94 121
1349 3977
1349 3978
1349 3979
1349 1458
1349 142
1349 2982
1349 143
1349 1754
137 138
137 50
137 3980
137 1763
137 3981
137 2692
137 3982
137 2980
137 3983
137 2894
137 3984
137 3985
137 3986
137 1516
137 2659
137 3987
137 3988
137 3989
137 3990
137 828
137 3991
137 3992
137 2060
137 3993
137 3994
137 834
3995 3996
3995 3997
3995 3998
359 3999
359 4000
359 4001
359 4002
359 2396
359 4003
359 3538
359 4004
359 4005
359 2403
359 4006
359 4007
401 402
401 404
401 2926
401 4008
401 1946
401 3400
401 4009
401 1828
401 4010
401 4011
401 4012
401 694
401 695
401 4013
401 4014
401 1246
401 2927
401 4015
401 721
401 700
401 4016
401 1958
4017 4018
4017 4019
4017 4020
4017 4021
4017 4022
4017 4023
4017 4024
4017 4025
1990 995
1990 74
1990 4026
1990 4027
1990 2969
1990 4028
1990 1972
1990 4029
1990 4030
1990 4031
1990 4032
1990 1120
1990 4033
1990 4034
1990 4035
1990 4036
1990 1209
1990 4037
1990 4038
1990 332
1990 1675
1990 4039
1990 4040
1990 1676
1858 1299
1858 4041
1858 4042
1858 4043
1858 4044
1858 4045
1858 1302
1858 4046
1858 4047
1858 1863
1858 4048
1858 55
1858 4049
1858 4050
1858 3589
1858 2872
1858 4051
1858 4052
1858 2743
1858 4053
1858 4054
1858 172
1858 4055
1858 4056
1858 4057
1858 4058
1858 3594
1858 4059
1858 4060
1858 3033
1858 1882
1858 4061
1858 1883
1858 4062
3549 4063
3549 4064
3549 4065
3549 4066
3549 4067
3549 4068
3549 4069
3549 4070
3549 4071
3549 4072
3549 3562
3549 4073
204 205
204 4074
204 4075
204 1903
204 2469
204 4076
204 1015
204 4077
204 277
204 215
204 3353
204 4078
204 4079
204 222
204 4080
204 4081
204 1821
204 243
204 1669
204 3369
204 4082
204 4083
204 4084
204 4085
204 4086
204 4087
1619 3532
49 4088
49 620
49 4089
49 3472
49 4090
49 1444
49 4091
49 2003
49 434
49 3066
49 4092
49 2242
49 4093
49 4094
49 330
49 435
49 436
49 4095
49 4096
49 4097
49 4098
49 4099
49 4100
49 3067
49 440
49 4101
1196 1197
205 4074
205 4102
205 4103
205 4104
205 4000
205 4105
205 4106
205 4107
205 4108
205 4076
205 1015
205 4109
205 4110
205 4111
205 215
205 4112
205 4113
205 2584
205 4114
205 4115
205 4116
205 2845
205 4117
205 4118
205 4119
205 4120
205 4121
205 4122
205 631
205 4123
205 2116
205 4124
205 2403
205 4125
205 3817
205 4126
205 3548
205 4127
205 4128
205 3008
206 4129
206 4130
206 1420
206 4131
206 2612
206 3350
206 553
206 4132
206 4133
206 4134
206 4135
206 4136
206 4137
206 4138
206 4139
206 3353
206 1627
206 4140
206 4141
206 4142
206 1018
206 4143
206 4144
206 3113
206 4145
206 4146
206 4147
206 4148
206 4149
206 3366
206 3368
206 3310
206 633
206 4150
206 1152
206 4151
206 4152
206 4007
206 4153
1978 1979
1978 705
1978 1300
1978 706
1978 4154
1978 1985
1978 4155
1978 4156
1978 3312
1978 1937
1978 3033
1978 3034
2798 2799
2798 4157
2798 4158
2798 2803
2798 2804
2798 4159
2798 2808
2798 2809
2798 4160
2798 4161
2798 4162
2798 4163
2798 4164
2798 4165
2798 4166
4167 4168
4167 4169
4167 4170
4167 4171
4167 4172
4167 2184
4167 4173
4167 4174
4167 4175
4176 402
604 234
604 95
604 96
604 840
604 2264
604 78
604 2985
604 4177
604 1120
604 2781
604 582
604 1126
1313 4178
1313 3375
1313 2930
1313 4179
1313 757
1313 3663
1313 4180
1313 3664
1313 4181
1313 3202
1313 3665
1313 4182
1313 1337
1313 1386
1313 4183
1313 4184
1313 3670
1313 4185
1313 1049
1313 4186
1313 3671
487 73
487 4187
487 4188
487 4189
487 976
487 3773
487 3326
487 2020
487 4190
487 2168
487 2358
487 901
487 182
487 4191
487 4192
487 764
949 4193
949 4194
949 4195
949 4196
949 4197
3865 104
3865 4198
3865 4199
3865 4200
3865 4201
3865 4202
3148 402
3148 738
3148 739
3148 4203
3148 3150
3148 4204
3148 2259
4205 2642
4205 4206
234 3508
234 402
234 1217
234 96
234 1285
234 1589
234 4207
234 210
234 2264
234 2014
234 878
234 2559
234 961
4208 4209
4208 4210
4208 4211
4208 4212
4208 4213
4208 4214
4208 4215
4208 4216
4208 4217
4208 4218
4208 4219
95 402
95 96
95 3316
95 971
95 4220
95 74
95 1394
95 787
95 4221
95 210
95 4222
95 1844
95 4223
95 1395
95 2969
95 3584
95 3216
95 4224
95 2735
95 260
95 61
95 2742
95 4225
95 4226
95 115
95 931
95 2495
95 1336
95 172
95 315
95 24
95 2496
95 394
95 939
95 3015
95 2759
95 2308
95 4227
605 4228
605 4229
605 4230
605 609
605 4231
605 1535
4168 4232
4168 4233
4168 4234
2246 1904
2246 2691
2246 3408
2246 4235
2246 4236
2246 4237
2246 4238
2246 2535
1979 705
1979 1160
1979 706
1979 4239
1979 1171
1979 4240
1979 4241
3508 715
3508 4242
3508 4187
3508 4243
3508 4244
3508 4245
3508 1963
3508 4246
3508 4247
3508 4248
3508 3767
3508 3768
3508 4249
3508 3510
3508 4250
3508 1964
3508 3731
3508 4251
3508 4252
3508 1435
3508 1239
3508 307
3508 3893
3508 1784
3508 1241
3508 1242
3508 3516
3508 4253
3508 4254
3508 2168
3508 1246
3508 1876
3508 3517
3508 4255
3508 3297
3508 4256
3508 3209
3508 1046
3508 4257
3508 4258
3508 3298
3508 1049
3508 1051
3508 764
3508 3439
3508 4259
3508 4260
3508 1057
3508 1059
3118 724
3118 4261
3118 4262
3118 4263
3118 3459
3118 3136
3118 4264
3118 287
3118 4265
3118 1956
3118 569
3118 437
1748 1763
1748 4266
1748 2441
1748 4267
1748 4268
1748 143
1748 826
1748 4269
1748 4270
1748 4271
1748 4272
402 5
402 1217
402 4273
402 738
402 4063
402 4274
402 1572
402 1823
402 657
402 4275
402 4276
402 4277
402 4278
402 1563
402 4279
402 4280
402 669
402 4281
402 4282
402 789
402 4283
402 4284
402 4285
402 4286
402 4287
402 1855
402 4288
402 1168
402 4289
402 4290
402 1246
402 1832
402 1407
402 4291
402 2290
402 4292
402 4293
402 4294
402 1836
402 4295
402 1837
402 4296
402 1838
402 4297
402 4298
402 2303
402 4299
5 4300
5 2090
5 161
5 1300
5 4301
5 657
5 4302
5 4303
5 4304
5 4305
5 4306
5 4307
5 3029
5 1728
5 4308
5 4309
5 4310
5 1259
5 4311
5 822
5 4312
5 4313
5 18
5 4314
5 4315
5 3406
5 4316
5 4317
4318 1394
4318 4319
4318 4320
4318 4321
4318 770
4318 4322
4318 580
4318 4323
994 995
994 4324
994 4325
994 4326
1642 444
1642 1285
1642 4327
1642 1996
1642 3692
138 996
138 2204
138 3443
138 3444
138 1494
138 3447
138 1002
138 143
138 828
138 4328
138 470
138 1774
1620 4329
1620 1621
1620 2516
1620 4330
1620 2669
1620 3111
1620 4331
1620 4332
1620 4333
1620 4334
1620 1648
1620 4335
1620 1633
1620 4336
1620 4337
1620 4338
1620 4339
1620 1426
444 1285
444 445
1991 4340
1991 3323
1991 4341
1991 4342
1991 4343
1991 4344
1991 55
1991 4345
1991 2150
1991 4346
1991 4347
1991 2000
1991 4348
1991 4349
1991 3268
1991 321
1991 116
1991 3011
1991 1005
1991 328
1991 4350
1991 4351
1991 119
1991 4352
1418 1285
1418 4353
1418 4139
1418 4140
1418 4354
1418 4355
1418 4356
1418 3528
1418 2563
1418 561
1418 4357
1418 1669
1418 564
1418 3338
1418 1424
1418 4358
1418 4359
1418 913
1418 2572
995 73
995 787
995 996
995 4360
995 999
995 1972
995 1459
995 3162
995 4361
995 1461
995 4362
995 4363
995 4364
995 1004
995 1005
995 3243
995 4365
995 4366
1217 1285
1217 4367
1217 4368
1217 4369
1217 4370
1217 4371
1217 3734
1217 3215
1217 4372
1217 3612
1217 4373
1217 4374
1217 1170
1217 4375
1217 4376
1217 4377
1217 1231
96 971
96 73
96 99
96 3552
96 101
96 104
96 4378
96 1611
96 4379
96 257
96 55
96 107
96 108
96 4380
96 3975
96 2716
96 4177
96 109
96 1120
96 2717
96 2738
96 2000
96 113
96 114
96 321
96 2783
96 930
96 377
96 2002
96 115
96 931
96 2764
96 1969
96 116
96 4381
96 4382
96 4383
96 2786
96 4384
96 118
96 4385
96 2788
96 119
96 1970
96 122
1681 1285
1681 1105
1681 4386
1681 3578
1681 1565
1681 4387
1681 4388
1681 4389
1681 4390
1681 4391
4392 3076
4392 2109
4392 4393
4392 4394
4392 4395
4392 4396
4392 4397
4392 4398
4392 4399
4392 1702
4392 1703
4392 2911
4392 4400
4392 4401
4392 4402
4392 4403
4392 4404
4392 2001
4392 4405
4392 4406
4392 3954
4392 4407
4392 4408
4392 4409
4392 4410
422 4411
422 4412
422 1997
422 2773
422 2916
422 438
422 4413
422 4414
2177 3166
2177 741
2177 4415
2177 4416
2177 3250
2177 1828
2177 3584
2177 4226
2177 4417
2177 4418
2177 3179
2177 3181
2177 4419
2177 4420
1174 4421
1174 1176
1174 4422
1174 2548
1174 4423
1174 1909
1174 4424
1174 4425
1174 4426
1174 4427
1174 4428
1174 4429
1174 1184
1174 1574
1174 4430
1174 4431
1174 4432
1174 4433
1174 1194
1174 4434
1174 4435
370 1299
370 3390
370 4436
370 3392
370 1305
370 2014
370 1306
370 108
370 4052
370 4437
370 4438
370 4439
3316 1394
3316 2713
50 812
50 1778
50 4440
50 2178
50 4441
50 1504
50 1588
50 3770
50 976
50 2015
50 1324
50 607
50 2020
50 4442
50 4443
50 4444
50 2186
50 4445
50 4446
50 4447
50 615
50 1751
50 901
50 1467
50 182
50 831
50 1351
50 3784
50 19
50 4448
50 334
50 1793
705 4449
705 4450
705 1588
705 4451
705 4452
705 706
705 4453
705 4454
705 4455
705 4456
705 1985
705 4457
705 4458
705 3952
705 3312
705 4459
705 3033
705 1989
705 4460
705 4461
3109 1105
3109 4462
3109 4463
3109 1264
3109 4464
3109 1625
3109 4465
3109 4466
3109 4467
3109 4468
3109 3217
3109 3113
3109 4335
3109 4469
3109 3705
3109 1632
3109 1029
3109 4470
3109 4471
3109 2538
3109 4472
3109 4473
971 73
971 74
971 1394
971 4474
971 2471
971 446
971 78
971 2670
971 4475
971 4476
971 2933
971 2350
971 55
971 2355
971 4477
971 4478
971 1998
971 2671
971 4479
971 2672
971 2446
971 2938
971 4480
971 4481
971 930
971 2387
971 2674
971 931
971 2675
971 4482
971 176
971 3971
971 1444
971 939
971 4483
971 2066
971 4484
971 22
1285 4485
1285 4486
1285 4487
1285 4488
1285 4489
1285 1628
1285 4490
1285 563
1285 3691
1285 4491
4492 1168
724 4493
724 4261
724 2654
724 4494
724 1436
724 62
724 82
724 3480
724 1956
724 4495
724 4496
73 4497
73 4498
73 4499
73 87
73 903
73 4500
73 4501
73 1754
73 4502
73 4503
73 1900
3119 4504
3119 4505
3119 4506
3119 3120
3119 4507
3119 4508
3119 4509
3119 4510
3119 511
3119 4400
3119 4511
3119 4512
3119 4513
3119 4514
3119 4515
3119 1519
3119 4516
3119 4517
3119 4518
3119 4519
3119 4520
3119 3141
3119 4521
3119 4522
1531 4523
1531 1180
1531 4524
1531 4525
1531 1533
1531 4526
1531 4527
1531 4528
1531 4529
1531 4530
1531 4531
1531 528
1531 2115
1531 4532
1531 4533
1531 1718
1531 4534
1531 2118
1531 4535
1531 4536
1531 4537
1531 4538
1531 4539
160 4540
160 1163
160 4541
160 1343
160 1166
160 4542
160 4543
160 2009
160 4544
160 4545
160 4546
160 4547
160 3033
3319 4548
3319 4549
2541 2542
2541 4550
2541 4551
1218 1589
1218 4552
1218 4553
1218 4554
1218 4555
1218 1066
1218 1588
1218 3789
1218 3852
1218 4556
1218 2766
1218 4557
1218 4558
1218 4559
1218 4560
1218 3476
1218 4561
1218 4562
1218 4563
1218 4564
1218 4565
1218 4566
1218 4567
1218 4568
1218 4569
1218 4570
1218 1225
1218 1346
1218 4571
1218 2047
1218 85
1218 938
1218 747
1218 775
1218 4572
1218 1047
1218 4573
1218 4574
1218 4575
1218 4576
1218 4577
1218 4578
1218 781
1218 4579
1218 4580
1218 4581
4329 1621
4329 2612
4329 4582
4329 4583
4329 4584
4329 4585
4329 4586
4329 4587
4329 4588
4329 4589
4329 1632
4329 4590
4329 4591
4329 4592
4329 4337
4329 4593
4329 4339
4329 4594
403 1942
403 218
403 2009
403 4201
403 1170
403 4595
1694 4596
1694 4597
1621 4598
1621 2516
1621 2612
1621 4599
1621 3521
1621 4600
1621 4464
1621 4601
1621 4602
1621 4333
1621 4334
1621 4335
1621 4589
1621 1632
1621 4603
1621 4604
1621 563
1621 4336
1621 4605
1621 1692
750 4606
750 4607
750 4608
750 755
750 4609
750 4610
750 845
750 4611
750 4612
750 4613
750 614
750 4614
750 4615
750 4616
750 4617
750 764
1105 4618
1105 4619
1105 4620
1105 4621
1105 4622
1105 1019
1105 4623
1105 3688
1105 4624
1105 1276
1105 4625
1105 4626
1105 4627
1105 3697
1105 1426
1105 4628
4386 4629
4386 4630
4386 1305
4386 1307
4386 4631
4386 4632
4386 4633
404 4634
404 694
404 1955
404 698
404 3593
404 4635
404 700
2035 4636
2035 1763
2035 1494
2035 896
2035 2155
2035 1771
2035 2161
500 4637
500 4638
500 4639
500 4640
500 4641
500 4642
500 4643
74 4644
74 4645
74 4646
445 4647
445 4648
445 684
1589 4649
1589 4554
1589 4650
1589 4651
1589 446
1589 77
1589 3771
1589 4652
1589 3792
1589 4653
1589 1246
1589 4654
1589 1084
1589 1337
1589 329
1589 1049
3980 1763
3980 4655
3980 4656
3980 4657
3980 4658
3980 4659
3980 2894
3980 844
3980 4660
3980 3480
3980 4661
3980 4662
3980 782
3980 594
1394 4663
1394 2471
1394 4664
1394 2713
1394 865
1394 4665
1394 4666
1394 4667
1394 78
1394 1726
1394 103
1394 4668
1394 4669
1394 1239
1394 4670
1394 1998
1394 2198
1394 4671
1394 390
1394 4672
1394 4673
1394 113
1394 1789
1394 166
1394 4674
1394 3427
1394 582
1394 1849
1394 1708
1394 4675
1394 181
1394 182
1394 4676
1394 4677
2542 4678
2542 1662
2542 4679
2542 4550
2542 4680
2542 4681
2542 4682
2542 4683
2542 4684
2542 4685
2542 4686
2542 942
2542 4687
787 788
787 4688
787 4689
787 4360
787 4690
787 4691
787 1322
787 2194
787 3730
787 770
787 3733
787 3734
787 4692
787 4361
787 611
787 3195
787 3199
787 4693
787 4694
787 3748
787 4695
787 4364
787 4696
787 2495
787 1616
787 3480
787 1751
787 4697
787 2496
787 828
787 584
787 4698
787 2043
787 4699
787 4700
787 4701
787 1673
787 2348
4504 4702
4504 252
4504 299
4504 4703
4504 4704
4504 254
4504 255
4504 4705
4504 257
4504 4706
4504 2446
4504 4707
4504 1211
4504 4708
4504 4709
4504 4710
4504 2060
4504 187
4504 4711
4504 320
4712 2430
4712 3227
4712 4713
4712 4714
4712 67
2799 4715
2799 3246
2799 3247
2799 4716
2799 4717
2799 4718
2799 4719
2799 3252
2799 4720
2799 3259
2799 3262
2799 4721
2799 512
2799 3263
2799 4722
2799 3266
2799 3976
2799 2740
2799 3270
2799 4723
2799 3271
2799 4724
2799 4725
2799 4726
2799 4727
2799 4728
2799 191
2799 3277
1962 4729
1962 1661
1962 4730
1962 4731
1962 2455
1962 4732
1962 4733
1962 4734
1962 2735
1962 4735
1962 4736
1962 941
1962 4737
4207 4738
4207 4739
4207 4740
4207 4741
4207 4742
4207 4512
4207 4290
4207 1424
4207 118
4743 719
4744 4745
4744 4746
4744 4747
4744 4748
4744 1852
