280 2755
0 1
0 2
0 3
0 4
0 5
0 6
0 7
0 8
9 10
9 11
9 12
9 13
14 1
14 10
14 15
14 16
14 17
14 18
14 19
14 20
14 21
14 22
14 23
14 24
25 26
25 1
25 27
25 28
25 29
30 31
30 32
30 33
30 34
35 10
35 36
35 37
35 38
35 20
35 39
35 40
35 41
35 42
35 13
35 43
35 44
35 45
35 15
35 46
35 19
35 47
35 48
35 49
35 50
35 51
35 52
35 53
35 17
35 54
35 55
35 23
35 56
35 24
35 57
35 26
35 58
35 59
35 60
35 61
35 62
35 63
35 64
35 29
65 66
65 14
65 25
65 37
65 35
65 67
65 68
65 69
65 41
65 70
65 71
65 10
65 72
65 36
65 73
65 46
65 74
65 75
65 76
65 77
65 78
65 79
65 62
65 80
65 81
65 48
65 49
65 61
65 82
65 18
65 83
65 84
65 85
65 86
65 51
65 87
65 88
65 21
65 89
65 90
65 4
65 91
65 92
65 93
65 20
65 24
65 94
65 95
65 96
65 1
65 16
65 58
65 22
65 97
65 13
65 29
65 98
65 99
65 64
65 8
100 5
101 102
101 103
101 104
101 105
101 7
101 106
101 107
101 1
101 108
101 109
101 8
101 110
101 64
101 111
112 113
112 114
112 115
112 20
112 116
112 117
112 118
112 119
112 120
112 1
112 121
112 16
112 122
112 123
112 77
112 124
112 82
112 125
112 126
112 127
112 49
112 34
112 51
112 128
112 129
112 53
112 130
112 131
112 132
112 54
112 73
112 133
112 134
112 135
112 31
112 136
112 137
112 138
112 88
112 139
112 140
112 58
112 27
112 22
112 29
112 7
112 99
112 8
141 133
141 138
141 99
141 142
141 78
141 143
141 144
141 109
141 28
141 45
70 1
70 22
70 8
145 114
145 65
145 48
145 146
145 147
145 148
145 149
145 22
145 49
150 151
150 10
150 69
150 68
150 152
150 28
150 89
150 121
150 122
150 153
150 103
150 78
150 127
150 49
150 154
150 155
150 156
150 53
150 130
150 157
150 158
150 159
150 160
150 57
150 3
150 4
150 63
150 108
150 161
150 162
150 144
150 163
150 62
150 164
150 64
150 29
165 166
165 27
165 87
165 48
165 62
165 167
168 108
169 10
169 102
169 103
169 101
169 129
169 104
169 45
169 155
169 170
169 171
169 106
169 107
169 1
169 108
169 40
169 111
119 122
119 172
119 173
105 153
105 22
174 1
174 10
174 175
174 35
174 32
174 176
174 161
174 33
174 11
174 22
177 178
177 113
177 66
177 10
177 36
177 35
177 67
177 20
177 41
177 71
177 116
177 179
177 180
177 1
177 73
177 15
177 46
177 16
177 18
177 181
177 51
177 126
177 61
177 52
177 128
177 53
177 182
177 19
177 88
177 109
177 21
177 147
177 90
177 183
177 23
177 138
177 139
177 96
177 58
177 22
177 54
177 24
177 184
177 63
177 185
102 103
102 104
102 105
102 153
102 186
102 155
102 129
102 187
102 106
102 110
102 111
77 121
77 184
77 183
77 22
103 39
103 104
103 105
103 188
103 187
103 106
103 1
103 108
103 110
103 111
78 66
78 15
78 96
78 26
78 101
78 143
78 87
78 22
78 189
78 29
47 31
80 22
80 97
81 1
81 99
81 96
81 190
81 109
191 52
191 10
191 96
191 67
191 65
191 18
191 1
191 176
191 90
191 126
191 71
191 116
191 49
191 28
191 29
191 182
191 22
191 180
192 10
192 35
192 103
192 39
192 101
192 40
192 104
192 169
192 45
192 193
192 188
192 155
192 129
192 194
192 195
192 187
192 170
192 171
192 106
192 107
192 1
192 108
192 111
11 31
11 32
11 30
11 59
11 161
11 33
12 161
54 70
54 71
54 116
54 180
54 1
54 46
54 88
54 21
54 90
54 99
54 96
54 196
54 109
90 71
90 116
90 180
90 46
90 126
90 88
90 109
90 183
90 96
90 1
90 22
90 184
90 29
197 35
197 150
55 198
55 199
55 82
55 26
200 151
200 10
200 102
200 39
200 101
200 129
200 68
200 104
200 169
200 45
200 105
200 153
200 103
200 188
200 155
200 192
200 193
200 194
200 195
200 170
200 171
200 106
200 107
200 1
200 201
200 108
200 40
200 111
125 3
125 65
125 42
125 68
125 118
125 120
125 174
125 121
125 18
125 127
125 199
125 34
125 202
125 11
125 87
125 22
125 158
125 143
125 147
125 6
125 28
125 93
125 138
125 99
125 203
125 1
125 161
125 109
125 7
125 8
204 10
204 11
204 12
204 33
204 13
136 105
136 10
136 102
136 44
136 1
136 118
69 46
69 77
69 21
69 81
205 10
205 102
205 35
205 103
205 101
205 192
205 70
205 104
205 169
205 45
205 105
205 206
205 153
205 200
205 155
205 129
205 207
205 193
205 194
205 170
205 171
205 208
205 106
205 107
205 1
205 201
205 108
205 40
205 110
205 111
209 10
132 190
132 21
132 22
32 31
32 1
32 59
32 162
32 33
32 34
32 47
210 151
210 10
210 123
210 35
210 65
210 99
210 22
210 18
210 48
210 49
210 131
210 76
210 91
210 32
210 1
210 211
210 212
210 109
210 189
210 64
210 29
107 102
107 104
107 105
107 153
107 103
107 129
107 106
107 1
107 108
107 109
107 111
196 32
196 4
196 1
24 20
24 17
24 138
163 18
163 168
213 124
7 106
7 4
7 5
7 22
214 10
214 159
214 49
214 167
214 189
214 29
178 130
178 215
178 10
178 183
178 150
178 153
178 19
178 1
178 21
178 76
178 53
178 71
178 22
178 216
178 8
151 10
13 10
13 31
13 30
13 32
13 43
13 33
13 161
13 123
13 47
13 213
13 34
37 83
37 142
37 1
114 9
114 14
114 25
114 30
114 159
114 65
114 70
114 150
114 180
114 174
114 177
114 102
114 77
114 81
114 11
114 12
114 54
114 90
114 197
114 55
114 217
114 125
114 204
114 63
114 32
114 196
114 163
114 7
114 140
114 178
114 13
114 176
114 41
114 33
114 71
114 218
114 118
114 120
114 122
114 76
114 18
114 181
114 52
114 88
114 53
114 219
114 6
114 220
114 221
114 135
114 46
114 99
114 203
114 58
114 22
114 147
114 216
114 8
114 185
114 113
114 66
114 10
114 36
114 222
114 20
114 73
114 15
114 223
114 16
114 48
114 224
114 128
114 225
114 21
114 143
114 23
114 28
114 138
114 191
114 226
114 227
114 3
114 4
114 1
114 161
114 228
114 229
114 164
114 64
114 62
114 123
114 38
114 92
114 230
114 68
114 116
114 117
114 43
114 167
114 89
114 231
114 124
114 232
114 19
114 82
114 51
114 74
114 202
114 50
114 83
114 86
114 115
114 233
114 158
114 59
114 61
114 87
114 234
114 173
114 24
114 31
114 95
114 26
114 162
114 175
114 184
235 146
235 10
235 27
146 10
146 123
146 32
40 102
40 101
40 104
40 105
40 103
40 106
40 107
40 1
40 108
40 111
41 139
41 1
41 109
41 22
41 24
41 8
236 124
71 116
71 180
71 126
71 28
71 99
71 96
71 29
218 152
218 38
218 27
218 55
218 10
218 28
218 189
104 39
104 105
104 186
104 155
104 1
104 108
104 110
104 111
118 113
118 30
118 222
118 150
118 117
118 210
118 121
118 122
118 77
118 124
118 82
118 127
118 49
118 86
118 87
118 88
118 233
118 21
118 4
118 134
118 160
118 31
118 139
118 1
118 58
118 162
118 22
118 29
118 99
118 62
120 10
120 65
120 146
120 42
120 68
120 118
120 22
120 167
120 174
120 121
120 122
120 77
120 18
120 82
120 123
120 199
120 34
120 202
120 83
120 11
120 237
120 172
120 158
120 143
120 147
120 6
120 99
120 3
120 203
120 1
120 161
120 175
120 228
120 216
120 7
120 87
238 55
206 113
206 66
206 10
206 36
206 38
206 67
206 239
206 96
206 4
206 20
206 101
206 129
206 71
206 116
206 104
206 179
206 169
206 185
206 180
206 215
206 133
206 15
206 177
206 16
206 193
206 124
206 18
206 181
206 82
206 51
206 126
206 190
206 48
206 162
206 45
206 61
206 117
206 155
206 52
206 128
206 192
206 182
206 19
206 207
206 53
206 194
206 195
206 21
206 143
206 54
206 90
206 187
206 221
206 200
206 217
206 56
206 216
206 171
206 136
206 88
206 131
206 139
206 110
206 106
206 107
206 196
206 208
206 108
206 201
206 183
206 175
206 22
206 97
206 240
206 111
206 98
206 64
206 6
129 153
129 155
129 106
129 108
129 109
129 111
166 133
166 85
166 22
241 120
241 25
241 114
241 242
241 26
241 22
76 113
76 24
76 53
76 231
76 18
76 1
76 109
76 71
76 179
76 22
18 113
18 243
18 190
18 67
18 20
18 71
18 116
18 179
18 22
18 180
18 46
18 77
18 126
18 81
18 109
18 50
18 88
18 74
18 90
18 183
18 96
18 1
18 58
18 54
18 24
18 63
18 64
18 29
181 86
181 66
181 99
181 67
181 239
181 1
181 22
181 158
181 215
181 90
181 126
181 55
181 218
181 179
181 226
181 8
46 20
46 1
46 17
46 21
46 99
140 244
140 10
140 132
140 65
140 18
140 22
140 118
140 8
126 116
126 180
126 96
126 22
199 22
27 37
27 243
27 190
27 71
27 132
27 127
27 83
27 143
27 76
27 163
27 97
27 24
27 8
45 102
45 39
45 101
45 104
45 180
45 105
45 103
45 155
45 129
45 170
45 107
45 1
45 108
45 40
45 111
34 31
245 113
245 36
245 16
245 190
245 53
245 20
245 131
245 51
245 22
245 179
245 63
245 180
155 39
155 105
155 77
155 180
155 1
155 108
155 64
155 111
52 113
52 66
52 10
52 67
52 20
52 71
52 180
52 1
52 15
52 46
52 16
52 18
52 19
52 51
52 126
52 85
52 88
52 17
52 21
52 23
52 96
52 58
52 24
53 113
53 20
53 71
53 121
53 18
53 109
53 88
53 21
53 54
53 137
53 138
53 4
53 1
53 58
53 22
53 24
53 184
53 63
246 97
246 166
156 122
156 124
219 0
219 174
219 10
219 37
219 30
219 11
219 32
219 123
219 31
219 33
219 13
219 216
219 34
219 64
219 47
157 96
157 124
157 18
157 8
157 29
6 3
6 28
6 22
220 10
220 38
220 150
220 217
221 66
221 15
221 139
221 67
221 96
221 18
221 19
221 1
221 109
221 21
221 92
221 126
221 71
221 116
221 23
221 90
221 180
73 66
73 190
73 15
73 16
73 19
73 17
73 109
73 23
73 139
73 96
73 1
73 22
73 24
73 8
207 102
207 170
207 200
207 39
207 101
207 192
207 150
207 104
207 169
207 45
207 105
207 103
207 188
207 155
207 129
207 193
207 194
207 195
207 187
207 134
207 171
207 106
207 107
207 201
207 108
207 40
207 247
207 109
207 111
134 248
134 119
134 122
134 103
134 108
134 22
134 173
134 170
134 106
93 91
135 87
135 22
249 22
249 212
84 29
84 64
17 20
250 10
250 114
250 170
250 200
250 39
250 101
250 129
250 104
250 169
250 45
250 105
250 206
250 153
250 102
250 103
250 155
250 192
250 193
250 194
250 195
250 187
250 207
250 134
250 171
250 205
250 208
250 106
250 107
250 201
250 108
250 40
250 109
250 111
195 10
195 102
195 153
195 106
195 103
195 1
195 108
195 104
195 155
195 110
195 111
251 22
251 28
251 27
99 22
252 10
252 114
252 190
252 103
252 146
252 135
252 220
252 68
252 22
252 217
252 125
242 178
242 83
242 14
242 25
242 114
242 65
242 128
242 222
242 20
242 70
242 13
242 10
242 117
242 203
242 118
242 180
242 120
242 1
242 174
242 15
242 223
242 177
242 75
242 253
242 77
242 124
242 19
242 46
242 135
242 167
242 227
242 51
242 52
242 86
242 36
242 88
242 225
242 82
242 233
242 22
242 21
242 143
242 147
242 185
242 28
242 56
242 158
242 125
242 138
242 140
242 96
242 4
242 26
242 16
242 59
242 162
242 175
242 228
242 61
242 216
242 24
242 99
242 87
43 31
43 3
43 22
254 113
254 14
254 36
254 114
254 35
254 20
254 112
254 10
254 73
254 15
254 46
254 177
254 16
254 19
254 51
254 52
254 128
254 88
254 17
254 131
254 21
254 61
254 185
254 23
254 242
254 1
254 58
254 22
254 24
254 8
58 20
58 71
58 1
58 46
58 88
58 109
58 21
58 22
58 24
58 63
59 162
212 149
212 1
212 59
212 71
109 190
109 96
109 71
109 116
109 180
109 46
109 153
109 77
109 126
109 155
109 85
109 137
109 32
109 106
109 1
109 64
109 97
109 29
109 21
61 113
61 14
61 20
61 10
61 117
61 73
61 15
61 46
61 16
61 18
61 19
61 88
61 17
61 21
61 23
61 1
61 58
61 24
240 66
240 190
240 67
240 222
240 41
240 71
240 179
240 180
240 46
240 18
240 51
240 126
240 81
240 52
240 88
240 54
240 90
240 220
240 139
240 96
240 58
240 61
240 24
111 39
111 105
111 153
111 108
111 64
111 29
98 1
98 22
98 97
98 127
98 64
98 29
189 190
189 87
189 21
189 64
189 29
211 133
211 1
211 144
211 29
211 109
211 64
185 178
185 113
185 66
185 36
185 67
185 65
185 20
185 92
185 71
185 117
185 179
185 118
185 1
185 15
185 46
185 16
185 18
185 181
185 51
185 126
185 48
185 52
185 128
185 88
185 182
185 19
185 53
185 21
185 54
185 90
185 23
185 139
185 99
185 96
185 58
185 109
185 61
185 24
185 63
113 20
113 71
113 1
113 46
113 109
113 88
113 21
113 58
113 22
113 24
113 63
66 190
66 67
66 18
66 71
66 116
66 180
66 29
66 126
66 22
66 143
66 183
66 23
66 139
66 99
66 96
66 1
66 109
66 24
66 90
10 248
10 25
10 69
10 101
10 70
10 168
10 119
10 103
10 78
10 80
10 81
10 11
10 12
10 217
10 107
10 42
10 163
10 7
10 32
10 37
10 40
10 41
10 33
10 104
10 129
10 142
10 188
10 27
10 34
10 155
10 88
10 53
10 17
10 134
10 135
10 15
10 157
10 58
10 212
10 22
10 216
10 111
10 98
10 189
10 113
10 20
10 39
10 255
10 73
10 198
10 16
10 172
10 21
10 143
10 187
10 23
10 160
10 256
10 4
10 1
10 60
10 64
10 29
10 38
10 257
10 230
10 68
10 117
10 258
10 231
10 124
10 154
10 50
10 86
10 158
10 59
10 87
10 173
10 94
10 139
10 106
10 26
10 110
10 57
36 113
36 10
36 150
36 4
36 20
36 70
36 71
36 1
36 73
36 16
36 18
36 19
36 51
36 48
36 52
36 53
36 131
36 21
36 23
36 58
36 22
36 24
36 63
36 8
259 84
259 10
259 94
259 65
259 48
259 49
259 64
259 29
260 10
260 124
29 22
29 133
29 99
29 96
29 108
29 64
29 144
29 97
67 71
67 116
67 179
67 180
67 77
67 126
67 88
67 22
67 99
67 96
67 1
67 58
67 109
67 29
67 90
239 190
239 67
239 65
239 69
239 71
239 180
239 18
239 81
239 48
239 49
239 182
239 130
239 22
239 90
239 99
239 96
239 1
239 109
239 240
239 64
239 29
96 116
96 180
96 22
222 10
222 65
222 186
222 150
222 231
222 124
222 48
222 83
222 130
222 261
222 28
222 56
222 139
222 1
222 247
222 22
222 62
222 64
222 8
253 89
253 94
253 150
253 65
253 247
253 159
253 91
253 93
234 0
234 247
234 48
234 49
234 62
234 22
234 64
234 29
262 10
262 1
262 48
262 56
262 64
262 62
263 132
263 27
56 83
56 10
56 37
56 99
56 142
56 1
56 109
56 74
56 72
56 22
56 64
133 227
15 113
15 66
15 67
15 20
15 180
15 1
15 16
15 19
15 51
15 126
15 18
15 88
15 17
15 109
15 183
15 23
15 96
15 22
15 24
15 184
15 63
15 8
223 264
223 10
223 265
223 70
223 22
16 113
16 83
16 4
16 20
16 70
16 117
16 1
16 46
16 18
16 88
16 53
16 17
16 109
16 21
16 23
16 137
16 58
16 22
16 24
16 184
16 63
266 91
266 166
266 253
266 267
266 145
22 268
22 138
22 20
22 50
22 31
267 1
267 22
267 35
79 84
79 80
79 97
79 160
62 10
62 18
62 122
62 78
62 80
62 48
62 49
62 95
62 237
62 143
62 187
62 56
62 84
62 99
62 1
62 64
62 109
62 97
62 98
62 189
62 211
62 29
149 127
48 10
48 101
48 133
48 15
48 122
48 166
48 124
48 18
48 29
48 74
48 49
48 227
48 155
48 83
48 95
48 88
48 53
48 237
48 22
48 21
48 143
48 6
48 183
48 91
48 56
48 171
48 84
48 94
48 99
48 189
48 1
48 108
48 64
48 144
48 109
48 97
48 111
48 98
48 32
48 211
48 8
49 66
49 10
49 25
49 37
49 67
49 18
49 71
49 167
49 133
49 231
49 78
49 74
49 83
49 157
49 143
49 90
49 187
49 56
49 171
49 84
49 99
49 96
49 26
49 1
49 108
49 64
49 211
49 144
49 109
49 97
49 29
49 98
49 189
49 111
63 20
63 22
63 21
63 1
63 109
233 7
233 237
233 4
233 1
233 109
233 22
233 8
233 167
224 10
224 65
224 79
224 143
224 22
224 49
224 29
264 16
264 265
264 150
264 49
264 164
264 29
128 113
128 14
128 36
128 65
128 20
128 92
128 71
128 116
128 10
128 117
128 179
128 118
128 1
128 15
128 46
128 16
128 231
128 18
128 19
128 51
128 52
128 88
128 17
128 22
128 21
128 61
128 23
128 139
128 58
128 109
128 76
128 240
128 24
193 10
193 102
193 170
193 101
193 129
193 169
193 45
193 105
193 103
193 155
193 134
193 171
193 106
193 107
193 1
193 108
193 40
193 22
193 111
172 121
21 121
21 20
21 138
21 3
21 24
143 46
143 77
143 79
143 28
143 1
143 98
187 153
187 29
183 96
183 126
183 116
183 22
183 180
23 113
23 20
23 117
23 1
23 46
23 18
23 88
23 17
23 21
23 138
23 139
23 96
23 58
23 109
23 24
23 63
28 202
28 22
28 91
28 138
28 97
28 57
269 10
244 10
244 94
244 190
244 65
244 38
244 127
244 228
244 210
244 224
226 152
226 38
226 231
226 130
226 176
226 55
226 218
226 49
226 48
226 64
226 29
190 28
190 180
190 22
190 173
190 96
176 66
176 262
176 25
176 259
176 65
176 150
176 210
176 124
176 127
176 48
176 49
176 6
176 234
176 56
176 84
176 94
176 227
176 26
176 64
176 144
176 97
176 29
176 98
176 211
176 62
256 122
256 134
256 124
256 164
4 99
4 22
5 2
1 190
1 8
1 180
1 77
1 2
1 111
1 126
1 17
1 138
1 22
1 20
1 133
1 243
1 21
1 183
1 64
1 29
1 188
1 116
1 108
1 50
1 137
1 24
1 43
1 184
1 57
208 10
208 102
208 200
208 101
208 40
208 68
208 104
208 169
208 45
208 105
208 153
208 103
208 192
208 207
208 194
208 170
208 106
208 107
208 201
208 108
208 109
208 110
208 111
60 1
60 158
247 258
247 122
247 144
247 81
247 124
247 71
228 10
228 243
228 35
228 152
228 154
228 231
228 127
228 38
228 158
228 76
228 91
228 28
228 198
228 1
228 61
228 227
108 39
108 153
164 268
164 122
64 133
64 122
64 227
64 6
64 99
64 108
64 144
64 97
8 180
8 122
8 85
152 127
152 158
152 60
123 10
123 11
123 32
123 59
123 12
123 162
123 47
123 213
38 152
38 168
38 149
38 127
38 143
38 76
38 55
38 227
38 1
38 57
38 8
270 10
270 35
270 194
270 108
270 2
68 106
68 18
68 103
68 230
68 152
68 104
257 105
257 153
188 138
188 108
92 113
92 14
92 20
92 10
92 117
92 73
92 15
92 46
92 16
92 18
92 19
92 17
92 22
92 61
92 23
92 1
92 109
230 22
148 28
148 212
42 1
42 7
116 180
116 22
116 99
117 113
117 17
117 20
117 22
117 21
117 109
117 1
179 71
179 116
179 126
179 88
179 109
179 90
179 159
179 28
179 96
179 58
179 22
44 10
44 188
44 1
167 1
167 10
167 139
167 131
271 10
271 212
272 149
272 226
272 10
272 228
272 114
272 118
272 127
272 65
272 242
272 18
272 181
272 38
272 109
272 158
272 55
272 218
272 152
272 7
272 22
89 227
89 91
258 22
72 99
72 1
72 74
72 22
72 179
153 39
231 29
124 85
124 64
124 8
232 190
19 113
19 66
19 20
19 71
19 117
19 180
19 1
19 46
19 16
19 18
19 51
19 88
19 53
19 17
19 21
19 23
19 96
19 58
19 24
19 63
273 10
273 135
82 22
82 28
82 8
51 113
51 20
51 70
51 1
51 16
51 190
51 53
51 88
51 17
51 21
51 23
51 58
51 22
51 24
51 184
51 63
74 85
74 99
74 8
74 64
74 29
274 1
274 10
154 149
83 99
83 142
83 82
83 4
83 22
248 1
248 122
248 247
115 66
115 10
115 96
115 71
115 65
115 18
115 97
115 76
115 183
115 150
115 27
115 179
225 10
225 153
225 4
225 2
182 66
182 183
182 139
182 96
182 67
182 18
182 221
182 90
182 126
182 71
182 116
182 228
182 180
237 4
237 109
237 7
237 64
194 102
194 39
194 101
194 129
194 68
194 104
194 169
194 45
194 105
194 153
194 103
194 188
194 48
194 49
194 155
194 134
194 193
194 195
194 170
194 171
194 106
194 107
194 108
194 40
194 109
194 29
194 64
194 111
130 248
130 122
130 55
130 124
130 247
130 218
130 134
131 113
131 20
131 230
131 16
131 77
131 18
131 53
131 172
131 21
131 23
131 2
131 4
131 1
131 247
131 63
215 113
215 66
215 36
215 35
215 99
215 53
215 65
215 18
215 1
215 210
215 62
215 90
215 71
215 222
215 179
215 245
215 180
147 10
147 94
147 46
147 227
147 65
147 1
147 162
147 212
147 22
147 8
147 29
87 22
87 1
87 172
87 162
87 109
87 7
275 248
275 25
275 65
275 69
275 101
275 13
275 150
275 169
275 174
275 121
275 177
275 77
275 103
275 81
275 192
275 11
275 54
275 197
275 55
275 136
275 205
275 196
275 37
275 114
275 40
275 41
275 42
275 71
275 118
275 120
275 18
275 34
275 52
275 88
275 53
275 219
275 185
275 73
275 56
275 17
275 203
275 254
275 108
275 22
275 61
275 29
275 113
275 36
275 222
275 20
275 133
275 15
275 46
275 79
275 48
275 49
275 257
275 143
275 187
275 23
275 269
275 244
275 43
275 58
275 1
275 60
275 63
275 64
275 62
275 123
275 38
275 270
275 128
275 117
275 179
275 44
275 258
275 132
275 124
275 19
275 51
275 274
275 50
275 59
275 76
275 261
275 171
275 24
275 208
275 26
275 175
275 184
275 57
261 119
261 10
261 122
261 1
261 150
170 102
170 101
170 68
170 104
170 105
170 153
170 103
170 129
170 106
170 107
170 108
170 40
170 111
216 32
216 4
216 109
276 190
276 89
276 65
276 93
171 10
171 102
171 103
171 39
171 101
171 104
171 45
171 105
171 153
171 155
171 129
171 170
171 106
171 107
171 108
171 40
171 22
171 29
171 64
171 111
137 22
137 173
277 10
277 164
277 150
94 84
94 91
94 64
94 29
88 20
88 71
88 116
88 1
88 46
88 17
88 21
88 138
88 96
88 109
88 24
88 63
139 67
139 71
139 180
139 46
139 77
139 18
139 126
139 88
139 54
139 183
139 96
139 1
139 58
139 24
139 90
110 153
95 1
95 109
95 70
95 29
95 98
95 64
106 104
106 105
106 153
106 188
106 155
106 1
106 108
106 111
26 22
26 29
278 166
278 267
278 145
201 102
201 39
201 101
201 129
201 104
201 132
201 169
201 45
201 193
201 103
201 188
201 48
201 49
201 155
201 192
201 194
201 195
201 170
201 171
201 106
201 107
201 1
201 108
201 40
201 22
201 29
201 64
201 111
86 22
175 10
175 22
175 155
144 133
144 122
184 22
279 9
279 35
279 213
279 10
279 275
