454 1417
0 1
0 2
0 3
0 4
0 5
0 6
7 8
7 9
10 11
12 13
12 14
12 15
12 16
12 17
12 18
12 19
12 20
12 21
12 22
12 23
24 25
24 26
24 27
24 28
29 30
29 31
29 32
29 33
29 18
29 34
29 35
29 36
29 37
38 39
38 40
38 41
38 42
38 43
38 44
38 45
38 46
38 47
38 48
38 49
38 50
38 51
38 23
38 52
53 54
53 55
53 56
30 57
30 31
30 58
30 42
30 59
30 60
30 61
30 62
30 63
30 43
30 64
30 13
30 15
30 65
30 26
30 17
30 66
30 18
30 67
30 68
30 69
30 70
30 71
30 34
30 72
30 73
30 36
30 74
30 75
30 37
30 76
30 23
30 77
30 27
30 28
78 79
78 80
78 81
78 82
78 83
78 84
78 85
78 86
87 88
89 90
89 91
92 93
92 94
92 55
92 95
92 9
93 94
93 96
57 97
57 26
57 98
57 99
57 95
57 35
100 65
100 83
100 101
102 32
102 103
102 99
31 104
31 42
31 103
31 61
31 105
31 43
31 33
31 67
31 106
31 107
31 69
31 108
31 109
31 110
31 34
31 111
31 112
31 113
31 114
31 88
31 36
31 74
31 37
31 115
116 117
118 119
118 120
118 121
122 71
122 72
122 123
122 37
122 124
125 126
127 90
127 128
127 129
127 71
127 130
127 131
127 9
127 132
127 133
134 135
134 13
134 136
134 16
134 137
134 106
134 22
134 138
139 140
139 141
139 142
139 143
144 145
144 146
39 41
39 147
39 45
39 46
145 146
148 149
148 150
148 151
148 66
148 152
153 154
153 155
153 15
156 54
156 157
156 158
156 159
156 27
160 66
160 4
160 161
149 147
149 151
149 22
149 138
149 162
163 164
163 131
165 166
40 41
40 49
167 140
167 168
167 169
167 126
167 170
167 171
172 173
58 174
58 42
58 175
58 176
58 43
58 177
58 147
58 178
58 179
58 180
58 65
58 181
58 182
58 152
58 183
58 2
58 21
58 69
58 184
58 185
58 4
58 113
58 36
58 9
58 37
58 23
58 28
58 186
58 187
188 189
188 120
190 32
190 191
190 179
190 192
190 67
190 113
190 193
190 23
190 27
194 22
195 196
195 155
195 180
197 69
197 198
199 200
199 143
140 201
140 202
140 142
140 143
164 203
164 204
164 70
164 131
164 133
205 206
205 207
208 42
208 209
208 43
208 179
208 34
201 147
201 210
201 113
201 88
201 211
168 170
212 213
212 214
94 59
94 60
94 61
94 215
94 43
94 216
94 217
94 147
94 96
94 218
94 67
94 69
94 34
94 219
94 220
94 88
94 36
221 222
221 141
221 223
224 104
224 11
224 183
224 225
104 176
104 103
104 226
104 227
104 61
104 108
104 114
104 228
104 187
229 183
229 71
229 230
229 231
229 187
189 120
232 135
233 151
233 234
174 180
174 184
235 91
41 42
41 97
41 215
41 43
41 147
41 236
41 237
41 180
41 96
41 238
41 239
41 240
41 45
41 48
41 49
41 241
41 219
41 242
41 50
41 51
41 243
41 187
244 32
244 176
244 245
244 181
246 60
246 215
246 217
246 247
246 96
246 240
246 222
246 219
246 220
246 193
246 28
248 97
248 48
248 50
249 70
250 42
250 43
250 236
251 33
251 68
251 37
90 252
90 253
90 68
90 117
90 254
90 9
196 86
42 255
42 146
42 61
42 63
42 97
42 43
42 217
42 55
42 26
42 70
42 49
42 73
42 36
42 37
42 76
42 77
42 27
42 256
42 228
42 115
42 186
42 257
258 259
258 80
258 260
258 169
258 170
258 261
32 262
32 43
32 1
32 147
32 263
32 179
32 14
32 33
32 67
32 69
32 34
32 50
32 37
32 23
32 77
264 265
175 191
175 48
175 266
175 75
175 27
175 187
79 267
79 268
79 83
269 68
265 270
265 183
265 271
265 109
265 34
265 198
265 159
265 272
265 186
265 187
273 274
273 275
273 177
273 70
276 147
274 275
274 177
277 278
277 33
277 279
277 280
281 33
281 67
282 283
282 13
282 8
284 169
173 170
252 285
252 286
252 287
252 91
252 254
262 147
262 91
262 288
176 61
176 26
176 67
176 289
176 28
290 291
290 228
270 105
270 141
270 75
270 187
292 293
292 294
292 295
296 180
297 278
297 279
298 147
298 299
300 62
300 11
300 71
300 123
300 124
150 43
150 301
150 151
150 302
150 66
150 303
150 234
150 304
150 113
150 88
103 61
103 271
103 114
128 71
128 83
128 56
305 242
305 23
306 307
226 63
226 137
59 308
59 147
59 66
59 109
59 34
59 186
309 310
309 311
309 91
309 288
312 313
312 131
267 80
267 314
313 155
313 177
313 245
313 315
313 131
313 316
317 4
318 13
318 16
319 320
319 123
191 97
191 43
191 321
191 237
191 26
191 48
191 2
191 210
191 130
191 5
191 266
191 51
191 75
191 27
255 322
255 323
255 324
255 325
255 137
255 5
322 14
322 326
322 193
322 327
60 63
60 97
60 215
60 217
60 64
60 147
60 96
60 328
60 240
60 152
60 183
60 222
60 99
60 329
60 326
60 219
60 220
60 242
60 113
60 88
60 36
60 193
60 27
166 330
166 4
259 170
154 155
154 15
154 26
331 91
146 61
146 63
146 43
146 70
146 36
146 76
146 77
146 186
332 13
332 106
227 302
227 27
308 109
308 88
308 115
155 333
155 54
155 147
155 15
155 19
155 69
155 9
61 63
61 43
61 26
61 218
61 67
61 70
61 99
61 34
61 72
61 73
61 114
61 88
61 75
61 115
62 157
62 72
62 161
283 81
283 171
283 334
283 335
283 336
337 178
337 108
338 13
338 21
338 108
338 88
338 339
80 340
80 170
80 83
63 215
63 43
63 301
63 217
63 13
63 15
63 26
63 16
63 33
63 137
63 18
63 19
63 67
63 70
63 99
63 34
63 83
63 72
63 112
63 88
63 77
63 27
341 342
293 343
293 295
293 8
293 344
345 27
345 346
135 13
135 16
135 137
135 20
135 21
135 347
135 22
348 217
348 106
333 349
119 350
351 237
351 352
351 184
351 353
351 23
351 27
354 355
97 356
97 236
97 237
97 26
97 98
97 238
97 239
97 48
97 49
97 99
97 241
97 35
97 51
105 245
105 357
105 183
105 69
105 329
323 99
323 36
358 359
54 83
54 9
215 301
215 217
215 96
215 238
215 239
215 240
215 45
215 34
215 219
215 220
215 28
43 147
43 179
43 14
43 55
43 26
43 218
43 67
43 203
43 69
43 70
43 49
43 34
43 234
43 72
43 73
43 5
43 113
43 88
43 36
43 9
43 37
43 360
43 256
43 228
43 115
43 186
43 257
361 294
361 71
361 56
11 129
11 362
11 271
11 71
11 363
11 364
11 132
278 279
365 366
367 299
301 151
301 302
301 303
301 34
301 4
253 368
177 310
177 147
177 315
177 21
177 210
177 4
177 369
177 131
217 96
217 328
217 182
217 33
217 352
217 240
217 152
217 69
217 222
217 110
217 34
217 219
217 220
217 37
217 77
217 27
217 28
217 370
64 302
64 152
64 21
64 99
64 234
64 113
64 27
206 371
206 67
206 372
206 123
206 254
206 373
206 374
206 207
13 16
13 137
13 67
13 106
13 21
13 210
13 99
13 359
13 347
13 34
13 234
13 4
13 112
13 22
13 113
13 88
13 339
13 74
13 37
13 27
375 299
376 185
376 124
376 280
356 26
356 241
356 377
310 378
310 4
310 161
310 88
310 115
1 4
147 379
147 236
147 179
147 380
147 96
147 381
147 382
147 238
147 239
147 45
147 383
147 210
147 3
147 69
147 49
147 184
147 231
147 34
147 242
147 50
147 193
147 23
147 77
147 211
147 27
147 187
384 6
385 236
385 386
387 254
387 344
247 236
247 237
247 386
247 219
388 381
236 237
236 96
236 386
236 231
236 377
263 179
178 181
285 389
179 69
179 198
179 185
179 360
179 27
179 186
192 245
192 183
237 239
237 49
237 51
237 27
390 120
157 161
391 392
391 99
391 393
129 362
129 70
129 394
129 130
129 349
129 124
151 66
151 152
151 234
180 395
14 9
55 9
245 183
245 23
245 187
15 26
15 17
15 18
158 198
158 4
158 159
158 77
158 27
396 397
396 398
380 26
380 152
380 399
400 401
400 121
343 295
294 71
294 117
294 124
402 403
96 238
96 239
96 240
96 49
96 222
96 219
96 220
96 27
96 377
96 28
328 152
328 220
65 152
65 36
324 137
397 404
397 398
397 401
397 335
397 75
169 170
169 314
169 405
169 406
381 50
311 407
311 288
408 183
408 170
295 6
409 347
410 9
411 184
411 231
412 91
325 302
325 413
325 21
325 34
325 37
325 77
371 71
371 123
371 254
126 2
126 81
126 219
126 6
126 228
382 26
382 18
382 107
26 98
26 414
26 21
26 99
26 241
26 71
26 234
26 73
26 35
26 36
26 75
26 23
26 28
98 99
98 35
415 81
182 152
182 34
342 287
16 21
16 99
16 34
16 112
16 22
33 70
33 99
33 279
33 34
33 416
33 113
33 36
33 37
417 107
417 418
417 419
302 152
302 303
302 69
302 99
302 110
302 34
302 304
302 77
302 27
302 28
268 88
268 299
357 329
352 240
352 27
420 335
238 239
238 240
238 49
238 50
238 28
239 240
239 49
239 28
421 403
421 422
315 71
315 131
44 45
44 46
44 52
66 109
66 34
240 69
240 49
240 34
240 220
240 27
240 28
45 46
45 242
45 51
45 52
18 67
18 107
18 395
18 234
18 73
18 88
46 48
46 50
46 52
19 69
19 88
67 69
67 99
67 110
67 73
67 123
67 112
67 5
67 113
67 36
67 9
67 74
67 77
67 423
67 186
424 132
152 425
152 110
152 34
152 22
152 36
20 22
287 291
362 71
362 123
362 124
330 99
330 36
330 280
426 22
47 50
47 51
47 23
106 347
106 427
428 123
403 429
403 430
403 256
431 432
48 75
433 70
433 349
433 360
183 70
183 230
183 231
183 159
183 23
183 187
2 210
2 3
2 369
2 334
2 88
2 75
2 427
2 299
21 347
21 4
21 161
21 22
21 37
434 347
203 234
203 36
203 9
210 3
210 141
210 75
107 418
107 419
204 363
271 230
271 198
271 114
271 88
271 272
271 115
435 436
435 373
436 373
68 72
68 123
68 76
69 109
69 34
69 185
69 304
69 220
69 27
69 437
438 8
81 329
81 171
81 439
81 83
81 84
81 86
307 71
307 123
307 254
307 142
307 124
392 393
70 394
70 349
70 230
70 123
49 241
49 50
49 51
222 141
222 220
222 27
222 370
407 256
99 95
99 110
99 34
99 91
99 72
99 4
99 35
99 113
99 36
99 74
99 37
99 27
99 437
108 110
108 142
108 74
425 36
184 231
184 50
329 220
440 71
109 34
109 198
109 272
109 186
82 86
82 427
241 377
120 85
95 441
95 36
95 27
170 86
71 83
71 73
71 123
71 442
71 131
71 363
71 364
71 374
71 9
71 124
71 132
71 133
429 34
394 349
141 187
130 5
130 9
130 133
110 34
110 37
110 27
117 373
117 6
117 207
443 113
443 114
443 88
171 86
326 220
326 193
8 279
8 88
8 339
8 291
8 344
8 299
8 327
8 280
349 28
230 231
230 6
230 291
230 187
444 132
231 50
231 187
34 4
34 220
34 112
34 36
34 37
34 225
34 77
34 27
34 115
34 186
91 288
198 159
198 272
234 114
234 36
234 9
234 228
219 220
219 242
219 27
83 254
83 85
83 9
445 360
422 22
72 123
72 254
72 9
72 37
72 360
72 124
72 207
72 27
101 446
101 132
73 88
73 75
73 23
73 77
213 254
213 207
213 214
123 113
123 88
123 374
123 37
416 37
4 369
4 161
4 159
4 36
369 36
220 242
220 113
220 88
220 193
220 27
220 28
254 373
254 291
254 207
401 121
401 85
50 51
50 23
50 243
131 9
131 133
112 75
112 28
84 85
334 9
334 335
334 447
334 336
22 448
22 36
373 374
373 207
418 419
449 450
5 9
113 88
113 36
113 37
159 27
88 272
88 9
88 291
88 37
88 299
88 115
88 451
36 9
36 37
36 76
36 77
36 423
36 28
36 186
36 187
374 207
430 211
9 6
9 291
452 186
266 75
339 142
339 299
335 447
335 336
142 299
142 143
314 299
75 27
75 187
291 299
37 77
37 27
344 299
344 280
344 453
76 186
427 280
225 28
77 27
77 28
77 186
27 437
256 257
405 406
228 115
447 336
52 28
