4962 7375
0 1
2 3
4 5
6 7
8 9
10 11
12 13
14 15
16 17
18 19
20 21
22 23
24 5
25 26
27 28
29 30
31 32
33 34
2 35
36 37
32 38
39 40
41 42
43 18
44 45
46 47
48 47
49 50
51 52
53 54
55 56
57 58
59 60
61 62
63 64
65 66
67 68
69 70
71 72
73 74
75 76
77 78
79 80
81 82
83 84
85 86
87 88
89 90
91 92
93 94
95 96
97 98
99 100
101 102
103 104
105 106
107 108
109 110
103 111
112 113
114 115
116 117
118 119
120 121
122 123
79 124
51 125
126 88
127 128
129 130
100 131
132 133
134 135
136 137
138 139
79 140
141 142
143 144
145 146
147 148
149 150
16 151
152 153
154 13
148 155
156 157
158 159
160 161
162 163
164 120
51 165
135 166
5 167
168 169
55 170
171 172
173 174
175 176
177 178
18 179
180 181
181 182
183 184
63 185
73 60
186 123
187 188
51 189
190 191
192 193
177 194
195 100
27 196
197 198
199 200
201 202
203 204
205 206
207 39
208 120
209 210
211 212
213 214
215 216
49 217
218 219
105 51
220 183
221 222
223 224
2 225
63 226
227 228
229 230
231 232
233 234
235 236
237 238
239 240
200 241
242 243
92 244
245 246
247 101
16 248
249 250
251 252
70 253
254 255
256 120
149 257
258 239
259 260
261 262
263 264
265 266
267 268
269 113
270 58
271 272
273 194
274 275
63 276
277 278
279 280
281 120
282 283
284 285
286 137
287 288
289 271
276 290
63 291
292 77
293 294
228 295
296 297
298 145
299 158
300 301
302 303
304 305
268 306
307 308
234 96
309 310
245 311
187 312
313 100
314 315
1 316
262 317
307 318
0 319
320 47
276 321
322 323
324 325
130 321
29 326
327 328
329 330
103 331
332 10
333 334
84 335
336 337
177 338
339 340
341 342
343 344
345 134
346 266
347 348
276 349
350 351
134 55
352 353
183 52
354 13
355 199
194 356
357 358
359 207
171 360
143 361
362 61
363 364
365 83
366 367
368 369
370 256
371 372
373 18
374 101
375 376
377 378
379 56
380 54
381 382
383 384
385 340
386 387
388 268
389 119
390 391
392 84
393 394
395 396
397 276
18 372
393 398
171 399
400 401
402 403
385 404
405 361
345 406
407 84
288 408
10 409
410 372
411 412
130 340
246 413
282 414
378 260
415 416
417 146
149 241
418 379
419 200
420 92
421 422
54 423
424 425
250 426
162 427
428 429
383 204
430 431
307 432
186 433
434 343
181 156
435 436
437 438
366 439
440 181
441 442
443 444
445 446
447 448
303 449
197 450
221 451
452 453
454 455
456 457
458 26
441 459
305 460
70 461
171 462
463 464
465 216
466 84
467 468
239 55
268 469
183 191
470 471
472 51
473 342
363 474
475 476
477 213
18 478
479 480
77 414
481 73
482 152
305 483
372 484
329 485
486 487
488 425
447 310
489 96
490 246
322 491
209 492
204 493
377 494
495 496
107 145
9 497
221 498
54 153
499 500
501 145
502 278
84 503
504 505
85 506
171 507
508 509
510 511
156 512
41 513
514 515
81 516
103 517
518 54
240 519
470 190
520 55
265 521
522 340
523 417
79 524
352 10
525 58
49 526
527 528
34 529
530 366
455 531
532 73
533 534
535 536
537 246
239 134
345 538
105 539
540 256
541 31
542 543
544 545
546 509
156 547
41 548
549 550
183 551
552 553
554 409
555 95
130 556
276 557
207 155
558 559
18 560
561 562
345 563
171 564
565 92
566 567
568 569
350 570
387 571
572 280
345 573
103 345
31 18
135 574
402 575
576 245
577 578
243 321
579 152
580 581
582 234
583 208
584 585
586 294
77 587
588 155
589 590
81 591
592 120
593 366
594 425
27 595
596 274
597 598
599 600
9 601
602 255
110 603
31 604
389 95
605 387
352 606
607 608
228 609
610 84
611 25
612 613
63 614
387 615
616 617
10 618
29 619
148 620
142 621
314 622
623 624
625 559
626 559
627 585
434 628
629 630
153 376
470 631
105 632
568 633
289 232
456 634
345 635
636 637
181 638
639 32
352 640
49 641
535 642
41 643
644 376
213 645
646 321
647 648
181 649
650 134
265 651
652 653
654 394
655 656
657 250
658 37
207 659
18 660
51 145
661 662
663 152
467 664
51 665
666 75
667 304
668 308
92 669
670 671
672 345
673 674
675 514
345 239
676 677
678 269
679 680
681 682
73 683
73 543
393 684
685 686
674 687
688 624
689 13
690 107
691 86
100 692
693 694
695 213
696 697
135 698
245 699
479 700
171 701
702 429
54 703
65 417
18 704
705 98
582 47
706 18
500 707
207 708
709 456
47 710
457 107
237 711
697 712
713 714
32 715
149 200
716 717
718 32
719 720
284 721
722 464
128 723
156 724
366 5
265 271
725 726
727 169
307 728
729 648
730 731
207 732
733 88
726 734
735 93
0 736
274 737
738 576
577 739
740 717
741 742
743 9
744 199
745 591
746 383
274 135
747 58
2 635
156 748
749 305
402 750
751 752
41 753
274 754
224 755
756 145
670 79
757 100
237 758
759 342
760 542
470 761
762 61
395 763
764 208
765 18
766 767
768 363
769 770
771 328
772 773
774 342
775 207
183 776
777 542
346 778
693 779
377 780
781 207
782 783
784 352
514 785
756 417
156 786
504 55
787 788
596 590
393 789
233 232
92 790
791 792
793 333
751 794
490 795
796 300
797 670
41 798
455 799
800 801
372 802
31 803
804 805
806 73
807 808
809 357
776 810
489 811
187 812
813 814
815 816
713 385
568 817
221 818
77 372
381 819
160 820
754 558
544 821
822 823
305 824
825 15
796 826
590 827
554 828
772 829
830 831
832 833
47 834
835 352
363 836
533 837
47 272
838 98
839 840
508 580
841 357
751 842
843 844
18 156
845 479
381 846
194 847
524 412
576 810
92 15
51 196
68 848
186 849
850 245
175 851
346 852
853 556
363 854
855 856
262 857
186 173
128 858
859 860
861 862
863 864
113 381
865 58
769 866
867 868
869 870
871 100
691 872
873 79
874 624
875 93
876 347
211 877
239 867
693 878
73 879
880 881
769 882
186 883
884 278
479 372
670 282
470 885
886 479
887 888
889 890
680 196
455 891
67 892
455 893
894 39
181 895
343 896
393 897
898 208
274 626
899 900
265 901
902 100
847 246
276 903
716 651
904 101
177 905
906 907
92 908
138 909
535 85
910 84
911 303
393 64
912 207
510 913
914 915
916 917
162 918
156 425
919 194
133 920
921 93
922 464
923 145
162 924
218 925
926 927
928 921
616 929
777 429
274 930
186 931
887 932
933 152
934 417
935 83
670 936
607 937
938 372
92 939
249 940
134 941
647 429
177 137
187 942
943 88
49 944
945 946
646 600
947 213
65 948
766 949
207 950
951 952
160 953
10 954
955 113
956 807
957 624
109 958
860 959
870 65
218 960
787 961
691 962
963 79
964 310
965 343
966 967
968 200
455 969
970 971
81 972
973 974
34 975
183 976
222 86
977 39
978 979
61 980
981 240
156 982
343 983
776 984
328 985
986 987
988 989
51 600
990 925
991 213
265 992
391 208
993 952
994 181
995 250
647 789
23 996
997 169
265 998
999 559
921 1000
1001 1002
580 1003
1004 294
1005 289
1006 606
1007 363
336 1008
1009 719
1010 945
1011 429
265 1012
160 387
754 1013
235 1014
754 626
73 1015
1016 171
1017 428
600 52
796 610
1018 1019
1020 630
1021 347
130 489
1022 1023
1024 394
183 1025
363 1026
796 86
1005 271
1027 1028
766 1029
965 764
745 1030
1031 98
372 308
1032 246
1033 95
1034 1035
455 1036
596 232
47 1037
580 912
149 1038
307 1039
47 1040
1041 247
221 1042
81 1043
143 1044
1045 333
2 406
330 487
475 61
1046 1047
1048 791
18 1049
276 1050
73 1051
31 684
1052 559
340 1053
1054 674
1055 1
1020 228
1056 907
907 1057
1058 1035
5 98
1059 562
1060 813
1061 1062
1063 394
1064 682
194 638
504 998
262 1065
2 393
193 1066
1067 807
1068 387
16 1069
113 1070
138 1071
791 1072
224 1073
246 1074
981 55
1075 333
371 1076
256 1077
243 1078
88 1079
415 509
455 1080
989 1081
63 1082
1083 425
1084 378
209 1085
232 1086
113 150
393 343
923 417
284 1087
47 933
6 1088
691 1089
186 343
195 804
81 1090
15 1091
807 1092
1093 455
871 429
186 271
366 1094
1095 61
1096 697
1097 568
418 1098
1099 1100
456 1064
1101 113
1102 342
343 1103
1104 37
1105 1106
716 1107
691 1108
1109 366
187 1110
292 68
912 509
322 1111
1112 213
1113 93
1114 1115
149 704
128 114
716 1116
27 1117
1118 966
1119 44
160 1120
2 1017
246 972
470 1081
181 1121
1122 1123
186 1018
221 1124
1125 119
207 1126
1127 1128
228 469
444 893
93 1129
1130 504
457 75
528 1131
49 161
1132 100
1133 1134
1135 268
713 65
1136 1137
1138 314
1139 38
729 989
1140 653
73 1141
1142 276
1143 562
1144 726
130 1145
303 1146
1147 32
776 1148
1149 152
160 1023
1150 75
1151 228
68 1152
668 343
528 1153
292 89
1154 49
670 1155
1156 568
600 1157
1158 268
654 70
419 444
430 1159
726 114
1160 345
1161 37
1162 193
1163 107
183 1164
1165 32
252 1166
364 1167
1168 830
370 113
9 1169
393 921
1170 268
218 66
455 1030
101 1171
713 1172
207 1173
1174 93
1020 1175
1176 75
1177 776
381 1178
566 1179
183 1180
1181 487
1182 37
1183 280
600 810
776 1184
305 262
213 1185
543 376
470 1186
1187 260
1188 1189
26 207
186 229
952 498
776 1190
1191 970
92 682
455 1192
540 1193
1194 1195
1196 1197
745 1198
1199 5
123 1200
160 321
1201 145
205 1202
444 96
1203 429
978 1204
216 1205
751 1206
1207 84
680 165
1208 562
580 1209
1210 10
299 52
1211 1212
207 1213
52 1214
1215 533
1216 1217
1218 429
670 1219
300 1220
630 1221
1222 393
803 361
1223 1224
156 1225
224 1226
791 1227
412 1228
554 1229
1230 342
134 1231
631 585
128 493
1232 282
95 895
1046 455
1233 533
729 444
239 47
1234 39
859 1188
1235 352
1236 224
67 292
68 100
1237 1238
754 1239
1 319
1043 987
1240 559
1241 1242
1243 369
1244 430
1144 1245
305 970
84 1246
1247 856
1248 1249
138 451
674 1250
383 1251
1252 1127
1253 676
1254 149
1006 1255
1256 500
366 1257
978 1258
470 415
61 1259
1260 294
1261 795
107 1262
441 780
207 1263
336 58
128 89
352 1264
1265 169
89 113
372 1266
945 1267
1268 199
134 1269
787 1270
1271 13
5 1272
804 1273
1274 32
1275 100
1027 456
1276 221
113 1277
96 1278
1279 9
489 152
307 1280
1001 441
791 1281
26 343
307 1282
72 302
447 1283
1284 509
966 1285
1286 30
130 174
9 1287
58 1288
237 1107
1289 218
1290 235
1291 535
175 1292
130 1293
1294 978
1295 0
430 343
1296 453
791 1297
1016 1298
305 1299
965 96
221 1300
211 1301
1302 417
32 1303
47 1304
495 1305
187 1306
79 1307
1020 1308
1309 84
339 1310
830 1311
85 1312
336 1313
510 1314
1007 1315
1316 1137
769 1317
1001 1318
1319 38
776 1320
1321 860
576 1322
1323 682
103 1324
289 1325
79 1326
136 1327
580 1328
415 631
1329 682
149 155
1098 559
79 381
1330 342
1331 169
1332 394
604 393
1333 199
135 504
1334 795
27 1335
1336 357
1337 95
1338 84
1006 366
1339 207
352 1340
1341 751
1342 568
1008 138
93 1343
456 65
1344 453
403 93
1345 114
1346 417
600 1347
791 1348
668 922
726 1349
970 1350
1351 75
1352 39
156 1353
221 1354
32 1355
1356 487
187 1357
338 613
361 1358
402 1359
1144 1360
649 417
51 1361
1362 682
345 46
1363 907
822 789
160 1364
716 1365
339 1366
1367 9
171 1368
51 1369
863 1370
93 1371
1372 342
528 1373
913 347
691 1374
1375 169
428 1376
997 314
1377 342
63 1378
1379 5
1380 276
1381 653
1084 1382
34 1383
1384 155
1385 100
412 1386
495 1387
1388 103
305 1389
1390 616
130 252
925 65
160 1391
1392 204
600 1393
1394 487
1395 1396
1397 412
1398 75
324 974
549 1399
1400 32
670 92
1401 1402
84 1403
684 169
1404 2
41 1405
966 1406
670 10
84 1407
134 1408
1409 26
395 146
109 556
268 1410
276 1411
63 1412
123 566
1413 1414
1415 1416
514 1417
128 879
1418 893
1109 686
34 1419
863 1420
552 1421
455 1422
489 408
730 347
1243 1423
181 1424
1425 268
1426 1195
339 1427
1428 674
952 1176
1429 1430
525 1430
1431 10
809 391
495 1432
791 1433
1434 1435
1436 1437
1438 39
345 1439
1440 860
732 347
1001 1441
1442 504
160 1443
38 1444
1445 65
31 1221
152 1446
597 1447
16 1448
218 1449
1450 372
1451 686
93 1452
85 1453
576 1454
1006 1188
84 1455
504 1239
1456 55
1457 181
145 1458
1459 60
745 1460
1027 343
1461 509
138 1137
1462 860
41 131
1463 795
339 1464
796 1465
381 1466
1467 268
1468 1469
470 191
63 1470
1471 61
607 1472
182 95
1396 1473
1474 1475
128 1476
292 730
265 1477
1478 693
646 1080
1479 624
737 1035
1118 412
1480 509
305 1481
1482 1483
1484 542
1001 79
1485 145
81 1486
84 1487
191 1488
142 1489
1490 346
1491 100
1492 137
160 1493
1494 366
41 479
566 1495
470 1496
807 559
211 1497
289 1063
72 1498
1499 47
1500 1501
1502 377
1503 194
1504 807
47 1505
1506 428
1507 1508
1509 429
403 394
1510 776
740 726
352 1511
10 1512
470 1513
211 1514
31 1515
218 343
766 1516
1517 213
218 1518
155 1519
1001 1316
1520 1507
34 1521
1522 435
58 1246
1523 1524
47 1525
162 1526
256 556
271 379
213 1527
1528 597
100 1529
1530 394
107 1531
282 1155
1532 357
221 523
1533 357
193 62
1286 1534
79 1535
183 1536
1537 75
1538 653
1539 23
342 1540
716 61
899 1541
1542 839
1543 5
41 1225
1544 120
1545 839
839 1546
107 1547
110 1548
1549 540
1550 1551
641 145
350 1552
265 1553
807 240
1554 100
1482 1555
1556 412
138 1557
322 1558
576 171
504 166
1158 719
1136 1559
31 1560
352 453
1561 54
1209 970
989 1562
366 1563
365 200
1127 1564
693 978
70 668
1565 84
1238 376
568 1566
130 1567
1568 559
860 1569
105 1570
1571 37
136 745
595 1572
296 479
138 1176
1573 383
221 1574
680 266
83 1575
1241 1576
1577 75
580 1511
1578 1243
6 1579
693 1580
1581 207
1582 890
156 1583
329 1584
83 1585
1468 1038
138 865
342 1586
1587 27
1588 208
947 54
958 1589
1590 661
187 1591
1592 372
218 438
393 340
1593 1106
27 1594
55 1248
79 1595
1596 158
1597 464
1598 624
160 1599
1600 26
1601 88
1602 333
544 1603
1604 100
379 55
1605 61
229 1606
77 1607
1608 430
274 109
1609 361
1610 145
1611 149
262 1612
1613 280
1614 978
1615 576
1241 917
1616 55
1617 101
130 1618
822 2
769 288
1619 1127
274 1331
303 1620
765 952
358 376
100 427
156 1621
75 1622
307 1623
1624 37
456 925
1625 562
893 1626
213 1627
697 1628
221 1629
130 1630
352 1631
138 1632
2 1633
1634 372
1635 1016
109 1243
1132 15
1636 32
1637 682
307 1638
243 1639
171 1640
271 1641
1642 117
697 1643
691 1644
352 562
1645 528
171 1646
1647 68
63 1648
247 1649
1650 556
509 1511
1568 1058
1651 177
1652 1653
726 1654
300 1655
61 1656
207 1657
2 1658
1659 369
1660 1661
595 1662
1663 970
186 1664
41 1665
1608 27
79 1666
1667 394
880 1668
1669 1568
965 65
110 152
381 1670
1671 509
1672 232
1673 1674
84 1675
257 150
691 1676
455 1677
113 84
1678 478
1679 568
1680 630
1681 260
116 252
235 113
67 1682
138 1683
2 446
322 1079
1684 1685
1686 509
1687 1688
455 1689
1690 204
113 804
1027 1691
31 77
289 1692
1693 401
224 1694
128 1695
156 1696
1697 79
441 1698
262 1699
776 479
282 1700
1701 597
282 1250
1702 559
1703 363
514 1704
134 1705
134 434
88 548
1706 860
1707 393
1708 372
830 1709
691 1710
583 38
1592 240
1468 1711
1712 562
702 1713
807 1714
1715 429
415 251
630 188
441 1472
41 1716
47 1717
93 1469
467 1718
719 860
34 1719
1720 377
1721 86
55 266
1722 10
1723 13
372 394
395 1724
322 1725
754 418
1726 160
489 456
489 343
339 1727
186 927
156 462
1188 20
379 208
195 1137
1217 319
103 563
1728 152
10 1729
1730 68
966 1731
369 361
1732 514
370 523
1733 456
197 1734
41 1735
1736 93
863 1737
777 37
49 1738
1739 393
1280 145
1740 152
917 1741
500 1742
221 84
1743 84
54 1744
1238 1745
160 1746
52 1747
276 1748
647 643
204 1749
1750 559
1751 255
32 1752
952 464
1018 123
240 849
1753 854
1754 1137
1755 372
1756 310
440 194
63 303
796 1757
1758 160
965 1759
674 1254
585 1063
528 1243
791 1760
1362 92
549 264
1761 1035
370 145
525 1762
636 1763
145 343
73 1764
1002 719
47 563
716 1765
719 140
1766 100
740 1767
55 1239
1768 305
96 429
307 234
386 417
61 1116
134 1769
160 1770
441 1771
1136 1099
128 1772
1773 338
182 194
595 1335
134 764
1774 200
822 1775
49 54
1202 310
1776 348
691 1687
1777 613
1778 514
1779 1035
340 1780
143 1781
163 68
271 737
1782 1783
1784 79
79 38
1785 240
1786 1401
1787 363
232 1788
1789 1790
843 1791
245 52
670 1792
509 1793
136 1794
1286 1795
101 1796
391 1797
307 1798
796 319
363 1799
1430 1800
284 720
1801 61
1340 453
1802 394
1803 117
70 1804
1805 1806
1807 133
1808 58
1809 155
709 200
1810 1811
58 1430
994 1136
61 1812
79 1813
135 1814
305 1815
31 1816
77 1817
322 412
716 1818
88 268
1819 455
162 1123
10 1820
787 1821
430 1822
1823 860
16 1824
1144 1825
41 1826
130 1244
156 1827
265 321
221 1828
1829 260
61 319
441 1622
55 1830
455 1831
791 1832
670 1833
56 1834
55 1835
15 1469
235 1836
112 1837
1838 182
691 410
95 1839
1840 1841
1701 352
830 1842
352 1843
1844 1840
1845 1524
719 1846
237 726
381 1847
1848 880
300 1849
1850 294
120 15
171 1851
18 1852
113 1853
915 1854
128 1855
1856 1857
730 1858
1859 26
1860 68
94 1711
1861 294
1862 310
393 1863
1864 807
514 156
1865 1866
791 1867
1868 648
1869 970
32 1870
32 1871
127 83
1872 228
187 1873
85 1688
1874 435
514 1875
1876 430
1877 487
386 145
1238 1017
1878 98
389 86
204 328
1879 676
566 1880
412 1881
600 726
1669 1052
1882 372
186 1883
1884 152
138 1885
647 340
1886 795
1887 1888
1889 95
207 1890
1211 146
265 1325
1891 1892
1893 1894
1895 218
801 1896
218 456
1897 100
1898 1568
514 723
1243 770
225 372
1482 1899
1900 37
1901 247
1902 1903
1806 1904
1905 464
1906 670
966 1907
84 1908
1909 276
1910 79
51 1911
177 1912
1913 150
713 1914
1882 1915
668 1916
96 166
899 1238
1917 719
1918 394
1919 444
1688 1920
568 1921
1922 75
18 1923
221 775
1924 860
1925 61
713 921
1565 113
616 1926
1109 1535
1927 100
1928 310
1929 1930
1931 435
51 576
95 1932
1933 5
1934 120
1468 1935
1936 204
89 68
1937 670
781 100
237 1938
740 1939
1940 169
467 1941
966 1942
1943 697
346 1944
1685 113
600 361
745 1254
1088 191
85 1945
55 240
1946 181
654 372
1947 479
1948 428
307 1949
1950 310
204 171
1354 222
470 672
156 515
92 1951
68 1181
769 1952
1953 218
1328 509
1954 303
1955 624
63 1956
1957 168
221 335
1958 98
766 1959
843 1960
41 1961
1962 478
1020 1963
229 1964
1965 1966
1482 1967
224 1968
441 1969
1970 795
965 1761
1971 668
47 1972
84 1973
1974 262
1975 98
130 456
1 1246
965 208
1286 1976
41 394
1977 1978
204 1979
670 61
265 56
199 1980
413 624
1981 252
73 1982
27 1983
893 1984
1012 992
1985 34
1986 58
29 1987
34 1988
20 1989
262 1990
200 150
1991 966
114 1606
79 1992
726 1993
580 1994
1995 101
2 1238
113 1996
6 1781
1084 1997
514 1998
1999 429
199 2000
2001 843
2002 284
2003 1674
26 1713
2004 93
262 65
2005 668
343 572
43 150
265 519
745 81
2006 376
191 2007
2008 807
79 2009
2010 863
2011 130
489 434
1782 2012
607 413
307 841
2013 1243
2014 232
2015 776
314 2016
2017 839
2018 168
49 153
766 1688
674 2019
372 1107
2020 49
726 361
2021 562
181 2022
2023 9
528 2024
1380 13
1507 2025
296 2026
446 2027
2028 446
143 399
419 339
2029 325
2030 428
305 317
2031 648
216 2032
1965 646
2033 197
1882 430
762 138
2034 661
47 2035
2036 370
699 1840
128 2037
211 2038
262 2039
455 334
271 3
218 2040
1688 1
54 1627
2041 86
2042 347
130 107
1084 2043
370 2044
1892 2045
63 2046
314 2047
2048 791
280 1013
607 2049
27 1025
615 417
2050 44
447 2051
1243 1589
265 55
713 169
402 314
958 1157
377 613
2052 456
1482 2053
2054 107
554 833
2055 479
489 2056
2057 2058
1469 294
216 1984
345 1040
304 2059
2060 952
303 755
766 2061
726 1157
2062 5
447 954
647 2063
2064 2065
265 1005
128 726
2066 216
440 95
1163 1018
385 2067
209 342
186 2068
2069 310
252 232
552 2070
2071 952
1286 100
2072 27
2073 100
2074 47
693 2075
2076 158
697 611
2077 854
69 152
1188 2078
2079 88
56 266
428 394
430 2080
691 2081
2082 456
2083 676
262 1481
2084 479
2085 174
441 2086
754 559
2 2087
2088 880
162 2089
489 145
2090 51
207 2091
769 2092
501 73
2093 55
887 1310
1 1762
2094 394
352 2095
680 307
781 39
110 2096
1650 145
2097 843
171 2098
194 2099
18 1849
989 2100
2101 169
109 169
1131 383
1181 1238
1241 2102
470 2103
32 2104
2105 668
2106 2107
2108 860
361 2087
32 2109
769 408
1840 2110
0 2111
142 2112
2113 224
2 2114
77 1592
105 2115
181 2116
2117 1435
709 18
224 2118
158 266
69 2119
2120 158
123 2121
128 68
352 2122
535 2123
2124 128
307 2125
2126 5
2127 921
393 2128
1115 2129
459 213
1838 2130
2131 5
171 2132
218 321
2133 93
1109 2134
2135 1099
1001 1598
274 2136
357 2137
170 559
2138 169
143 2139
276 2140
1241 2141
489 340
307 2142
787 2143
2144 2145
120 145
470 2146
2147 79
181 2096
51 771
631 110
417 255
393 843
149 2148
1401 1225
1286 2149
839 2150
2151 1652
186 2152
1685 381
143 2153
893 2154
393 2155
2156 562
630 2157
2158 268
729 556
2159 278
2160 98
590 18
1609 1574
177 2161
568 950
156 2162
697 2163
2164 653
207 2165
162 2166
2167 342
391 2168
107 2142
2169 216
533 1137
41 888
544 2170
150 241
181 394
2171 37
95 2172
791 2173
1289 110
2174 830
434 888
110 2175
1035 559
822 1653
300 2176
2177 1840
2178 234
2179 509
2180 289
740 2181
2182 1978
1650 168
393 2183
113 395
2184 208
2185 952
79 2186
361 1816
2187 487
600 479
2188 680
2189 430
1018 2190
177 2191
415 202
395 2192
1211 417
2193 542
2194 250
23 2195
1482 2196
830 2197
2198 207
2199 93
27 2200
156 1083
554 2201
130 2184
674 2202
128 2203
2204 294
197 2205
2206 169
229 2207
2208 204
2209 366
175 2210
807 372
2211 559
1005 345
343 2212
2213 61
156 2214
60 2215
2216 216
874 2217
71 303
2218 402
169 2219
2220 345
120 260
2221 93
156 1464
595 2222
2223 296
2224 1550
156 2225
292 2226
2227 676
393 2228
966 2229
1289 393
405 300
136 2230
2231 1115
616 2232
79 2233
2234 1524
2235 213
200 75
105 2236
54 2237
329 2238
1894 200
2239 533
2240 966
2241 1840
2242 224
307 392
274 282
81 2243
1652 2244
300 2245
385 394
307 2246
268 2247
479 2248
2249 252
2250 412
73 2251
495 789
495 2066
345 2252
18 1592
769 66
867 266
171 2253
2254 441
1243 2255
1127 2256
181 2257
2258 37
830 2259
1762 2260
63 2261
576 1488
776 2262
514 2263
2264 479
130 2265
1856 1556
680 867
2266 843
2167 209
455 2267
1801 566
796 1403
85 2268
697 307
2269 1127
117 394
372 2270
162 2271
181 417
2272 1123
1371 1772
600 2273
207 2274
1020 2275
77 2276
607 962
2277 202
2123 100
504 965
288 100
75 278
237 2278
135 998
2138 921
262 2279
9 2280
75 2281
218 866
258 2282
425 2283
2284 2285
2286 376
26 2287
54 2288
105 2289
1415 2290
160 50
674 2291
504 96
322 2292
1314 2293
2294 394
693 2295
2296 133
2297 1035
160 2298
647 396
2299 73
160 1051
29 1534
2300 92
160 2301
338 612
2302 100
95 2303
2304 568
593 2305
52 167
2306 55
2307 1661
2308 1020
307 2309
100 61
114 2310
2311 648
2312 174
2313 13
589 75
2314 682
32 2315
1563 37
175 2316
2317 509
2318 342
585 2319
1127 2320
2321 342
804 2322
472 2323
345 1325
2324 305
2325 509
921 2326
693 2327
265 737
528 2328
528 2329
1396 2330
1737 39
307 2331
441 2332
856 2333
1609 1416
1493 542
965 393
156 2334
1757 435
544 2335
2336 280
284 2337
1592 117
402 2338
123 2339
434 464
2340 186
105 2341
329 2342
307 2343
2344 776
183 2345
455 2346
576 2347
1892 2348
25 2349
282 2350
292 1574
372 559
661 2351
381 624
85 2352
554 2353
296 1728
305 2354
262 2355
2356 1195
961 39
456 2357
305 2358
92 2359
751 2360
807 2361
27 2362
51 338
1856 2363
554 815
1098 1035
350 2364
2365 213
18 75
2366 391
2367 394
169 2368
880 2369
32 2370
145 770
1401 1195
607 378
2237 216
726 66
921 65
2371 464
138 1246
626 55
1782 2372
395 308
205 2373
646 2374
361 1157
670 2375
691 2376
2377 61
754 1835
199 2378
2379 791
2380 361
965 2381
2382 668
2383 585
274 2384
88 2385
978 2386
55 1834
2387 303
274 1490
2388 514
2389 1550
2390 800
1482 2101
2391 47
1001 2392
27 2393
2394 79
2395 1238
2396 276
31 278
470 2397
1882 2398
2399 346
54 2400
51 123
2401 68
854 2402
839 2403
54 2404
1753 1810
791 2405
2406 562
305 2407
921 2408
1223 2409
2 2410
2411 294
72 2412
262 2148
2 343
1001 2254
2413 228
92 1140
2414 44
2415 72
2416 204
2417 890
2418 18
1001 2419
713 340
29 1976
691 2420
41 2421
2057 2422
2423 562
9 2424
2425 1840
925 2426
459 204
49 1211
329 2427
83 2428
2429 1035
307 2430
2431 92
860 2432
29 2433
276 2434
2416 305
2435 1674
34 2436
288 2437
860 2438
2439 58
479 1190
1721 540
807 2440
385 418
197 2441
372 2442
162 2205
542 1748
2443 1396
1006 2444
229 2445
2446 2057
363 2402
300 143
352 2447
2448 310
702 2449
29 2450
391 456
2451 75
716 1792
2452 204
1574 921
540 2453
1027 218
1892 2454
1957 169
314 2455
514 2456
246 2457
1398 893
2458 37
2459 107
38 2460
352 377
754 2461
2462 342
67 2463
2464 268
2465 100
2466 791
2467 648
1669 2468
81 2469
79 719
72 120
2470 256
345 2020
2471 211
2472 155
776 2473
795 2474
265 2475
32 2454
952 278
890 2476
307 2477
329 613
16 2478
27 2065
607 441
274 379
221 2479
2480 446
2481 867
67 2482
647 2483
966 2484
843 2485
79 268
55 559
719 2486
79 2487
246 2488
1774 1661
2489 441
2490 487
1435 2491
2492 95
2390 989
234 1103
31 1852
245 2493
128 1609
2494 357
1544 64
2495 514
495 2496
470 173
556 120
1856 2497
1286 1780
470 2498
970 2499
418 737
385 2500
1289 152
237 1792
252 117
693 54
417 638
576 2501
2502 213
1132 278
470 2503
730 2504
240 737
2505 893
186 672
528 288
489 925
2506 383
32 2507
27 2347
181 2128
10 1352
860 2508
284 2509
128 2510
200 2511
18 2512
2513 686
1018 893
303 2514
504 2468
2515 1401
242 49
343 133
186 2516
769 528
2517 417
697 2518
691 2519
613 2520
2521 10
2522 907
2523 169
2524 2525
41 2526
441 2527
2020 340
77 2528
989 216
1020 2529
1894 2530
2 1748
647 153
2531 183
2489 453
794 653
121 648
110 2532
134 166
181 756
2533 1248
2534 342
1396 2535
514 95
18 2536
271 2537
372 2087
117 372
128 385
142 100
186 1898
489 357
2538 73
123 1888
2539 314
1810 2310
709 75
447 1820
1742 2540
1882 346
520 240
186 2541
282 2542
2543 60
2544 13
437 218
479 2545
874 613
430 965
514 2546
1144 2547
2548 107
194 13
580 633
2549 282
670 2550
10 2551
51 556
2552 92
590 2553
554 205
352 164
352 2527
162 1102
123 1017
107 2554
234 2555
208 556
155 2556
1127 2557
1016 2558
2559 376
2560 376
307 700
41 2561
216 2562
331 280
276 2563
2564 387
2565 98
371 174
2566 68
2130 890
2567 661
2568 1789
27 305
514 2569
1084 2570
181 107
1669 2461
941 169
1609 2571
849 133
15 2572
207 2573
345 271
893 343
262 2574
289 272
841 107
839 2575
2576 813
691 2577
1196 366
363 2578
235 2579
544 2580
221 2581
1676 428
839 2582
1661 1053
1524 2583
813 2584
135 965
2585 2586
1027 1443
2587 208
345 2588
1652 830
2589 839
233 130
204 2590
590 2591
218 1739
1396 2592
2106 2593
556 145
211 540
2594 425
92 2595
2596 113
2597 88
2598 568
51 120
443 893
2599 86
395 2600
47 2601
249 342
2602 1371
2603 578
589 77
514 2604
952 2605
2160 394
769 2144
65 1157
70 2606
34 2607
674 2608
314 2609
2610 648
54 978
2611 93
2612 37
138 2613
186 2505
145 2614
110 65
342 2615
247 2616
1401 2161
2617 366
2 2618
475 2619
186 2620
274 1145
2621 514
566 2622
441 915
2623 804
2624 92
177 2625
2626 27
156 2627
181 2628
345 2629
2630 613
2631 870
915 2632
597 2633
528 1134
1144 658
2634 613
342 2635
670 1018
171 2636
2637 282
1001 2638
2639 204
554 2640
63 2641
2642 578
2643 661
284 2644
417 2645
2646 568
352 864
47 2647
1537 372
70 1676
387 1212
1392 776
186 117
860 1021
113 775
156 2648
303 2649
284 1933
2650 101
807 2651
2652 624
284 2205
383 2653
229 2654
110 2007
120 100
2655 92
2656 342
274 489
2657 453
2658 370
554 2659
2660 2661
100 1534
289 282
1415 2662
2216 393
540 2663
441 1786
2664 169
509 2665
34 2666
389 156
970 2667
1027 1592
456 770
2668 464
919 2669
528 2670
2671 288
2672 304
766 2673
345 2674
307 651
2675 372
647 1262
393 2676
2677 464
2167 200
2678 394
237 2679
2680 2681
1386 795
2128 145
2682 88
2683 630
79 432
2684 339
2685 1020
194 2686
2687 719
79 1464
271 505
596 169
32 2688
843 2689
839 2690
2691 428
135 96
243 2692
1144 2693
1688 2694
860 2695
31 2696
2697 271
345 47
2698 417
1332 73
453 2699
2700 288
2701 376
64 107
2702 145
1652 2703
1482 2704
1685 2705
221 2706
1838 2707
2708 305
314 2709
455 2710
350 2711
647 2712
418 2713
1188 2714
963 268
906 464
1127 2715
1544 1436
2716 83
27 810
263 1930
265 387
181 217
2717 453
2718 18
2719 310
2720 425
175 2721
719 1569
590 117
751 2722
162 1812
2723 719
107 2256
41 2724
1007 2725
307 2726
751 2727
2 2728
2729 84
18 587
1568 992
81 2730
1609 2731
2732 213
2733 100
1188 2734
369 2735
1001 2736
186 265
2737 15
2738 169
2119 2739
1236 661
393 2636
2740 500
130 343
72 1029
769 746
2522 726
2741 213
63 1755
92 2742
672 2
2176 194
1243 65
2743 235
181 65
130 898
2451 893
25 168
240 559
706 200
2744 804
307 2745
607 377
2746 160
345 280
282 208
268 2747
2748 39
2749 1340
366 961
372 2512
2120 807
296 2750
1018 114
307 2751
350 2752
208 2753
2754 0
1970 1840
2755 240
2756 2
2757 478
2758 1401
2759 280
1544 2760
70 152
37 723
370 86
205 10
183 2671
1524 2761
410 2
1840 795
1188 1603
2762 915
776 2763
2764 13
461 668
51 833
215 479
566 2233
455 2765
389 229
202 208
2766 200
2250 795
2767 425
2755 55
1609 120
31 393
2269 417
2768 921
674 342
109 726
34 2769
263 343
697 2770
804 2633
766 2771
96 2772
2773 1661
2774 1840
129 208
2775 243
2776 624
2777 585
1018 2778
296 731
345 2779
2780 278
716 1018
262 2781
815 2145
0 2782
2783 585
61 2784
52 2785
221 2786
61 986
2787 394
726 2788
2789 44
387 2790
447 10
1524 2322
958 2791
2792 195
221 2025
366 39
286 113
693 1614
2793 1195
77 428
903 417
100 2794
2795 143
204 2796
51 2253
134 2797
2660 2798
791 2799
32 2800
175 2801
514 1140
2802 542
1524 100
343 2803
1491 162
680 56
2804 84
2805 288
300 2806
186 1785
2807 333
2808 200
414 394
123 2809
350 1464
280 376
745 2810
970 2811
2812 149
693 2813
156 704
2814 648
2815 86
2816 216
456 107
303 1717
213 2817
2818 39
2819 155
128 37
284 1209
965 170
134 170
93 498
455 2820
85 119
1484 73
479 171
554 79
113 308
2821 766
745 2822
2823 136
162 2824
73 107
183 2825
654 668
134 2826
1806 245
329 385
2827 795
162 2828
2829 100
276 2830
1002 860
2831 648
56 867
2 2832
2833 100
2834 435
2835 429
2836 92
2837 73
2838 13
113 1137
2839 1414
171 2840
274 504
540 2841
2842 58
209 249
143 2843
2844 224
346 2845
2846 791
2353 613
691 2847
766 2848
1113 668
2849 391
2850 86
200 2851
1761 75
156 1357
265 1568
887 2852
917 1176
105 115
419 107
381 2853
339 2854
393 2855
2856 149
1115 2857
207 2858
2859 670
495 417
2660 2603
2860 13
2861 75
2862 444
915 780
2 2863
925 2864
415 2262
751 2865
2866 15
85 2867
716 254
2144 2868
970 2869
1882 2870
363 2871
642 93
2872 624
402 626
670 1019
54 2873
395 2485
544 2874
2875 1248
2876 70
915 2877
1018 2878
224 2879
1243 2155
447 2880
616 2881
647 2882
1445 882
221 1996
208 96
822 2883
2884 348
441 381
935 305
2885 193
186 585
417 571
2886 1035
292 922
2887 1856
813 1704
566 2888
130 391
440 13
149 2889
2890 376
352 2891
2892 693
370 2893
2894 274
1109 2895
305 2896
2897 79
274 2898
2899 305
216 125
372 2900
181 1280
16 2901
2101 54
2902 249
183 171
2903 890
716 2904
2905 464
989 2906
1838 523
2907 745
38 2908
92 351
2909 394
576 2910
580 137
2911 726
96 2912
2913 1437
742 2914
535 890
453 2915
952 2786
2916 260
195 2917
345 1499
240 2918
345 2919
2920 430
84 2921
2922 98
726 2923
2037 804
965 2893
2924 2925
2926 559
2927 145
470 2928
528 2929
1244 208
32 2930
2269 204
194 1195
568 2931
965 166
2932 607
187 2933
2934 1035
791 2935
366 2936
412 1840
2176 137
2937 394
183 810
276 2938
670 651
109 134
2939 209
162 1132
75 133
393 2940
308 376
1809 1018
1661 2941
26 2942
901 56
369 726
489 134
1856 321
211 2943
1415 2944
2945 966
73 1918
1696 37
719 2946
2916 100
952 75
467 2947
211 2948
2949 833
1601 2660
128 2950
2951 352
535 523
2054 713
345 2952
289 2020
196 595
85 319
2953 514
2954 152
2955 265
25 487
2956 1136
1882 1537
2957 363
595 2958
1001 121
2850 84
2959 880
137 435
274 2265
706 75
2960 1840
2961 366
1894 2378
697 456
395 1212
783 333
207 58
385 204
726 668
1685 2962
70 1772
2851 150
105 338
854 1167
2731 278
2153 461
300 2963
890 40
2964 1430
2965 98
2966 1136
807 2967
1781 653
2205 100
49 2968
51 1773
2969 54
2970 1840
70 726
2031 514
2971 624
274 965
247 2347
2972 860
2973 1248
213 2974
556 1888
2975 27
495 2408
418 2976
85 2977
2978 143
143 2979
186 2980
670 2981
75 2512
1188 2982
31 1755
58 2858
965 379
697 2983
2984 342
186 1807
2985 653
63 2986
2987 807
1661 2988
730 2989
307 1724
15 2990
514 1661
740 2991
647 2992
2 2993
2994 98
16 2995
2167 674
978 2996
1084 2997
2998 75
1445 218
186 893
81 2999
3000 880
3001 268
549 1820
3002 401
3003 726
3004 152
3005 540
3006 224
342 3007
1132 68
1856 107
77 2397
3008 289
271 266
393 3009
3010 232
130 232
3011 345
3012 2925
134 3013
136 177
444 3014
787 3015
9 3016
415 1209
1241 3017
1882 3018
3019 1840
47 2826
110 218
27 3020
771 776
51 216
646 2253
554 795
3021 2925
3022 18
215 84
1248 3023
3024 544
218 2485
6 3025
3026 342
2909 276
152 1851
284 3027
204 3028
130 202
2725 262
860 3029
1754 1673
5 3030
528 204
455 3031
363 3032
336 525
2703 193
2284 576
528 456
156 3033
3034 366
31 3035
199 3036
740 3037
3038 383
1785 133
158 794
3039 377
274 2618
3040 75
3041 676
801 428
1435 3042
321 1051
1241 3043
51 647
2300 1609
217 145
1001 624
766 3044
177 3045
75 150
441 3046
766 3047
3048 429
3049 342
218 794
199 3050
801 3051
3052 860
3053 1401
63 2434
1257 98
263 3054
70 3055
3056 989
77 2861
489 764
540 207
1618 372
3057 177
145 394
1188 3058
3059 288
77 1852
528 3060
1956 464
84 3061
1482 3062
41 1359
2459 35
3063 195
3064 100
208 174
197 2745
3065 430
1016 2007
352 3066
1001 3067
1724 376
830 3068
1188 3069
1865 310
1618 429
3070 487
3071 37
329 3072
1018 566
3073 342
1856 1245
1241 3074
3075 294
383 3076
113 1487
2059 417
1801 670
455 630
1468 922
691 1786
2934 340
3077 880
3078 98
3079 542
3080 791
268 3081
589 925
3082 169
470 3083
51 245
2300 58
3084 9
77 3085
265 504
3086 282
32 3087
590 1107
3088 282
55 1325
135 1231
83 3089
1130 135
697 2342
616 3090
3091 107
2 2968
1177 576
3092 138
274 232
921 169
70 3093
218 3094
200 3095
156 3096
1001 3097
9 3098
29 3099
2895 39
84 3100
470 3101
1001 3102
221 3103
2664 49
576 3104
1144 3105
1027 288
3106 487
489 770
693 3107
514 3108
268 1841
113 2925
3109 890
917 3110
75 3111
3112 88
742 3113
1611 75
1772 294
813 1661
2528 75
607 624
542 1714
1396 3114
813 3115
795 1841
156 597
3116 978
61 3117
200 2530
3118 348
3119 113
590 3120
3121 246
3122 989
1248 559
2660 3123
1924 228
489 208
3124 149
207 3125
268 3126
3127 719
350 3128
3129 1248
3130 880
3131 1840
2532 152
3132 107
221 3133
103 3134
345 867
470 3135
472 245
218 152
345 3136
719 3137
3138 5
3139 394
120 613
994 145
148 39
2588 117
556 107
3140 110
128 3141
1806 3142
3143 322
3144 2
3145 542
2145 686
495 462
3146 150
2367 393
489 2381
2130 207
629 195
156 3147
6 3148
72 2677
726 3149
27 3150
549 1771
134 272
202 3151
3152 194
2954 361
729 145
3153 13
221 3033
63 3154
3155 133
187 3156
32 3157
130 3158
211 3159
2624 200
246 3160
85 3161
2186 268
446 3162
2223 3163
32 3164
1803 110
3165 348
3166 18
67 3167
2043 682
1018 815
1144 1247
3168 1568
218 3169
2144 280
134 96
130 274
804 3170
49 538
391 3171
2380 88
412 3172
200 2650
3173 32
158 3174
1418 1568
815 3175
69 342
18 3176
3177 169
691 1767
134 965
2119 3178
1144 1550
726 3179
672 133
787 3180
2 3181
233 274
63 3182
1892 3183
345 331
2470 149
3184 18
593 3185
183 646
377 3186
329 3187
3188 429
281 86
970 3189
1522 86
195 3190
268 937
2 93
393 3191
10 3192
3193 807
3194 303
343 3195
3196 13
58 3197
156 2130
3198 745
978 3199
434 3200
311 246
3201 429
528 3202
47 2985
160 3203
3204 75
1016 3205
3206 38
3207 133
3208 234
216 3209
893 133
554 3210
647 125
590 727
1754 207
1550 3211
1762 1213
145 125
3212 787
130 3213
345 3214
3215 262
2359 653
41 1129
377 3216
421 3217
51 171
674 3218
137 1401
2522 428
3219 361
540 3220
1255 325
128 3221
5 3222
441 3223
258 1835
377 3224
505 1035
3225 75
381 1021
1188 3226
350 3227
186 3228
1001 3229
274 1761
51 288
336 1430
860 1126
2542 1035
3230 207
47 517
3231 839
1261 412
2404 213
3232 562
3233 197
3234 207
352 3235
49 307
366 2742
391 3236
921 1711
536 890
647 3237
3238 544
103 47
3239 807
218 96
100 155
3240 47
276 3241
3242 369
243 3243
1894 3244
830 3245
284 629
3246 487
3247 229
2949 9
381 3248
735 921
160 3249
455 972
2057 3250
1265 216
181 523
1984 133
265 3251
3252 807
3067 98
276 3253
107 121
187 3254
670 3255
1354 389
1001 88
10 3256
130 134
504 558
346 3257
95 3258
181 3259
345 644
77 3260
3261 39
3262 207
113 68
92 3263
1293 208
352 3264
3265 348
284 3266
3267 268
47 3268
258 3269
134 901
791 100
3270 807
79 1396
3271 246
336 1106
554 699
343 3272
3273 197
2264 117
444 3274
143 1537
18 3275
661 3276
6 3277
1543 98
3278 322
769 218
343 3279
3280 310
1736 372
3281 333
123 266
1789 2651
3282 927
85 3283
3284 204
765 75
49 3285
2447 377
3286 425
202 252
44 3287
3288 880
726 115
3289 79
3290 288
3291 10
921 3292
271 519
1782 3293
409 613
3223 682
394 98
1289 169
3294 387
604 630
3295 921
3296 1352
1882 3297
444 3298
3299 152
3300 92
489 430
3301 224
307 3302
1859 155
3303 249
415 3304
958 2473
1223 363
3305 1742
495 2128
1685 890
751 1767
646 444
177 613
41 3306
668 2336
305 3307
3308 630
73 1746
148 3309
2749 453
130 2898
3310 336
3311 822
1482 1605
1812 1123
379 346
393 1437
208 3312
766 3313
3314 989
921 3315
79 3316
697 3317
3318 169
205 268
60 3319
456 3320
218 3321
3322 221
391 3323
3324 464
612 342
205 3325
73 343
745 119
1801 342
3326 393
10 3327
3328 148
70 3329
3330 208
3331 1674
110 482
455 3332
195 68
156 3333
3334 5
2362 568
222 3335
2699 376
162 3336
1568 1012
3337 429
72 556
77 2512
183 3338
556 117
3339 81
991 54
691 3340
2 3341
1919 925
118 3342
3343 719
329 3344
3345 93
2492 194
107 3346
508 98
83 3347
3348 952
1892 3349
970 3350
351 340
385 3351
1286 3352
1688 319
163 1661
716 566
1099 3353
177 3354
3355 856
455 3356
489 1759
209 952
1289 870
691 3357
415 3358
307 3285
160 3359
92 2572
1883 133
377 3360
658 366
2506 528
1609 3361
3362 207
1482 95
822 394
395 3251
1882 1894
697 3363
363 1315
3364 686
345 3365
3366 13
3367 143
1468 3368
145 3259
276 291
6 3369
3370 54
3371 361
3372 751
134 998
787 3373
647 1129
504 1761
107 2726
234 343
1042 84
218 2430
647 3374
3375 336
58 3376
3377 134
1243 921
804 597
41 3378
898 489
117 343
3379 417
1006 5
590 2512
3380 540
1217 3381
3382 1978
381 3383
3384 145
268 3385
128 2965
1550 3386
1250 232
3387 118
218 3388
470 3389
542 3390
830 3391
51 65
364 854
347 306
3392 1414
1688 61
2651 1035
3393 310
1801 597
103 3394
3395 268
3396 314
3397 830
1408 280
186 1063
1439 101
870 456
49 3398
171 3399
347 230
576 1081
3400 246
856 3401
1084 3402
110 1851
271 55
402 1887
3403 268
3404 487
265 1239
381 3405
863 3309
38 3406
207 1
3407 966
377 3250
3408 648
284 340
244 294
243 3409
822 3410
719 3411
1223 1750
136 3412
3413 562
3414 1544
470 3415
3416 348
3417 228
3418 98
3419 429
181 556
235 207
393 3420
3421 363
3422 860
63 3423
668 3424
3425 282
303 1405
1859 262
595 3426
9 3427
668 3428
716 3429
3430 697
893 2467
31 3406
105 3431
3432 260
138 3382
3433 113
3434 207
1187 970
3435 208
716 3436
1001 3437
2120 504
514 3438
3439 428
130 2106
1849 75
107 503
3440 2525
18 150
3441 890
209 3442
107 152
3443 562
3444 428
1652 1007
2571 120
713 14
3445 1248
2223 3446
3447 262
393 65
1673 37
3448 177
134 3449
3450 92
3451 338
822 2728
16 3452
181 145
945 52
2211 240
1482 2303
41 3453
351 37
1789 3454
2359 682
3377 47
3455 3456
160 307
796 113
1144 2176
3457 726
2861 117
1405 15
3458 282
2223 307
352 3459
63 1405
3460 1414
262 3461
3462 158
3463 84
3464 383
3465 542
128 351
107 3040
3466 3467
3468 856
3469 1810
3470 1978
221 478
2072 576
15 3471
535 3472
3473 544
3474 134
3475 670
211 3476
369 3477
1241 3478
490 412
699 246
123 952
3479 1762
41 3480
93 1772
3481 92
195 3482
3483 199
514 1724
2 3484
1001 3485
3486 113
393 3487
3488 795
3489 795
137 613
3490 224
162 461
585 1606
3491 61
1027 3492
804 2510
3493 377
120 340
1 58
221 3494
195 113
186 307
207 2818
418 1035
3495 68
86 1403
989 3496
134 208
566 3497
96 232
113 2841
276 394
3498 98
3499 1099
44 3500
3501 907
162 3480
693 213
221 1277
262 3502
3503 1674
9 3504
528 3505
1894 3506
3507 1134
3508 1075
3509 325
418 999
77 3510
3511 453
143 3512
888 100
3513 68
3514 84
136 3515
63 702
3516 787
38 3517
141 1902
3518 860
970 3519
668 3520
1463 412
1007 3032
63 3521
2 2270
467 3522
3523 37
3378 394
394 1376
624 442
576 3524
61 3382
1882 3525
1762 2818
1685 3526
3527 854
336 3528
903 145
1188 3529
26 58
661 3530
1188 5
393 1436
271 240
6 3531
307 3251
3532 27
3533 2112
3534 54
3535 357
719 3536
2516 585
3537 346
3538 27
3296 3539
3540 193
1349 958
142 3541
766 3542
2 3543
3544 133
3545 5
352 3546
3547 456
1217 3548
148 781
307 2437
3549 542
965 3550
3551 310
183 1081
3552 234
177 3553
641 152
1160 47
3554 280
1685 3555
3556 624
3557 75
479 904
3558 3559
34 3560
2 3162
2 3561
447 3467
215 181
381 2162
366 3562
3563 576
156 3564
1892 3565
215 145
514 3566
303 3567
754 240
3568 428
1009 860
3326 668
282 1490
3569 854
142 3570
16 3571
3572 813
437 343
470 1209
3573 278
3574 256
268 1202
284 3575
3576 13
65 3577
247 3578
130 385
162 381
801 3579
1005 47
77 3580
719 3581
965 1822
3582 284
948 255
1144 3583
576 328
3584 412
3585 676
128 1674
3586 92
265 135
288 3492
3587 169
489 65
1084 3588
218 729
540 612
719 3589
796 3033
16 3590
216 2992
156 3591
243 3415
3592 133
1669 559
1006 3593
55 737
776 399
1027 556
1365 204
3594 686
110 3004
339 3595
3596 3597
296 1211
3598 284
134 2265
3599 989
2743 987
796 3600
430 1830
77 75
1234 207
3601 1188
3602 479
135 55
1801 100
15 496
235 3603
1408 867
3604 357
3605 1865
3606 348
966 3607
47 3608
49 146
3609 366
1835 559
3610 394
830 3611
1188 3612
51 1080
352 3613
1774 113
3614 510
26 2107
81 3528
2367 478
447 562
209 3615
276 2868
61 3616
38 3617
719 3618
2745 107
160 3619
18 3620
804 3621
582 15
265 3622
128 266
1046 1080
966 3623
130 18
412 2765
670 3624
63 3625
389 3626
1966 646
479 1349
3627 970
37 1674
713 1243
21 247
1124 393
134 343
81 3628
3629 429
0 3630
48 345
240 2537
2306 289
3296 3631
3632 435
1609 1405
3633 75
646 165
597 3634
2082 2459
1209 207
3635 95
288 1134
0 1410
470 110
3636 268
1115 169
3637 169
6 1935
3334 352
158 3638
16 3639
3640 38
3641 887
3252 754
3642 158
245 3643
2284 3644
796 256
343 3645
402 3646
3647 676
199 3648
305 3649
9 3650
3651 93
162 3652
441 3653
3654 1125
366 3655
470 1488
437 3656
3657 361
514 3658
10 342
697 2692
3659 2284
207 3660
860 3661
54 3662
262 3663
674 3664
3665 854
1445 726
3666 653
2 66
369 1816
925 2618
2284 3667
796 221
970 3668
96 3669
415 252
796 2599
964 98
691 3670
256 145
3671 177
1136 3672
590 3673
776 171
415 3674
1840 3675
2399 134
1016 2522
3676 145
134 340
275 559
791 3677
856 3678
2360 1115
54 3679
199 1894
350 1357
1892 3680
72 3681
152 343
343 3682
1286 791
605 145
194 3683
456 2459
535 3684
67 3685
3686 585
1243 3577
1438 26
1688 3687
3688 216
177 509
110 254
3689 668
296 3610
299 600
843 3690
70 93
160 1436
3691 342
3692 37
181 3693
252 3694
3695 92
107 340
281 691
3696 52
807 992
221 389
10 3467
2 394
1001 860
3697 213
328 3524
1361 145
3294 213
162 100
6 320
27 3698
143 3699
1437 3700
839 1262
613 3701
776 3702
135 2468
415 2179
345 2442
197 3703
128 3704
3705 1248
1408 47
1806 489
2 3706
148 3707
3708 682
103 3709
395 3710
3711 60
49 2868
274 108
51 2128
3712 1195
3713 568
93 2087
3348 278
148 3714
3715 686
544 447
3716 207
3717 216
3718 88
265 345
366 3719
3720 5
3721 150
1464 425
113 1973
350 3722
3723 268
441 447
61 3724
3725 134
580 1126
994 1099
693 3726
787 3727
70 66
3728 13
585 100
871 150
3221 37
3729 117
791 3730
118 1125
3731 81
1 736
1739 446
63 3656
3732 595
370 3733
528 1573
1239 559
444 3734
158 3735
2223 3736
3737 47
3738 366
162 3739
607 1225
84 3740
1685 3741
1767 169
27 3742
3743 464
726 2206
96 3744
60 3745
209 3746
363 2157
81 3747
863 2102
1243 383
352 325
544 3748
668 3749
307 3750
55 505
3751 339
3752 123
3753 428
383 2024
441 3754
395 3755
55 1761
3756 3533
1645 51
3757 37
456 383
168 3758
3759 346
3760 60
265 272
262 1361
268 3761
381 3660
221 40
1688 3630
31 38
813 3762
262 3763
1241 3764
63 3765
3766 158
697 2087
2 1607
3055 428
1987 340
246 3767
1882 3768
49 644
3769 37
3770 1810
890 1246
67 3771
3772 100
156 1140
3773 613
3481 863
607 3774
500 3775
1188 3776
3559 3777
329 3778
1212 255
2130 1137
1241 3779
265 3780
1852 278
472 3781
343 2251
25 256
363 2508
186 1266
85 987
2336 372
3782 47
333 285
3783 200
3784 152
209 612
3785 556
719 3786
1806 546
2 117
612 249
54 50
807 1761
514 3787
3788 13
702 3789
34 3790
366 2781
47 3791
730 2162
3792 145
130 434
3129 1568
3198 235
554 963
171 1322
2629 47
1108 624
221 3793
175 3794
3795 280
79 378
654 402
1144 3796
3797 487
199 3798
100 3799
1509 3800
156 1121
566 1653
143 3801
84 3802
207 3803
47 3804
544 18
3805 444
691 446
1196 2616
3806 562
123 3807
229 585
363 2222
86 3808
3809 32
3810 310
134 504
693 3811
1435 562
751 3812
1882 941
3813 92
200 3814
307 3815
63 2160
3596 479
3816 58
288 303
120 1888
3817 194
3818 177
110 145
456 2865
3819 195
870 3820
1484 145
3821 434
307 3822
2 403
3823 860
580 3824
751 2709
576 3825
997 117
63 765
276 3826
100 3827
20 3828
256 1762
1006 3829
321 2116
292 3830
1001 2217
41 3831
3780 387
128 123
3832 174
2467 429
509 3833
193 400
3834 155
1127 3637
3835 303
455 3836
3132 145
899 3837
3838 158
3839 719
322 1225
580 3840
2599 0
3841 169
716 1586
194 3842
41 3843
3844 369
3845 347
322 413
171 3846
1585 597
16 3847
41 3848
123 893
183 2206
3849 93
208 1250
49 3850
303 3851
3852 562
3853 907
443 1027
32 3854
1856 3855
2138 278
3856 60
289 1408
551 568
305 3857
3858 509
1688 3859
751 3860
113 1762
235 1242
307 3861
371 1107
134 282
3862 509
1574 93
2962 92
489 282
447 3863
787 3864
700 107
489 181
3865 98
3665 670
3866 235
352 3867
3868 1669
103 3869
3870 340
3871 418
77 1138
1482 3872
105 600
1801 791
202 3873
289 3874
109 152
489 965
3875 648
14 120
262 3876
1837 3877
1018 80
339 2309
3878 348
3879 987
3139 3880
70 1708
3881 268
107 96
3882 366
143 461
3883 1414
495 2855
85 3884
3885 860
47 2779
2650 158
3886 562
352 3887
3888 75
27 824
3889 952
3067 366
1007 3890
105 3891
130 3892
345 3893
922 294
93 922
3894 27
49 3895
907 3896
65 1065
113 100
162 3897
3898 68
3899 648
3900 653
342 1888
3901 278
2254 624
363 3902
793 670
307 3903
47 3904
1524 597
177 155
371 802
10 3186
3905 1217
3906 830
126 795
213 3907
595 3908
887 3909
3910 562
300 2702
181 648
3742 328
1754 148
731 3911
186 2144
103 3912
3913 54
3914 314
2418 544
952 2027
1020 3421
3915 921
262 3916
731 3917
63 1469
2284 3918
430 3919
3920 670
1468 3921
3922 342
860 3923
218 3924
63 3925
199 1053
31 3926
128 2616
265 3927
288 92
1544 479
113 3928
2265 208
3929 479
63 3253
3930 514
1118 1018
3931 2211
495 146
630 1439
1084 1369
3932 428
186 3933
776 3934
211 3935
370 2867
107 168
47 3936
73 3937
3938 294
636 3939
209 3940
691 3706
1550 3941
2772 559
2660 3942
155 3943
554 3944
1762 3945
843 2248
352 3224
243 3946
128 3947
155 1323
945 3382
444 3948
796 3949
51 191
419 83
2144 996
3950 352
83 1403
3951 32
3952 296
186 3953
186 3954
3955 169
3956 284
372 3957
130 583
3958 429
3959 345
751 3960
92 3961
989 507
3962 260
1490 1035
265 1761
903 394
3963 3964
3965 568
3966 444
3807 751
88 3175
73 2301
303 1935
2416 3967
34 3968
110 600
3969 294
34 3970
402 1266
668 3971
3132 152
213 3972
183 2304
1401 3973
3974 653
318 213
3975 372
1685 1438
3976 1127
321 3977
1243 1659
3978 88
2 64
303 3979
455 1047
364 2402
3980 1023
345 1063
716 1495
282 1283
781 3981
1396 3982
177 120
73 3983
3984 54
299 428
647 146
93 3985
306 348
113 256
3986 428
381 3987
338 3988
10 3989
3990 0
3991 1414
670 3992
6 191
385 3993
470 243
120 155
3994 1401
128 3995
3996 514
3997 250
218 3998
1789 3999
109 234
174 896
434 952
117 4000
2 4001
556 1767
1894 2650
796 1522
970 4002
0 4003
1211 479
170 1035
4004 989
128 2435
1365 289
470 4005
556 1376
1669 4006
235 4007
68 804
100 3739
566 2321
1806 4008
4009 256
1901 101
136 4010
187 4011
156 4012
1127 4013
4014 1223
559 376
107 100
37 4015
2925 4016
978 4017
415 1328
393 4018
1562 444
51 726
1685 195
4019 314
4020 169
769 556
2001 92
528 4021
566 4022
3246 207
4023 2284
1630 133
32 4024
4025 13
103 4026
2068 133
965 1231
234 4027
822 4028
4029 907
4030 137
2007 152
34 4031
284 4032
155 4033
807 394
4034 246
1248 2759
1892 4035
225 446
994 417
156 37
3892 208
0 1217
142 4036
58 4037
4038 542
381 4039
2611 15
4040 100
4041 509
211 4042
41 4043
29 340
647 4044
1328 1550
385 974
590 4045
243 3366
1786 624
470 4046
3242 361
70 4047
1544 393
893 278
292 4048
372 414
2322 597
177 1229
305 247
887 4049
1474 4050
3915 93
1878 262
49 4051
1882 379
4052 1401
258 4053
651 1018
965 998
113 86
55 558
4054 294
105 3122
4055 907
1027 125
387 417
4056 1188
1314 888
3312 232
3250 686
4057 113
84 4058
38 4059
470 4060
523 107
1238 4061
661 177
156 1323
204 4062
192 68
1238 4063
271 4064
221 4065
41 4066
4067 158
1711 294
751 2256
284 4068
464 4069
4070 1
345 1408
2687 624
2685 624
719 780
136 81
4071 676
389 222
85 4072
4073 807
92 4074
65 770
952 4075
4076 38
51 2517
393 66
4077 795
4078 207
417 4079
2300 372
4080 893
307 2671
4081 0
500 4082
1624 15
187 4083
769 4084
4085 145
296 4086
2954 169
2 2367
155 682
430 1759
1336 441
1001 1167
83 4087
284 351
630 4088
2442 1414
4089 795
385 1888
3649 595
110 966
713 948
4090 152
4091 79
4092 693
1865 4093
1127 4094
1482 4095
421 4096
336 4097
863 148
1286 340
143 4098
952 4099
646 576
4100 143
371 4101
41 4102
73 4103
4104 682
796 4105
105 2911
271 1761
580 207
4106 542
84 4107
523 145
4108 92
568 4109
600 145
130 1027
292 4110
148 2037
101 2616
1661 2569
890 1123
296 4111
75 587
1144 2829
4112 446
4113 624
796 2815
4114 31
730 4115
402 2020
4116 1016
4117 5
4118 27
510 1438
455 4119
77 2030
345 4120
4121 75
262 4122
514 4123
418 559
177 833
265 1023
965 4124
893 849
202 4125
183 4126
1001 1479
1924 630
4127 305
856 4128
83 781
4129 776
3553 613
4130 766
32 4131
3472 597
77 1617
229 451
3508 333
27 4132
921 1971
162 4133
1063 428
300 4134
284 4135
4136 1430
2586 4137
123 1019
966 4138
171 4139
237 2863
893 2809
495 398
3868 559
4140 268
155 4141
4142 98
307 217
352 4143
1401 4144
2624 1894
183 821
554 1697
455 4145
4146 305
3679 213
345 834
402 4147
418 4148
4149 509
4150 200
768 854
2003 39
265 379
1882 4151
4152 1123
787 4153
403 98
4154 37
3417 1020
289 4155
578 2385
4156 280
4047 668
4157 177
4158 393
235 256
4159 88
716 585
697 4160
647 2868
2815 417
41 4161
554 3121
4162 352
152 4163
2698 145
148 1246
202 251
336 865
243 4164
363 962
3330 232
3239 670
393 208
305 4165
183 1349
544 4166
4167 1115
29 134
647 4000
4168 77
441 4169
592 425
193 2130
414 1035
4170 624
234 2742
88 246
292 4171
554 412
1669 2759
952 1017
177 4172
262 4173
187 4174
221 4175
215 417
345 4176
4177 39
234 4178
4179 32
26 4180
322 4181
4182 9
3599 444
3147 213
1840 4183
4184 394
1568 133
4185 839
215 152
874 120
1856 2893
268 4186
305 3738
186 240
899 4187
2639 970
73 3977
1006 4188
4189 425
229 4190
1018 246
3883 1894
1856 4191
1628 339
989 539
830 4192
4193 79
54 213
379 240
446 1017
4194 133
2658 221
181 125
345 2826
1001 4195
925 4000
134 4196
4197 668
49 4198
4199 479
4200 352
49 4201
4202 915
1457 456
4203 597
385 98
4204 216
336 256
218 4205
4206 428
402 2692
3800 429
4207 966
2 1661
152 4208
1359 394
67 4209
307 901
265 1323
4210 268
54 4211
1001 2723
1018 613
391 4212
4213 624
965 811
430 1207
540 113
235 4214
393 4215
4216 731
395 4217
83 4218
51 4116
4219 357
691 1222
1144 4220
4221 169
455 727
70 642
4222 549
181 3384
791 1054
4223 1544
4224 1401
4225 970
224 4226
4227 795
1676 446
731 4228
434 4229
1806 4230
4231 145
4232 305
70 2731
41 1535
105 989
1001 381
72 1620
160 1484
276 4103
600 171
4233 342
1151 363
595 4234
352 1208
791 4235
843 4236
1046 4237
383 4238
4239 325
4240 544
860 4241
156 4242
107 417
528 2279
989 612
1463 246
60 1529
4243 75
724 169
3252 1669
4244 393
345 200
265 1592
209 4245
3728 95
51 343
1396 4246
1144 4247
79 3385
16 4248
751 2528
989 3431
716 368
921 94
1006 4249
69 209
1561 1661
4250 970
2144 4251
1609 396
152 394
199 4252
276 4253
554 524
221 3733
2 169
796 775
167 98
4254 917
590 4255
4256 114
455 4257
4258 464
4259 92
4260 2284
4261 13
88 2326
430 4151
171 4262
1789 807
4263 93
455 1892
211 4264
4265 278
1006 2205
289 3
1415 494
865 1
288 770
103 4266
590 2618
1001 268
385 4267
128 684
2459 3040
4268 234
181 194
4269 464
1669 418
95 4270
222 113
86 4271
70 343
4272 854
796 4273
4274 288
63 4275
4276 224
1286 3099
1102 100
679 56
590 1592
1023 4085
276 2142
595 4277
504 698
3136 47
642 278
860 4278
2548 168
162 4279
374 199
509 4280
1216 0
61 4281
149 61
58 736
2815 256
495 4282
262 4283
927 893
4284 339
2680 4285
754 2651
4286 377
4287 1018
4288 155
77 4289
4290 394
265 1835
199 4291
4292 376
568 4293
229 804
47 2952
514 4294
328 4295
130 208
479 4296
1568 2429
169 4297
4298 280
595 4299
51 321
4300 37
544 179
383 4301
331 47
647 117
2106 4302
3166 489
479 810
155 3261
600 4000
218 4303
776 4304
647 4305
352 4306
4307 646
3559 4308
4309 766
4310 137
2571 562
4311 169
921 4263
128 600
18 4243
4312 95
1774 107
1445 528
4313 585
4314 216
558 1035
274 65
1007 4315
4316 113
4317 1430
77 4318
4319 81
952 922
4320 177
4321 305
29 1780
4322 61
195 4323
1894 2616
616 4324
4072 199
1397 245
607 4325
791 4326
160 4327
265 2564
646 171
134 232
796 4328
860 4329
95 1724
2 1708
4330 60
51 1192
3817 1195
4331 682
4332 84
4333 444
1609 726
4334 54
197 3786
2 1357
134 379
393 770
92 723
3889 278
9 4335
1635 576
4336 177
274 340
915 4337
300 26
921 4054
1241 4338
1445 866
4339 113
183 1488
1856 4340
234 4341
389 1889
1726 73
4342 134
1 3630
4343 376
1792 282
4344 177
41 4345
195 229
67 4346
4347 280
177 4348
136 816
322 4349
690 1661
1248 1035
345 710
321 3983
1016 1209
4350 1099
3729 907
34 4351
6 2106
489 4352
1482 4353
200 3506
240 1761
2 1053
31 4354
181 1195
379 174
345 272
925 343
322 4355
1127 4356
307 429
18 1038
489 232
2106 3298
4357 383
1669 807
2211 807
4358 429
1158 79
662 325
195 4359
4360 280
461 343
647 394
274 96
4116 428
130 379
4361 830
3382 686
26 256
4362 1238
514 2860
4363 280
350 2286
1902 1360
221 4364
2090 81
4365 562
77 2203
4366 989
4367 93
4368 314
282 343
209 3348
4369 155
1027 4370
807 158
1882 896
218 4371
4372 562
726 107
3377 345
381 4373
207 1246
5 838
130 414
915 2049
156 1724
130 282
1020 4374
1474 4375
540 86
1618 464
258 4376
381 3087
58 4377
4378 328
4379 246
4380 1109
1016 4381
1898 893
177 4382
4383 974
630 860
4384 1882
181 879
372 4385
4386 103
307 503
381 4387
138 4388
1354 370
1468 4389
171 4390
1404 394
697 4391
495 1205
1719 719
56 4392
978 4393
284 4394
1474 2711
4395 393
4396 294
29 3352
907 922
54 3895
3889 209
211 4397
145 417
2037 68
1001 4398
1324 47
43 149
927 133
2269 776
2664 417
535 113
200 807
187 4399
2057 4400
430 4401
4402 361
1762 58
18 241
429 4403
4404 342
20 970
500 4405
525 1
616 4406
51 444
383 4407
4408 280
1109 4409
408 145
1239 1035
207 2145
766 4410
284 4411
952 4412
4413 1396
393 4414
207 4415
4416 412
265 680
3456 2422
284 4147
171 4417
262 897
4418 199
54 4419
4420 268
171 2024
2020 1414
1704 1661
311 268
149 75
1018 537
152 96
208 232
839 4421
4422 1243
183 576
2056 18
638 1195
4423 719
1640 958
783 1812
745 4424
235 4425
4426 376
791 4427
4428 860
691 1401
2294 152
262 4429
92 4430
276 4431
716 237
171 1454
3953 133
1027 600
691 4432
361 4433
4434 133
4435 1371
691 4436
4437 232
260 649
171 3666
576 360
156 2111
919 13
2124 149
4438 783
430 4439
3212 162
697 592
3559 4440
1840 1228
4441 464
4442 925
4443 268
4444 204
719 1535
769 1243
243 107
4445 37
27 1373
372 1607
495 1607
595 4446
447 4447
4448 843
393 446
4449 393
1550 1595
2 4450
4451 791
646 479
434 4452
393 1371
381 4453
342 940
4454 280
54 4455
4456 305
479 4457
134 572
795 816
274 3213
143 4458
4459 213
393 408
1223 4460
63 2855
9 4461
697 197
134 4462
9 4463
4464 860
204 4465
4466 262
461 2286
308 169
697 4467
31 4385
4468 624
3654 118
5 4469
395 4470
68 597
716 726
303 1469
2519 624
1838 613
2189 130
769 120
216 4471
989 4472
4473 342
381 4474
447 268
328 4475
4476 487
467 4477
113 4478
1109 4479
647 3875
52 1376
966 4480
590 4481
796 4482
81 987
221 1468
58 4483
38 4484
1001 719
4485 347
336 4486
776 4487
470 4488
1127 4489
1294 693
107 75
4490 195
1957 49
470 4491
385 4492
63 4493
699 795
4494 377
307 729
3025 93
783 1075
580 4495
4496 726
4497 13
4498 989
4499 893
978 213
604 726
830 4500
81 4501
389 195
697 4502
4503 682
455 4504
1840 3172
680 901
101 1888
4505 197
93 1971
186 4506
3009 394
90 68
132 893
237 4507
379 232
160 2538
542 4508
4509 1238
2144 1238
2127 93
2743 455
89 4510
691 4511
347 4512
890 4513
183 51
265 1834
47 4514
156 523
395 4515
528 746
3132 376
4516 1401
3534 213
730 4517
726 4385
366 98
352 4518
402 275
2838 1401
239 271
25 3259
415 41
4519 970
4520 149
4521 595
2769 1136
181 1201
4522 342
366 4523
441 562
4524 361
456 3040
3059 92
9 4525
63 4526
754 2772
4527 280
4528 839
49 3132
156 4108
4529 428
4140 79
4172 1401
4530 81
751 2294
540 865
4531 540
181 2815
1084 413
4532 61
85 4533
187 4534
72 4535
136 4536
4537 1840
3557 149
195 686
4538 899
4539 23
1568 893
177 546
1902 2131
4540 357
336 647
289 345
1023 387
134 4106
4541 444
2057 553
245 4542
2815 145
791 4543
1524 107
70 4544
4545 169
418 2461
18 4546
105 398
3285 145
70 4547
209 4548
1720 268
1708 668
1468 4549
197 1643
1856 1401
128 1152
4550 1023
4551 27
2138 93
556 3875
719 2997
284 3732
1468 4054
668 4552
336 4037
952 4553
2037 597
73 2215
489 393
456 4554
740 1851
34 3578
4555 630
3377 314
415 4556
245 4557
1685 4558
412 795
4559 148
1902 2829
2306 271
1217 736
990 989
1136 4560
4561 434
343 4562
4563 92
92 4564
1167 624
665 568
300 2139
4565 429
207 4566
218 4215
135 807
186 4567
479 4568
3649 247
292 4569
34 1136
554 4570
4571 1016
1742 4572
3444 394
222 256
381 4573
1023 3285
349 394
92 4574
1676 93
2650 75
27 4575
4576 686
776 4577
783 321
795 2765
9 4578
107 1357
4579 952
16 4580
4581 113
282 174
130 965
2066 145
1856 569
626 174
1046 531
437 1767
26 145
156 4582
2144 340
155 4583
593 658
4433 152
195 4584
130 2381
3811 978
26 100
296 307
822 4449
915 4585
134 867
925 145
2120 55
54 4439
1856 4586
4587 37
1241 4588
92 1724
4589 247
1789 4590
1223 3575
766 4591
12 194
2808 1894
4592 278
444 4593
4594 830
2 1618
34 861
4595 453
284 4596
4597 566
4598 10
970 542
271 4599
1018 120
2314 52
595 4600
4601 169
766 4602
265 307
921 1469
234 1439
1243 4603
4604 578
73 2893
2419 719
81 4605
4606 280
169 4607
4608 86
4609 833
576 3666
641 376
395 4610
156 4611
434 4612
4613 100
307 3290
171 4614
3880 294
391 4615
1127 4616
352 447
1396 810
4617 60
590 266
4618 200
61 2619
4619 303
38 4620
4621 595
85 113
552 39
18 4622
181 3785
228 4623
1688 58
504 1325
120 94
4624 38
336 1762
1027 321
528 882
4625 1810
156 4626
32 4627
292 1617
839 96
4628 174
4629 13
9 3498
282 232
84 4630
4631 366
1468 1343
2124 68
1100 1137
393 1207
4632 280
152 169
4633 247
105 4634
899 4635
1084 409
134 111
4636 1401
31 4000
4637 500
307 4638
830 3590
93 668
3368 294
128 1064
402 1414
4639 863
646 65
1001 3087
155 613
787 3630
114 107
175 4640
3735 653
409 624
314 4641
1112 54
4642 37
130 120
592 339
183 401
989 2128
107 153
4643 383
136 4644
1023 321
566 4645
697 4646
1902 562
455 412
4647 613
446 285
887 2224
3095 75
387 3755
32 4648
1007 228
393 4649
292 4650
68 4510
3251 376
2091 39
616 4651
197 777
72 303
3140 152
4652 37
2492 1195
284 4653
776 4654
52 4655
55 1779
14 921
141 100
70 922
4656 213
787 4657
145 4658
1046 799
79 4659
917 4660
391 4661
307 4662
292 4663
47 111
4664 1
754 1669
211 4665
489 4666
391 4667
4668 143
1894 807
3728 194
26 86
181 1464
54 4669
4670 37
467 1841
590 77
288 107
72 2649
385 1855
754 737
1647 597
61 4671
250 4672
1507 4673
4674 682
55 807
4675 444
79 205
4231 417
1618 117
4676 137
4677 1016
965 55
208 340
307 4678
366 1978
952 2159
4679 1195
2685 363
63 1468
4680 697
4681 401
54 2741
2832 500
307 4682
237 2114
791 1780
4683 1401
209 4684
1016 28
4685 597
300 1438
336 235
1810 4686
402 3914
4687 95
434 357
455 4688
616 4689
495 125
444 4690
92 396
4691 1238
1618 208
2472 75
4692 207
4693 55
670 4694
171 4695
2144 559
1965 51
4696 843
16 3543
2074 152
183 1392
4565 444
1346 181
363 860
447 4697
65 340
387 4698
208 414
580 2353
4699 1661
156 2720
804 4700
134 1761
77 4701
907 4702
691 1708
4703 428
1882 2865
350 4704
4705 79
134 2481
175 4706
730 4707
951 278
204 4708
2211 372
595 4709
81 1198
4710 1016
489 379
284 4711
4712 348
4713 839
553 39
37 4714
89 4715
282 340
58 4716
2528 232
709 1115
292 128
647 4717
107 169
123 2236
207 4718
4719 2284
441 4720
3849 361
18 2387
4721 213
4722 37
915 4723
4724 1840
38 1017
4725 429
1234 890
47 4726
467 4727
229 100
4728 697
304 4729
554 4730
51 479
1217 1
234 4731
4732 268
716 1237
702 340
100 918
148 4733
86 2841
123 4734
3676 216
2472 149
1137 4735
676 4736
187 4737
4738 1865
839 478
305 3519
402 4019
329 4739
272 867
31 1607
1352 377
1188 4740
4741 216
4391 152
4742 113
186 4743
32 4744
4745 213
274 134
4746 394
1474 4747
1856 2346
72 4748
4749 193
16 4750
77 18
2397 807
41 4751
1006 1208
81 4752
2743 81
4753 860
4754 342
305 4755
41 4756
276 1051
171 958
4757 1856
193 250
1609 1415
81 4758
350 4759
4760 107
4761 73
2128 216
1340 4762
100 4763
470 4764
4765 32
10 1283
142 4063
10 1649
130 38
4766 860
4019 1414
247 4767
209 4768
1956 303
84 4769
183 600
807 266
4770 13
907 464
791 1123
1144 1856
38 208
464 4771
1286 73
177 4772
3284 487
2538 542
1708 600
171 4654
4773 113
1495 342
1856 4774
2461 559
171 4577
4775 199
4776 300
776 1475
350 1474
1188 4777
1243 2128
268 4778
1838 2107
514 4779
4780 348
3377 289
156 351
1856 3149
510 256
4781 1035
156 4782
590 4783
204 44
495 3734
208 252
1609 15
597 4784
455 4785
1001 4213
1810 2134
1789 3156
2144 394
41 3941
300 361
1457 2459
4786 169
4787 256
966 2438
29 1795
2223 731
4788 989
4789 93
284 1563
456 171
31 4072
0 4790
4791 228
4792 945
4793 54
3335 113
9 4794
88 4795
4796 280
145 4797
1241 2251
4798 453
32 4799
152 4800
4801 145
299 429
385 4802
4803 372
4804 314
470 2087
4443 10
3968 1007
27 360
893 75
2300 437
697 4805
152 254
4806 310
2723 32
4807 5
1652 2197
822 1971
307 4808
18 884
171 4809
51 646
1894 1414
41 4810
2492 181
4811 98
542 2868
271 1063
199 35
276 1982
822 4812
1286 29
136 987
1695 114
3737 345
130 4813
145 649
470 585
1248 1058
329 4814
160 543
4815 907
186 132
65 1238
4816 766
65 394
0 4218
4817 921
3731 336
205 1225
2284 4818
4819 255
4820 843
542 161
3112 377
274 208
4821 2
576 2262
2217 624
73 4011
4362 113
51 3676
4822 342
978 4823
386 169
1006 1609
691 1739
4824 453
4825 93
4826 470
339 724
4827 246
199 2530
893 4828
51 1322
1685 536
171 4829
613 4830
4831 860
4832 927
181 1458
2530 807
4833 117
105 120
4834 27
655 1238
34 381
4835 54
4836 348
566 1019
754 3832
1244 314
4544 152
4837 113
1425 377
372 4838
4839 155
1188 3732
2 4840
4841 1188
412 1225
1040 216
1436 107
237 4842
554 4843
221 1837
1478 978
2805 15
138 316
4844 670
113 1116
4845 199
3438 1661
4846 791
79 816
221 113
769 1445
4847 1524
600 1349
769 383
51 2954
1669 2772
181 321
709 478
63 4848
4849 843
4850 907
4851 88
1118 110
4852 428
4853 1435
1007 4854
4855 339
2223 730
4362 280
4856 339
625 2459
208 343
145 152
4276 974
398 394
149 4857
455 2625
4858 75
860 4387
919 1195
4859 342
243 4860
18 4861
68 2633
552 1810
4862 79
585 4863
434 208
4864 193
2795 300
595 171
100 4865
4866 13
1669 1239
195 4867
745 4868
3931 9
1601 731
1020 4869
1243 948
1007 4870
4871 137
183 1767
305 2667
296 3596
211 4872
1882 271
489 391
296 2814
1869 568
143 1849
237 4442
4873 84
3728 246
552 4874
4875 682
3261 1137
1482 4876
379 559
237 394
925 4305
243 4005
1856 665
921 4877
4878 444
3547 870
509 4879
113 4880
444 2593
4881 113
3105 114
670 4882
191 576
84 451
4883 970
105 1556
336 207
4884 18
27 4885
867 2826
514 2828
336 4317
1902 447
489 870
284 4886
966 4887
1524 288
4888 670
1707 1544
1507 52
638 648
177 1401
130 3312
4889 970
776 1640
105 4890
345 111
590 1887
4891 1035
479 2385
514 4892
409 795
1046 1892
754 4893
32 4464
246 1401
568 4894
105 4116
2068 893
4263 278
4895 958
1507 4896
4897 1930
966 4898
218 4899
207 4900
95 638
1213 39
440 1195
113 3170
4901 133
136 4902
75 241
4903 674
4904 425
4106 152
504 1616
197 4905
4906 348
186 1568
197 4907
164 224
370 2927
208 1788
307 4908
26 1661
54 2974
514 4909
4910 568
646 4378
4911 79
41 2016
265 160
887 1513
822 398
85 3033
160 73
54 3972
731 4912
528 383
274 1445
880 4913
193 3103
15 4914
160 1982
70 4915
787 2149
4916 352
647 4917
16 4918
265 240
4919 207
4920 95
49 4921
791 4922
4923 92
83 597
143 4924
4925 156
197 4926
2128 417
4927 646
68 4928
4929 38
898 965
4930 860
4413 987
1061 4931
434 232
403 1371
1243 746
54 1564
54 4932
1286 1987
2189 218
1688 4933
4934 668
162 2302
213 4935
276 4936
3557 150
504 1231
31 4937
1127 4938
4939 54
1837 2606
853 1544
1856 4940
4941 907
4942 464
514 4943
4944 568
31 2512
4945 697
177 3988
417 394
93 4838
754 174
4420 624
768 364
345 2481
107 643
9 4946
387 4079
107 4947
2687 860
4948 509
907 4949
446 4950
595 4951
304 4952
4953 357
3208 4954
4121 893
4955 361
3887 325
2692 204
69 15
363 4956
3370 197
630 228
4619 72
72 1405
893 4957
417 125
1046 1192
336 1
18 2397
402 904
100 4958
134 2934
3198 81
130 764
54 4745
691 1851
2014 801
186 133
18 149
989 4959
697 1053
4960 860
1001 4961
