1157 1465
0 1
0 2
2 3
4 5
4 3
5 1
6 1
6 7
6 8
7 8
7 3
9 10
9 3
10 1
11 1
11 12
11 13
12 13
12 3
14 1
14 3
15 16
15 3
16 1
3 17
3 18
3 19
3 20
1 17
1 19
1 18
1 20
21 22
21 23
24 22
25 22
26 27
28 27
28 29
29 30
31 32
31 27
33 34
33 32
33 35
34 36
35 37
38 37
39 27
40 37
41 42
41 37
22 27
43 27
44 45
44 46
46 47
47 48
48 49
48 50
50 51
50 52
50 53
50 54
50 55
54 56
55 57
55 58
55 59
57 58
58 56
56 60
56 51
51 61
51 52
61 52
62 49
62 63
63 64
52 65
52 66
52 60
52 67
52 64
52 68
52 69
52 18
67 65
67 70
67 71
70 72
72 68
68 73
73 74
69 75
74 65
74 75
74 76
77 75
65 78
78 76
53 45
79 80
80 81
80 82
80 83
80 84
80 85
86 87
86 88
87 89
89 90
90 91
91 92
88 93
94 95
94 93
95 96
96 97
97 98
98 99
99 100
100 92
101 102
101 93
102 103
93 92
93 104
93 105
93 106
92 103
92 107
104 108
108 109
109 107
110 111
112 111
113 111
111 114
111 115
114 116
114 117
117 118
118 119
115 120
120 119
120 121
120 122
120 123
120 124
120 125
121 126
121 127
121 128
129 122
130 131
123 132
123 131
124 133
124 134
124 135
136 132
132 137
132 138
132 139
139 140
137 141
141 135
141 142
135 143
135 144
66 145
66 146
66 147
66 148
66 149
66 150
66 151
66 152
66 153
66 154
66 155
66 156
66 157
66 158
66 159
66 160
66 161
147 162
151 163
151 164
151 165
151 166
163 167
155 168
159 169
159 170
159 171
159 172
159 173
159 174
159 175
159 176
160 177
160 178
160 179
160 180
160 181
160 182
160 183
160 184
179 185
170 186
187 188
187 189
190 191
190 188
190 192
193 194
193 189
194 192
194 189
194 195
192 196
192 197
192 198
192 199
192 200
192 201
192 188
192 195
192 202
192 191
192 203
192 204
192 205
192 20
195 206
195 207
195 196
191 208
191 209
191 210
191 211
210 212
204 213
204 196
204 214
196 215
196 216
217 216
218 219
218 220
218 216
218 20
20 219
20 221
20 220
20 222
20 223
20 224
20 212
20 225
20 226
20 227
219 228
220 229
220 230
220 231
230 232
230 216
212 233
234 235
234 236
234 237
234 238
234 239
234 240
235 241
235 242
238 243
238 244
238 245
238 246
238 247
238 248
238 249
238 250
238 251
238 252
238 253
238 254
237 255
237 256
243 257
243 258
257 259
260 261
260 262
260 263
260 264
260 265
260 266
260 267
260 268
260 269
260 270
260 271
271 272
271 273
271 274
271 275
271 276
271 277
271 278
271 279
271 280
271 267
271 270
271 281
270 282
270 283
270 284
270 267
270 285
270 268
270 286
270 287
267 282
267 288
267 289
267 285
267 290
267 291
267 276
268 286
286 292
286 293
286 287
293 287
287 294
287 295
295 292
282 296
296 288
288 297
297 289
272 298
298 274
274 299
274 281
299 275
275 290
275 300
291 300
277 301
277 302
301 265
265 303
265 304
303 305
305 306
306 279
279 302
307 278
307 308
308 309
308 269
309 266
310 264
310 304
264 311
311 294
261 262
261 284
263 283
281 273
304 266
312 313
312 314
312 315
312 316
312 317
312 318
312 319
312 320
319 321
319 320
319 322
322 323
323 324
325 326
327 326
328 326
329 326
330 326
326 331
326 332
326 333
326 334
331 332
332 335
332 336
332 337
338 335
339 335
340 335
341 335
335 336
335 342
335 337
335 343
335 344
335 345
335 105
335 346
343 347
343 348
349 350
349 351
349 352
352 353
353 350
353 354
350 355
351 356
356 357
355 358
355 359
358 360
360 361
359 361
359 362
362 363
361 364
361 365
364 366
363 367
367 368
357 369
369 370
370 371
371 372
372 368
368 366
368 373
366 373
374 375
376 377
376 378
376 379
376 380
376 381
376 382
376 383
376 384
376 385
386 387
386 388
386 389
386 379
390 383
391 375
381 392
381 393
381 394
395 396
397 384
380 398
399 384
384 385
385 400
385 396
385 398
385 377
385 401
396 383
402 382
403 404
404 383
404 405
404 406
404 407
404 382
408 382
382 401
409 401
410 411
410 401
401 412
387 413
413 414
413 383
413 388
413 415
416 375
388 383
388 379
388 239
388 375
389 379
379 394
379 392
379 239
379 375
417 393
393 383
105 418
105 419
105 106
105 420
105 280
105 421
105 346
105 422
314 423
314 418
423 424
424 425
424 426
424 81
418 427
418 106
418 280
418 428
81 429
81 430
81 280
81 203
106 280
106 431
421 432
421 280
421 433
421 434
421 346
280 432
280 427
280 419
280 203
280 434
280 18
203 161
203 18
434 435
434 346
434 239
239 236
239 436
239 18
239 346
346 437
161 438
161 439
161 18
161 125
18 236
18 440
125 438
125 236
125 441
125 442
438 441
438 443
236 444
445 446
446 447
446 448
446 444
446 449
446 450
447 451
452 448
448 453
448 454
453 455
456 457
449 458
449 459
450 444
450 460
450 461
450 462
458 463
457 464
464 454
454 444
454 465
454 466
466 467
467 468
468 465
444 465
444 469
444 470
444 471
444 459
471 472
473 459
459 474
459 475
475 476
469 465
465 477
478 479
478 420
480 479
480 481
480 420
481 420
420 482
420 483
420 479
482 479
483 479
484 419
485 419
485 486
487 486
488 419
488 486
489 486
490 486
491 486
492 419
492 486
493 494
493 495
495 496
496 497
498 499
498 497
499 494
500 494
500 497
501 497
501 502
502 494
502 503
504 494
504 503
505 506
505 494
507 503
507 497
508 509
508 510
511 510
511 512
509 513
514 513
514 422
515 510
515 422
512 422
516 497
516 422
517 497
517 422
506 503
494 503
494 518
503 510
503 497
497 518
497 422
510 513
510 519
513 422
422 520
519 520
521 426
522 523
522 426
523 524
525 526
526 527
526 528
526 529
530 531
530 426
532 533
534 426
535 426
536 426
537 538
538 539
538 540
541 542
541 540
543 544
544 426
545 546
547 426
548 426
549 550
549 426
551 426
552 553
552 540
554 555
554 426
556 557
558 557
557 426
557 559
557 560
557 561
562 563
562 564
562 565
563 566
567 568
565 569
565 426
565 561
561 570
571 426
568 426
566 426
572 573
572 426
573 574
573 575
533 576
577 426
578 540
540 426
540 579
580 426
531 529
531 426
529 426
581 426
582 426
576 583
583 584
574 585
555 426
584 585
553 426
586 426
546 587
546 426
588 589
590 589
591 589
592 593
589 594
589 595
589 593
589 596
589 597
589 598
589 599
600 601
602 599
603 599
599 604
599 605
599 606
599 425
599 607
608 593
593 609
593 610
593 601
611 425
612 425
425 601
425 613
425 614
425 615
425 616
425 617
425 618
425 619
425 620
621 601
601 622
601 623
601 624
601 625
601 626
601 627
601 628
629 442
630 442
631 442
632 442
633 442
633 634
635 636
635 442
635 634
635 637
638 442
638 634
639 442
639 634
640 442
640 634
641 442
641 634
442 642
442 643
442 644
442 634
442 637
644 634
645 152
646 152
152 647
152 648
152 649
650 439
651 439
652 439
439 653
439 654
439 655
439 656
439 657
439 658
439 659
439 660
439 661
439 662
658 663
658 664
664 665
664 660
666 655
667 653
653 668
653 654
669 654
654 670
655 671
671 672
672 673
673 656
674 670
670 675
675 657
657 659
657 23
659 676
659 677
659 678
677 679
680 660
660 681
679 682
682 665
683 684
683 685
683 428
686 687
686 428
687 688
687 689
687 373
687 428
687 690
428 691
428 692
428 693
428 694
694 430
695 696
695 697
695 698
696 699
699 700
701 702
430 703
430 704
430 705
430 706
430 700
704 697
707 708
707 698
709 708
709 706
706 710
706 703
710 711
710 712
703 705
703 713
711 714
714 715
716 717
716 715
712 717
717 231
713 718
718 719
718 231
719 702
231 720
721 437
721 722
722 437
722 723
722 724
722 725
722 726
723 727
727 437
726 437
437 728
437 729
437 730
437 731
437 732
437 733
437 724
729 734
729 730
730 735
730 731
735 736
736 731
731 737
737 732
734 732
732 733
733 738
733 724
738 724
724 725
739 740
739 741
739 742
743 744
743 745
744 746
746 433
747 433
747 748
748 433
749 433
749 750
750 751
751 752
751 753
752 754
752 755
752 756
757 758
757 759
757 756
758 433
758 760
758 761
759 762
756 762
756 763
756 764
763 764
764 765
765 766
762 767
768 767
768 745
769 767
769 770
769 771
772 766
772 770
766 773
766 767
766 770
433 774
433 767
767 771
755 775
775 760
754 776
776 777
777 778
753 779
779 778
780 432
781 782
781 783
784 782
782 785
782 786
785 787
787 788
786 788
783 432
788 432
788 789
788 790
788 791
788 792
432 793
793 789
794 795
794 796
796 684
684 685
684 797
685 798
798 799
799 800
800 795
795 801
801 802
803 804
803 805
804 805
804 797
806 807
808 807
807 809
807 810
807 811
807 812
807 443
807 813
814 813
815 813
813 816
813 443
813 817
813 818
819 816
820 816
821 816
816 822
816 443
823 443
824 443
443 825
443 826
443 827
443 741
443 810
443 828
443 829
443 830
443 831
443 832
833 827
834 827
827 741
827 835
836 741
741 810
741 837
741 838
741 839
741 840
810 841
810 842
810 843
844 845
226 440
19 440
440 846
440 847
846 848
846 849
850 851
851 848
848 852
849 853
853 854
854 855
855 720
720 856
720 845
857 852
857 858
858 859
858 860
858 861
860 862
856 862
862 863
863 864
865 864
864 866
867 868
867 866
869 870
870 871
871 868
868 872
872 873
873 861
859 874
874 847
875 876
876 877
876 878
877 878
877 879
878 879
879 880
880 881
880 882
881 883
882 688
688 884
688 885
688 886
884 883
883 887
883 888
887 889
890 891
890 889
890 892
888 891
888 889
892 893
886 894
894 895
895 896
895 893
896 897
897 898
898 899
893 899
900 901
900 902
900 903
904 902
904 903
905 901
905 906
903 906
906 907
906 431
906 908
908 909
909 910
909 911
910 912
912 913
913 911
913 914
911 915
916 915
915 431
914 917
917 918
918 431
918 919
907 431
431 920
431 921
431 922
431 923
431 924
431 925
919 920
924 926
926 927
927 920
920 928
920 921
928 921
921 929
921 925
929 930
929 931
922 925
923 925
925 932
925 933
925 934
925 931
925 935
934 901
901 936
936 937
937 938
938 939
939 935
935 940
935 941
942 940
940 932
930 943
941 943
943 944
944 945
944 946
946 947
947 948
948 945
435 949
435 950
435 951
435 952
950 953
950 954
950 952
950 955
951 952
952 956
952 949
952 957
952 958
952 959
959 958
960 961
960 953
961 962
963 953
963 964
965 953
965 957
966 967
966 949
968 958
968 967
954 967
954 957
954 955
967 969
967 953
969 953
953 957
953 970
953 962
971 949
971 964
964 972
964 973
972 974
972 973
972 975
974 975
974 970
976 958
976 949
956 977
977 957
949 958
957 970
970 973
441 978
441 979
441 980
441 981
441 982
441 983
441 984
441 985
441 986
441 987
441 988
979 989
979 990
979 991
979 992
979 993
979 994
979 995
979 996
979 980
980 997
980 998
980 999
980 1000
980 1001
980 1002
980 1003
980 1004
980 1005
980 1006
980 1007
980 1008
980 1009
980 1010
980 1011
980 1012
980 1013
980 1014
980 1015
980 1016
980 1017
980 1018
980 1019
980 1020
980 1021
980 1022
980 1023
980 1024
980 1025
980 1026
980 1027
980 1028
980 1029
980 1030
980 1031
980 1032
980 1033
980 1034
980 1035
980 1036
980 1037
980 1038
980 1039
980 1040
980 1041
980 1042
980 1043
980 1044
980 1045
980 1046
980 1047
980 1048
980 1049
980 1050
980 1051
1039 1052
1042 1053
1051 1054
1055 1017
1056 1057
1057 1058
1057 1059
1058 1060
1059 1061
1060 1062
1060 1063
1061 1064
1061 1065
1061 1066
1062 1065
1065 1067
1065 1068
1067 1068
1068 1069
1069 1070
1069 1071
1070 1072
1071 693
1072 691
691 693
691 1073
691 1074
1075 1073
1076 1077
1076 1078
1076 1079
1076 1080
1076 1081
1076 1082
1076 692
1076 1083
1083 1077
1083 1084
1083 1085
1083 1086
1083 1087
1077 1088
1077 1089
1089 1090
1090 1091
1091 1092
1092 1093
1092 1094
1093 689
1094 1095
1095 1096
1096 692
692 1078
692 1097
692 689
692 1086
692 1098
689 1099
689 1100
689 1101
689 1086
1086 1102
1086 690
1086 1103
1103 1104
1105 1104
1105 1106
1106 1098
1098 1107
1098 1101
1107 1108
1107 1109
1109 1100
1109 1102
1110 1101
1101 1111
1101 1112
1111 1113
1113 1097
1097 1114
1114 1099
1114 1115
1114 1116
1116 1117
1117 1078
1078 1099
1078 1118
1078 1080
1118 1119
1119 1120
1119 1121
1080 1122
1080 1120
1122 1088
1123 1124
1123 1125
1085 1126
1085 1124
1085 1127
1128 1126
1128 1127
1128 1129
1127 1130
1129 1131
1131 1132
1130 1132
1126 1079
1079 1124
1079 1133
1079 690
1124 1133
1133 1082
1133 1084
1134 1084
1084 1135
1084 1136
1084 1137
1135 1082
1081 1137
1081 1138
1138 1087
429 1139
429 1140
1141 1142
1142 1140
1140 1143
1140 1144
1140 1145
1140 1146
1140 1147
1145 1148
1145 1149
1150 1148
1151 1148
1152 1153
1153 1154
1154 1155
1155 1146
1155 1156
1143 1139
