2383 2886
0 1
0 2
3 4
5 6
7 8
9 10
9 11
9 12
9 13
9 14
15 16
17 18
17 19
17 20
17 21
22 23
24 25
24 26
27 28
29 30
29 31
29 32
29 33
34 35
36 37
38 39
38 40
41 42
43 44
45 46
45 47
48 49
50 51
52 53
52 54
52 55
56 57
56 58
59 60
59 61
62 63
64 65
66 67
68 69
70 71
70 72
73 74
75 76
77 50
78 79
80 81
82 83
84 85
84 86
87 25
87 88
89 90
91 92
93 94
93 95
96 97
96 98
96 99
100 101
100 102
100 103
104 105
104 106
104 107
104 108
109 110
109 111
109 112
113 114
115 116
117 118
119 120
119 121
119 122
123 124
125 126
125 127
128 129
130 131
132 133
132 134
135 136
135 137
138 37
139 138
139 140
139 141
142 143
142 144
142 145
142 146
142 147
142 148
149 150
151 55
152 153
152 9
152 154
152 155
156 157
156 158
159 160
161 162
163 149
164 165
166 167
166 168
169 95
170 171
172 173
174 175
174 176
174 177
174 178
179 180
181 182
181 183
181 184
181 185
181 186
187 188
189 89
189 190
191 192
193 51
194 195
196 197
198 199
198 200
201 202
203 204
205 206
205 207
205 208
209 210
211 212
213 214
213 215
216 217
218 219
218 220
221 222
223 224
225 226
227 228
229 230
229 231
229 232
233 234
235 236
237 238
239 240
239 241
239 242
243 244
245 246
247 248
247 249
247 250
247 251
252 253
254 255
256 257
256 186
258 8
258 259
258 260
261 262
261 263
261 264
265 266
265 267
268 269
270 271
270 272
273 274
275 276
275 277
278 279
280 281
280 282
280 283
284 285
286 287
286 288
289 290
291 206
291 292
293 294
295 219
242 56
242 296
297 298
297 299
300 301
300 302
300 303
300 304
300 305
231 306
231 307
231 308
309 310
309 311
312 171
312 313
314 315
314 316
317 318
319 131
320 321
322 323
324 279
324 325
102 326
102 122
102 29
102 327
328 137
329 330
329 331
329 332
267 333
267 334
267 79
335 336
335 125
337 338
339 340
281 341
281 342
281 343
344 257
345 346
345 203
347 348
347 349
347 350
351 252
352 353
352 354
355 356
357 358
357 359
360 178
116 361
362 363
364 365
366 367
366 368
369 370
371 372
371 373
374 375
376 377
378 379
378 380
381 382
383 50
384 385
384 386
384 387
388 389
390 391
392 393
394 75
395 396
395 397
395 143
398 389
399 400
399 401
402 365
403 404
403 405
406 407
406 79
408 409
410 411
410 412
410 413
414 415
416 278
416 417
416 418
416 419
420 421
422 423
424 425
424 258
424 426
427 428
427 429
430 220
431 432
433 434
435 436
437 438
437 439
440 441
440 442
443 444
443 445
307 446
307 61
447 448
447 449
447 450
447 451
447 452
453 262
454 329
454 455
106 456
106 457
106 458
106 459
460 461
462 463
462 464
465 466
467 468
467 469
470 471
470 334
471 472
473 39
474 475
474 476
477 478
479 480
479 481
479 482
483 449
483 484
485 486
485 487
485 488
72 489
490 230
192 215
491 492
491 42
491 426
491 493
494 495
372 496
153 32
153 263
497 498
499 450
500 456
500 410
501 502
501 503
501 504
501 505
506 95
506 507
508 509
508 510
511 512
511 513
514 515
516 517
516 518
505 519
520 521
522 193
522 523
522 524
522 525
526 527
526 190
526 528
529 530
531 532
533 534
535 536
535 537
535 538
539 540
539 541
542 543
544 325
545 546
545 547
548 411
548 549
550 551
550 552
550 553
550 447
550 449
550 554
550 555
556 377
556 557
558 559
558 560
561 562
563 235
563 74
564 565
566 567
566 568
566 569
566 570
571 572
573 574
573 575
573 576
573 577
578 10
579 580
579 581
579 582
583 584
585 586
585 587
588 375
588 589
588 590
588 591
592 593
594 595
594 596
594 294
594 597
594 475
598 599
598 71
600 601
602 395
602 603
602 604
602 144
602 605
606 607
608 609
610 214
610 611
612 613
612 614
155 615
155 616
155 617
618 619
618 620
618 621
622 623
624 625
626 627
626 628
553 156
553 629
553 630
553 631
553 632
553 280
553 633
634 635
634 569
636 289
637 638
639 216
640 641
642 643
644 645
646 647
648 74
649 650
651 652
651 653
158 654
158 655
158 656
657 658
657 158
657 659
657 660
657 306
657 282
661 662
663 664
665 666
665 667
668 669
670 376
559 671
99 672
99 673
674 580
675 676
675 677
678 134
678 254
6 679
680 681
680 682
683 684
683 495
685 686
687 253
688 689
690 691
692 693
692 694
695 696
684 697
698 699
698 700
698 701
698 702
698 703
704 252
705 356
706 707
706 497
706 370
706 708
709 710
709 711
712 713
712 714
715 716
715 717
718 662
718 719
720 721
720 722
723 724
725 515
725 375
696 726
696 727
696 728
696 729
696 730
141 641
731 50
732 733
734 735
734 736
737 738
739 522
740 110
740 741
742 743
744 162
745 255
745 746
296 747
296 748
749 750
751 752
753 754
753 755
753 756
757 758
759 467
759 760
759 761
759 762
763 764
763 765
83 766
767 768
769 770
769 771
148 96
772 773
772 774
35 775
776 777
776 479
778 57
779 780
779 781
779 489
782 692
783 784
783 785
547 171
547 786
547 787
788 789
790 791
790 792
790 61
793 428
793 442
794 795
794 796
797 798
797 694
799 110
800 801
802 803
112 606
804 805
804 806
807 246
111 808
809 810
811 812
811 813
814 815
814 816
814 233
817 818
819 820
819 821
822 823
822 824
426 825
826 827
828 774
829 830
831 832
831 660
831 659
831 833
834 835
834 836
837 40
837 79
838 405
838 839
840 117
841 73
841 44
842 843
844 129
308 845
846 37
847 848
849 850
851 157
851 852
853 182
854 169
854 855
856 857
856 858
856 486
859 860
859 861
862 863
129 864
865 641
866 405
867 868
867 869
870 871
870 872
873 672
874 137
875 876
877 871
878 879
880 881
882 532
883 884
883 885
886 887
888 889
888 415
890 756
891 892
891 644
891 893
894 895
896 897
236 54
236 898
236 899
900 901
900 421
902 619
903 600
576 904
905 906
905 707
517 897
517 907
517 908
909 910
909 60
911 912
1 913
914 915
916 917
748 918
919 19
920 160
921 922
921 923
921 924
921 925
921 926
927 928
421 341
617 929
930 931
932 933
934 935
934 637
489 936
713 937
713 123
713 871
938 939
940 941
940 942
943 729
944 945
944 946
63 818
63 947
282 382
282 948
949 407
950 279
950 951
952 376
953 857
953 954
953 488
955 956
955 957
958 424
958 959
960 961
960 962
960 963
964 965
964 488
966 543
967 968
967 969
967 970
967 971
972 973
635 228
635 28
298 974
298 975
175 976
175 201
175 232
175 977
461 978
979 980
981 455
982 176
982 232
982 405
983 984
768 985
986 687
986 987
988 989
562 990
562 991
992 993
992 994
995 996
997 998
999 1000
999 1001
1002 682
86 1003
86 1004
1005 1006
1007 333
1008 1009
1008 1010
1011 879
1011 350
1012 1013
1012 562
1012 1014
1015 1016
1015 533
1017 1018
40 853
1019 728
1020 382
942 1021
1022 52
1023 1024
1025 487
1026 58
1027 1028
1027 340
1029 1030
1029 1031
1029 227
1032 974
1033 736
1034 1035
1036 1037
1038 1039
1040 1041
1040 327
1042 1043
1042 1044
1045 386
1046 1047
1046 1048
1046 1049
518 1050
276 1051
276 1052
276 1053
1054 26
1055 716
1055 1056
1055 1057
1055 432
1058 17
1059 328
1060 1061
1060 1062
1060 1063
1060 1064
1060 1065
1066 137
1067 1068
1069 803
1069 79
1070 1071
1072 157
1072 1073
1074 1075
1074 177
1076 784
1077 1033
1078 331
1079 1080
1079 1081
1082 230
1082 1083
1084 1085
1086 329
1086 942
370 95
1087 1088
1087 1089
1090 1091
1092 120
1092 1093
1092 1094
818 589
738 1095
738 255
738 1096
738 254
970 1097
970 771
353 1028
1098 1099
413 1100
1101 922
1102 1103
1102 840
1104 1105
1104 1106
1107 1108
1107 972
1109 1110
1109 975
1111 1112
1111 1113
1114 1115
1114 520
1116 1117
1116 79
1118 1119
1118 1120
755 1121
318 1122
318 333
1123 1124
1123 277
1125 1013
1125 1126
1127 1128
1127 225
1129 705
1129 1130
1129 670
1129 220
1129 1131
1132 1133
1132 180
124 362
1134 1135
1136 1073
266 119
266 1137
1138 53
1138 1139
1140 1141
1140 1142
1143 917
747 757
1144 1145
1144 1146
1147 1148
1149 774
1149 1150
1149 1151
1149 894
1149 1152
1153 1154
815 1155
1156 1157
1158 599
1158 1159
1160 1161
1162 1163
1164 1165
1166 1167
1166 1168
1169 1043
1169 584
1170 1171
1170 1172
1170 1173
1170 270
1174 1175
1174 1176
1177 1145
1177 319
1177 1178
1177 1179
1180 634
1095 1181
1182 93
1183 1184
1185 365
1185 1186
1187 1188
1189 521
676 1190
108 101
108 1191
1192 876
184 889
1193 605
1193 1161
1194 1179
1195 1196
1197 1198
1197 365
1197 892
1199 700
1199 1112
671 1200
1201 1202
1201 1203
1201 1204
1201 1205
1206 1207
1206 1176
1208 762
1208 1209
1208 1210
1211 1212
1213 980
1213 1214
1215 1103
1216 854
1217 1218
1217 904
1219 1220
1219 448
1221 275
1221 1222
946 1223
1224 1225
1224 171
315 455
1226 1227
1226 1228
1229 394
1229 22
1131 1145
1230 1231
1106 1186
1232 1233
1234 1226
1234 724
1234 1235
1236 185
1237 562
1237 1238
1239 602
1239 99
1239 1240
1241 1242
812 1243
1244 321
1244 1245
1246 1247
1248 1038
1248 1249
1250 635
1250 1251
568 1030
1252 1181
1252 1253
1254 1255
1256 242
1256 1174
1256 1257
1256 385
1258 253
1258 1232
1259 786
1259 1260
1261 1262
1263 1264
1263 1265
1266 222
1267 746
1267 738
1268 1269
1268 1270
1271 1272
1271 1242
1273 1274
1094 1275
1276 584
1276 61
1277 804
1278 1061
1278 1200
1278 725
1279 766
160 333
1280 222
47 1281
1282 426
1137 471
1283 1284
1285 1286
1285 1287
1288 889
1288 380
481 292
1096 1025
1289 276
1289 426
1289 997
1289 1053
1290 1291
1292 1293
1292 1037
830 1042
830 1294
1295 345
1296 1297
1296 1298
1299 1300
1299 948
177 1001
177 809
1301 1302
1303 53
1304 1305
1304 738
1304 254
1306 1294
1306 973
1307 18
1307 1245
1308 1309
1308 1310
1308 1311
1308 1312
1308 1313
1308 1314
1315 641
1316 1317
1318 1078
1318 1319
1320 289
1320 1321
1320 507
1322 1323
1324 284
1325 956
1325 774
1326 1013
1326 1327
1326 1328
1326 1329
1330 730
1331 1332
1331 89
1331 1209
1333 43
1333 74
1334 1335
1141 1336
401 1337
973 88
1338 1339
1340 310
1340 1134
889 39
889 1091
1037 1205
1341 117
1341 1342
710 1343
710 1344
710 1180
1345 1346
1347 272
1348 1349
1350 1351
1350 941
939 1352
939 1353
1354 1355
1354 1356
1357 908
1358 740
1358 1343
81 1359
1360 697
1361 1362
1361 1363
614 1364
1365 1366
1365 751
212 915
212 1189
1367 543
1368 1369
1370 969
1370 1371
1372 283
204 1373
1349 220
13 1160
1374 1375
1374 1376
1377 126
1377 501
1377 1378
1377 1379
1377 519
1380 1381
1380 1382
1383 1384
1383 1299
1383 1385
1346 1320
1386 535
1387 844
1388 76
935 247
965 773
965 137
1389 1199
1390 1391
1390 1392
1393 114
1393 246
1394 240
1395 723
1396 720
1396 17
1397 1398
365 645
1399 1400
603 146
1401 373
1401 1402
14 145
1403 670
1404 409
1405 575
323 224
906 506
1406 1349
1407 1408
1407 624
1407 1362
1407 1281
1407 482
1409 1410
1409 228
1411 1412
1411 1413
415 1414
1415 201
1415 1416
1415 1417
1418 1419
1418 1375
631 1420
631 1421
631 539
631 228
631 1422
1423 947
1423 1424
633 631
633 1425
633 210
1426 1427
1426 961
1426 1428
1426 1429
1430 666
432 848
432 1431
1167 1176
1432 370
1433 113
459 1434
459 326
386 1435
386 1436
835 1437
761 580
761 1438
1439 1161
1440 1441
1442 1443
1442 1444
1442 1445
1446 414
1447 1439
1448 343
387 1234
387 1137
387 471
387 1449
1450 1325
1450 1051
1451 1202
1452 1050
1453 1454
101 1455
101 17
493 1456
1457 1458
1457 1459
1460 1461
1460 1462
795 1463
795 360
795 1464
1420 540
1420 541
1465 1466
1467 867
1467 1468
1327 686
1327 1123
1327 1012
1469 412
438 1470
438 351
438 1471
1472 1473
1472 279
703 1260
1474 1475
1474 918
1476 1477
1478 842
1478 1479
145 1480
1481 1482
1483 1484
1483 1485
1486 1433
1486 807
1487 576
248 433
1488 1489
1488 1490
1488 1491
1257 239
1257 948
1492 370
1493 1368
1494 1045
1494 1495
1496 1078
1379 1497
1379 125
1498 1499
1498 1500
1501 1502
287 1212
287 577
1503 1504
1503 310
375 1505
375 560
1506 187
1507 1508
1509 868
645 798
645 1186
645 1510
1511 342
1512 1247
1513 1514
1041 154
1041 1515
1516 279
1516 154
1516 1517
1176 618
1176 619
1176 912
1518 923
1519 705
1520 1521
1520 722
428 1089
1522 901
1523 1524
1525 1526
1525 835
1527 1528
1529 466
1529 495
1529 1530
1529 1531
1274 1336
1532 998
1533 1534
1533 1535
1536 153
1536 375
1536 696
1536 1537
1538 502
1538 1379
1539 998
1539 1328
1540 53
1540 1541
1425 1542
1425 1543
1544 239
1544 1545
1546 1352
1546 1547
1548 1549
1342 1302
1550 1352
1550 823
1551 428
1551 1275
1392 1086
1392 1552
1553 804
1554 734
1335 1555
1556 1557
1558 1559
1560 1561
1560 1562
1500 1274
1563 99
1563 604
1564 1565
1566 601
1567 1568
933 1026
933 966
933 1465
1569 1139
37 1570
1571 1115
1572 853
1573 1473
1573 1336
178 1034
178 1574
178 1506
1575 27
1576 1577
1576 890
1578 1579
1578 1580
1578 1490
1578 1581
1210 1582
855 389
120 1583
120 1584
120 429
120 264
1455 244
1455 752
1585 1390
1585 1377
1585 1586
1585 1057
1587 79
1588 586
1589 1395
1589 204
1590 843
1591 1592
1591 1540
1591 1593
1594 953
1594 1595
1596 1597
1596 1598
1596 256
1596 1236
805 1599
1600 1601
1600 907
1602 650
1602 1603
1604 1208
1604 1605
1604 36
1604 759
1606 936
1606 1607
628 1608
1609 1131
1610 1446
1611 1059
1611 1066
1612 643
1612 1336
1613 1500
1614 896
1615 1109
1616 470
1616 1308
1617 1618
1619 110
701 1620
701 313
701 896
796 1621
1622 694
1623 399
1624 1067
1624 190
1534 1541
1534 1139
1534 44
1429 1449
1429 50
843 1479
1625 99
1549 1590
1549 358
1626 283
1626 996
1627 1505
1628 121
1628 1014
1629 1577
1629 1630
1631 67
1631 1632
1633 117
1633 601
1634 1424
1385 1588
1385 1491
1385 1635
1385 1603
1385 1636
1385 1637
1638 1639
714 792
1640 1641
1642 1434
1642 222
1642 122
1643 1015
549 95
1644 1645
1644 954
652 1646
1647 21
1647 1648
228 460
760 1649
760 1650
760 1210
1651 1184
1651 1652
1651 1653
1651 1654
1655 1364
1656 436
1657 696
1657 1334
31 1658
31 1502
1659 44
1660 1661
1662 914
1663 716
1663 1664
806 1661
1355 1665
1666 1667
1666 484
1668 537
1668 538
1669 1670
1669 1564
1671 1144
898 1672
898 647
1673 245
1673 1674
1673 1675
1676 582
1677 714
1677 231
1677 282
1678 564
1678 884
1679 1680
1681 372
1681 1682
1683 1684
1685 53
1685 388
1686 1168
1686 1258
1687 813
1687 72
1688 734
1689 791
1689 489
1690 1218
1690 1336
1690 1691
1692 1283
1692 1693
1692 35
1694 1695
1694 1696
1697 1698
1699 1523
1165 202
1165 1700
1701 1702
1701 1703
1704 652
1704 509
1705 1706
1707 358
1707 1708
1707 1709
540 424
555 1356
555 592
555 1710
555 23
1711 1712
1711 1713
1714 424
1714 1715
686 500
686 706
686 326
892 1716
892 1105
892 645
1717 1718
1719 1002
1719 655
1720 1721
1722 1723
1130 219
803 1091
1724 1579
1724 270
1725 157
131 376
1653 1726
1727 1330
1727 1120
1727 524
1728 1729
1728 1433
1119 1019
1730 1731
1730 1208
1730 580
1732 1733
1734 1735
1736 56
1736 241
1737 892
1737 512
53 1352
1738 378
1739 386
2 1740
1741 1315
1741 1203
554 76
554 1742
554 224
1743 1744
1743 1745
1743 1746
1743 1110
1747 1748
346 194
346 1509
238 1749
238 1750
1751 204
1752 1753
1754 522
1754 1482
1755 1440
887 1756
1757 1758
326 53
409 1759
409 881
409 1147
1760 1532
1760 1761
1760 1023
1762 836
1762 808
1763 1764
1763 36
1763 1201
1763 921
1765 1766
1765 887
1767 1455
1767 320
1767 1648
1768 1769
1770 1771
1772 226
1772 607
1773 1292
1773 1201
1774 1775
1776 1091
1776 184
1777 789
1777 782
770 1039
1778 1271
1778 466
1779 1780
1618 1373
1781 560
1782 1783
1784 1785
792 1786
1048 364
1787 1668
1559 1100
1788 252
1789 959
1790 1007
1791 1315
1791 1792
1793 1794
1793 61
1421 1795
1796 1050
1797 1798
1797 1128
1797 1799
1800 666
1801 1546
1802 434
1803 333
1499 1804
1805 1645
1805 953
1806 1807
1806 923
1806 1485
1808 535
1808 1425
978 7
103 1809
103 1133
103 1810
103 1811
103 1812
103 698
596 1113
1504 1813
1814 1815
1814 464
1351 821
202 1188
1816 370
262 1087
1817 67
1817 3
1818 405
1075 1726
1795 738
1795 254
1819 1820
1235 1563
1235 1109
1235 142
1449 1087
1821 389
1822 1412
1822 1823
1822 1264
1822 1453
449 266
449 387
1824 1330
1825 1617
1462 276
1826 1235
1826 1239
1826 1791
801 1827
1828 542
1829 255
1829 745
49 1337
1830 305
1831 1832
1833 1783
1833 979
472 1834
472 1517
1014 372
1014 496
61 1835
61 65
61 1836
910 1837
1838 1839
785 1840
785 1841
1842 1843
1842 1844
1845 1661
1845 274
1845 1846
1845 1720
1847 349
1847 878
1848 1849
1242 609
1444 1850
1851 926
1852 151
1853 1854
1855 1783
1713 1315
1713 89
1713 1699
1713 1856
1364 1857
1858 1859
1858 1860
1858 1861
1862 1822
1862 1863
1862 1864
528 1315
528 1865
1866 915
1866 1033
1827 88
1867 1868
441 1869
1050 1870
1871 1872
810 188
199 1873
199 1874
199 1875
1876 1139
1876 1672
1877 1878
1879 53
1880 448
1262 35
385 677
1154 409
1154 1477
660 658
660 1881
660 1882
660 1883
263 1597
263 1869
263 257
1864 1109
1864 1529
630 92
630 1884
630 1885
630 1787
630 1886
630 1887
1344 1850
567 1888
567 569
1889 1890
1064 1891
1882 1892
1893 1351
1893 215
230 1894
230 1895
230 1896
230 4
1897 201
1898 613
1898 333
908 1899
1437 480
863 1635
1900 1467
1900 1901
1902 141
1691 288
1691 1903
1904 423
1497 1905
277 1426
1906 1783
1906 1000
1428 358
1428 1709
1428 1121
1907 1390
1907 1873
1907 1055
1907 1391
534 1908
534 1439
1909 1910
1110 1911
1110 436
1110 1293
1110 1265
1729 215
1912 572
1912 1913
1028 1706
1028 1914
1915 750
1915 1446
1916 1288
1917 1918
1917 1919
1920 1214
1921 1092
1921 1857
1922 1463
1922 1878
1922 177
1923 74
1924 78
580 469
232 1271
1925 1581
1925 1926
1925 1637
1927 1928
1929 523
1930 1526
1930 1716
1931 258
1931 825
1932 1933
1934 1935
1934 225
1934 1374
1670 1476
1006 1076
1936 1565
1937 1328
1937 1938
1937 1939
1937 541
1940 15
1940 827
1941 401
1942 1910
1531 609
672 1160
311 1771
311 1943
1944 362
1944 1945
985 1272
1946 1744
1946 1656
1946 926
1947 1660
1179 1891
1948 1051
1949 53
1949 1593
1950 1951
1952 770
1953 492
1953 1954
1955 561
1955 1556
1955 957
1955 1557
1641 990
1641 498
765 234
1956 1116
1363 970
217 1957
1958 1670
1958 1565
1959 1960
789 1197
1961 691
1961 1475
1961 1578
1961 80
1961 513
1962 1581
301 1680
1287 496
1157 1148
1157 1476
1605 928
1605 1963
961 358
1964 288
733 1237
733 991
1965 1966
1967 1927
1967 41
1968 1969
1968 1970
1971 720
1971 751
1972 1570
1972 1973
1972 1974
1972 674
1975 1018
1975 1197
1976 1977
1976 1978
1976 1979
1980 1339
1980 1756
721 1366
1981 1271
1982 342
1982 1448
975 1983
975 1484
975 1984
1985 785
1985 1299
1986 575
1175 912
1175 1987
937 1786
743 409
743 844
1988 1765
1989 1563
1989 1990
1991 717
1991 1431
1992 236
1993 67
1993 1264
1994 78
1995 1996
929 735
1997 157
1997 1998
1997 1999
2000 1780
259 1928
1305 133
1021 246
1021 1049
1021 807
2001 1047
2001 1170
154 1336
1674 807
2002 1253
1284 35
2003 1366
2004 1386
2004 883
2005 2006
2005 525
820 876
1703 151
632 719
2007 361
2007 26
2007 1607
1311 333
2008 1583
2008 1697
2009 2010
2009 664
2011 238
2011 724
2012 1300
869 224
2013 367
2013 323
1905 2014
20 2015
20 1440
2016 1421
2016 1221
2017 1200
2018 1543
2018 916
638 506
2019 426
2019 1052
423 354
423 2020
423 984
2021 843
2022 732
1938 1779
1938 255
1938 1298
1938 746
1938 134
2023 901
2023 1998
2024 1516
2024 1177
2024 1537
2025 181
137 1528
1521 1352
1521 1163
450 1665
1112 444
2026 319
1181 570
2027 322
836 1323
836 861
1919 1445
2028 1560
2028 2029
448 2030
2031 450
2031 1751
2032 1696
2032 1409
1881 195
2033 2034
2033 1394
2033 1233
1748 1670
1748 2035
157 1143
157 1753
157 1495
1708 2036
2037 765
2038 1770
2038 885
1010 845
1758 222
1758 1879
1097 1740
2039 1380
2039 1562
2040 405
1400 1352
1400 2041
484 2042
1398 379
11 673
452 1742
452 158
452 657
452 2043
167 1639
167 931
404 1632
1227 285
1227 237
2044 1980
2045 1896
2045 2046
2047 1425
824 722
821 945
2048 432
2048 1819
2048 1905
2048 200
2049 228
2049 1371
2050 758
2050 1017
2050 2034
2050 1966
623 400
623 380
2051 2052
2053 697
613 1364
2054 425
2054 1289
2055 2027
2055 2030
2055 2056
2057 2058
2059 144
2059 2060
2061 224
2061 1970
2062 2063
476 1112
1291 573
1291 162
2064 1042
2064 2065
2066 1147
274 1119
2067 1045
2068 387
1269 951
532 805
532 731
532 16
1517 2069
2070 1436
2070 208
1402 1456
1402 1681
2071 1140
2072 850
2072 332
2073 1470
2074 4
2075 605
2076 2077
2076 1564
458 744
458 1129
458 2024
2078 2079
2080 1658
2080 523
1620 1521
2081 1367
2082 40
2083 1352
2083 1162
2084 1960
2084 1347
2085 1214
2085 1878
456 805
456 122
2086 1582
2086 2087
2088 2089
1715 1859
1083 681
2090 1578
2090 1021
2090 1046
2090 385
2091 109
2091 1775
2091 1619
2091 2092
2093 1962
2094 1480
669 173
669 1508
183 2095
2096 1698
2096 1587
2097 1785
2097 1480
2098 819
2099 2035
2099 1476
1577 843
2100 780
2100 2101
25 994
2102 785
2102 1679
2103 2104
2103 1402
2105 2095
2106 2010
2107 929
2108 1218
2108 1515
969 711
1987 438
2109 174
2109 1907
2109 1651
2109 598
2110 306
2110 1350
2110 2007
2110 25
2111 1769
2112 1940
1798 1419
2113 1597
1100 2114
1100 2115
206 1198
1721 766
1721 726
1721 943
1721 1119
1721 2116
2117 1813
977 580
977 36
977 1791
2118 2119
2118 1431
2120 310
2120 91
2121 224
1749 2122
1630 2123
1630 2124
144 1480
144 12
2125 1784
2125 2060
2125 1324
2126 1218
2126 2015
2127 1359
2127 402
899 44
2128 2099
2129 1345
2129 1844
989 2130
989 818
2131 164
2131 1655
2043 1512
2043 1255
2043 510
2132 1171
2132 862
1983 1823
1579 2133
2130 2134
2130 2135
2130 375
774 1978
382 2136
382 2137
382 1914
1270 744
1231 1744
2138 843
2138 168
1471 2139
2140 269
2140 975
2141 2142
2141 719
2143 463
2143 484
2144 1272
2145 553
2145 1935
2145 2146
2145 883
2147 2148
2147 1740
32 818
32 334
407 2095
457 121
2149 786
2150 67
2150 1920
2151 616
2152 1701
1108 984
2153 1268
2154 1682
2036 1150
1422 540
1422 258
987 1883
777 1435
1977 2000
1733 2154
2155 1351
2155 611
2156 496
2156 2104
629 1283
629 2141
629 2117
629 1608
629 852
629 392
629 2051
2157 678
2157 2158
2157 1938
2157 487
2157 1979
1561 10
1434 44
2159 974
2160 333
2160 2161
771 2162
2163 2084
2163 2164
2163 807
2163 270
2165 216
2165 1984
2165 1839
2165 1201
2166 2167
2166 1286
2166 2022
1963 349
1963 175
1963 36
1963 1863
1963 982
356 2168
2169 260
2169 958
677 1168
677 1965
677 296
2170 2171
2170 1756
222 2172
222 2173
2174 76
2175 1723
2175 847
1888 570
2176 337
2176 1797
2177 2167
2178 1803
2179 719
1461 1237
1461 2180
2181 2170
2182 1337
2182 2168
2183 953
827 805
2184 1335
2146 2016
2146 2068
2146 967
2146 799
2146 384
1861 2185
2186 150
2186 2119
913 1885
1570 2187
2188 1445
2189 1316
1369 1695
2190 1559
2190 1346
998 1849
2191 388
1310 920
1310 1790
1310 2192
1310 1909
1310 2193
1515 1766
1515 642
1515 2194
1515 2171
1240 1516
1240 2077
2195 2101
2195 1654
2196 754
2196 828
2197 99
2197 2198
2197 143
2199 691
2199 2200
2201 895
2201 1428
1062 2202
1530 1036
2203 1422
2203 470
2203 1628
2203 2204
2205 1859
2206 798
2207 69
741 1774
2208 375
2209 1222
2210 778
2210 587
2211 888
1057 2212
1057 504
2161 2213
2161 238
2161 1122
716 1243
716 127
2089 1701
2089 1684
168 930
2214 1133
2215 163
2215 1820
2216 2217
2216 2218
1410 1789
2219 837
697 2220
697 846
2221 1482
2221 1660
1914 1854
1914 340
1914 1718
1204 2222
1636 2223
2224 557
412 506
2225 596
881 915
419 2226
419 744
419 2227
2228 1054
2228 24
872 2229
2230 692
2230 1376
330 849
2231 450
2231 1354
1809 720
1809 2232
1809 1995
2233 1176
1016 2197
85 1875
210 34
210 393
210 1575
2234 1505
2235 2236
2235 1037
2237 2238
2237 1990
858 254
1652 1723
2239 220
2240 647
1542 1886
2241 1217
2242 1100
2242 1238
2243 1320
2244 391
2245 425
2245 1800
1794 1945
2246 524
2116 2006
551 2010
551 1880
551 663
551 1493
551 2121
2247 1783
2247 689
2248 404
2249 1911
850 191
1339 1573
1339 1804
127 2250
2251 2078
2252 253
2252 2073
750 184
2253 1004
2253 1621
1844 2254
294 180
2255 2122
2255 2238
1863 976
1863 2256
1329 1831
1329 359
1329 1557
349 202
349 1868
2257 1271
2258 405
1890 222
1890 647
1913 1431
2259 547
2259 1225
1099 74
1099 1703
451 470
451 387
1601 546
1508 736
2260 1271
2261 289
2261 95
1126 1149
1126 358
1126 2254
1126 1548
2262 2148
2262 1261
2263 582
1892 1646
2264 1717
2265 1382
2265 2266
2267 1473
1413 2268
1413 580
2269 1212
1443 1437
2270 627
2270 1725
654 1299
654 282
654 893
2271 1458
2271 2084
2271 2223
2271 1959
962 963
962 6
65 2272
65 779
2273 546
2273 721
2273 2274
1047 649
1047 2200
1047 586
1047 1488
1047 2275
2276 2167
2276 2172
928 2277
928 2278
928 2279
928 1650
928 1085
928 1734
928 2087
816 2207
2280 602
2280 1161
1412 2281
1412 1202
1297 2158
2282 2159
2283 1601
1427 506
1427 1124
552 2284
552 451
552 462
1872 735
1872 1759
1843 679
2285 220
2286 2287
2286 1031
1384 941
1384 270
2194 1612
1417 347
1417 1513
1417 2288
434 1521
434 1163
176 1783
176 67
1196 202
1196 2289
299 1746
2290 1529
2290 1011
1901 1246
1135 2291
1135 1408
2292 887
2293 1887
2294 515
1122 1309
1122 2295
215 316
215 1351
2296 167
2296 5
2296 6
2297 616
2298 44
2299 597
2299 919
2300 1918
2300 46
2300 861
2301 2234
2301 2302
2301 2303
2301 1899
2301 514
2304 819
2272 872
1870 2202
197 615
197 391
2204 1402
2305 171
2306 1043
2306 682
948 1769
2307 1101
2307 1806
2308 2078
2308 1815
839 1454
2288 1867
893 438
893 1987
2309 74
1155 1317
2310 110
2310 1322
2311 1398
2312 2194
2312 1755
1935 1437
1935 644
1935 861
2313 1803
2314 1003
2314 598
2315 1271
1124 1449
530 574
2316 514
1545 2317
2318 1160
478 744
478 2319
2320 1271
2291 995
2291 625
2321 1592
251 1353
251 636
251 506
251 2322
1035 1837
306 65
306 982
1300 303
1300 1769
1300 2323
1300 1190
1080 2324
1080 2325
1080 1903
1009 1835
1009 1895
2326 1810
2326 2274
2142 1740
143 2327
2287 254
2328 1045
2328 1752
1557 2180
2329 506
2330 448
2020 1854
2020 2331
2332 1348
2332 1568
2333 298
2333 2037
2334 666
2334 1251
2324 20
2335 1163
2335 2232
2336 802
173 2244
1314 1750
2077 1507
2077 914
2337 117
2337 451
2338 243
2338 2339
2340 1996
2340 1971
2341 1783
2342 500
2343 954
396 147
2344 1822
2344 2345
2346 1062
249 94
249 2347
1595 135
336 503
2217 391
2348 1525
2348 225
1954 1860
2349 2033
2349 207
2350 83
2350 1846
2350 1501
2351 1635
2352 1782
2352 405
1933 375
1933 1568
2353 1412
2354 530
2354 2339
2355 1840
2355 2111
2356 1172
2356 1580
667 1780
655 68
655 656
655 423
655 1788
2357 2057
2357 1351
2357 330
2357 1319
2358 224
2358 368
1552 307
2359 2065
2360 48
2360 1424
2361 450
2361 499
2362 1910
496 165
2363 1683
2363 2173
2284 1861
2284 118
2164 1459
2164 1675
2364 1429
2364 1670
2364 184
2364 1517
2365 1761
2365 1527
2365 965
2366 58
845 2359
1951 325
1951 1081
2323 2366
2124 137
2367 822
2368 1783
1939 965
1939 1595
1537 573
1537 107
2369 1858
2369 1732
2370 2136
2370 340
327 720
2371 602
2372 663
2372 2330
2373 1100
2373 1152
971 970
1317 2249
1317 765
2374 704
2374 902
1769 304
1769 1828
1769 2375
2376 439
2376 620
2063 818
2063 1397
1151 1638
941 821
2377 1759
976 2256
2378 389
2378 2321
2379 405
2380 1140
2381 2142
557 49
2382 1322
2382 1442
1071 1908
1071 2266
954 2002
954 488
1832 1848
