62 159
0 1
2 3
4 5
6 7
8 9
10 11
12 13
14 15
16 9
17 8
18 19
10 15
20 21
22 23
24 17
25 23
12 26
27 2
28 29
30 7
7 31
31 9
22 28
23 27
32 33
6 21
34 31
7 35
36 21
28 3
24 37
36 15
0 25
0 17
26 38
22 31
34 19
33 39
25 26
40 34
41 22
4 36
42 20
43 21
26 19
0 27
12 44
45 46
10 4
47 9
48 23
17 34
42 49
48 29
6 35
47 34
0 33
50 30
16 26
45 51
4 43
30 29
46 52
44 46
25 22
26 34
10 42
26 27
27 53
22 27
54 9
48 18
36 46
40 12
50 8
14 36
55 9
32 7
43 36
56 46
53 38
14 52
24 33
46 15
33 21
23 57
47 17
16 8
5 46
1 19
45 15
9 37
14 10
30 38
47 48
0 23
47 16
14 46
58 52
4 20
28 26
48 31
0 39
8 59
24 13
24 34
34 9
16 22
34 13
10 20
0 31
49 20
10 60
26 33
13 19
43 6
32 24
18 35
0 22
17 9
0 26
45 14
0 28
51 61
1 13
14 51
16 34
22 26
47 8
40 9
8 27
48 12
8 34
24 47
22 33
25 48
8 39
45 5
5 36
48 35
48 19
32 0
50 7
23 29
4 18
4 49
45 52
12 33
58 15
50 35
32 35
23 39
4 12
25 31
10 46
14 5
45 10
32 50
18 6
