120 469
0 1
2 3
4 5
6 7
8 9
10 11
12 11
13 14
15 13
6 16
11 17
18 3
19 3
20 21
22 23
24 11
25 26
6 27
22 28
19 11
6 29
30 5
2 30
31 32
13 33
6 34
22 35
36 12
37 11
31 7
6 38
26 39
40 41
42 43
11 44
45 37
27 15
8 46
47 43
45 48
27 13
49 50
20 51
13 12
12 52
32 33
18 53
54 37
55 32
19 5
22 56
21 53
11 47
5 1
12 53
57 26
32 3
55 35
0 11
58 26
11 59
60 59
8 53
18 19
6 61
22 47
6 49
36 26
19 35
15 30
6 52
42 56
62 37
11 58
63 47
6 64
19 40
27 26
65 51
66 26
6 67
8 63
4 50
25 68
69 1
70 71
11 51
3 72
73 25
74 32
65 7
58 35
6 15
75 7
4 76
24 8
77 17
42 7
8 78
66 1
79 67
36 64
8 11
29 80
52 68
54 35
81 11
27 34
82 46
64 38
73 11
26 50
42 8
8 41
6 69
8 83
6 84
85 13
19 26
6 19
6 26
8 82
36 86
47 5
12 21
44 14
45 87
5 88
89 30
73 1
19 87
11 90
55 19
54 63
13 34
12 34
36 75
11 1
54 6
11 91
13 5
6 92
52 38
13 26
11 23
29 26
6 93
15 25
25 11
8 29
11 26
58 5
6 51
12 68
44 38
25 52
89 52
92 94
11 30
11 43
9 7
12 75
95 28
81 7
7 28
77 7
64 50
11 7
36 7
31 33
13 7
57 31
12 87
18 21
22 92
47 29
19 25
18 26
44 46
55 30
96 11
69 5
69 47
11 97
6 98
12 72
6 58
65 11
8 99
22 94
12 33
27 25
100 46
10 17
75 1
6 39
25 4
4 49
6 25
98 35
32 26
11 83
6 8
14 39
32 29
69 11
96 34
19 4
93 26
6 37
99 48
11 101
26 14
11 56
54 30
6 102
8 101
49 35
11 52
103 7
26 104
8 12
28 72
67 105
6 11
13 64
12 49
54 11
19 12
12 93
11 38
11 77
70 6
45 25
25 48
19 39
2 66
26 5
32 84
28 51
45 86
11 5
19 52
11 106
74 82
73 12
36 8
31 11
18 1
7 39
2 29
11 104
60 11
74 26
6 79
55 84
8 92
8 1
29 68
74 35
6 46
68 35
6 53
6 99
63 1
13 32
55 26
64 35
36 47
12 26
19 50
6 43
11 48
32 56
31 39
55 38
103 69
36 15
7 88
62 107
26 3
39 33
11 39
13 58
108 26
15 45
75 68
30 49
94 23
45 12
19 94
66 53
11 14
35 1
30 4
109 21
12 30
3 5
36 74
6 110
111 7
59 88
73 58
14 1
16 112
11 40
60 26
32 113
11 68
70 88
21 7
6 55
36 2
6 60
92 104
3 56
69 53
19 56
26 41
7 33
7 17
55 91
99 4
12 80
2 69
109 8
24 60
36 1
19 64
13 39
74 19
47 4
35 33
28 23
6 114
12 32
7 56
6 3
31 26
8 21
6 1
115 6
25 12
47 33
46 35
81 28
45 19
98 26
56 38
116 83
32 39
5 38
22 91
7 1
58 38
54 26
0 80
6 74
13 29
8 67
11 78
49 38
9 69
54 66
45 78
36 37
24 39
69 46
26 35
25 30
6 35
11 92
54 58
30 26
47 35
111 11
3 38
55 11
69 87
62 23
11 114
11 46
25 21
12 48
89 12
89 26
102 47
0 26
8 64
117 7
85 6
32 34
6 13
13 3
6 5
6 18
11 72
92 28
5 56
8 10
31 13
2 12
8 98
92 72
74 5
27 29
70 108
46 53
25 111
6 2
54 32
85 19
6 48
4 14
49 34
30 64
12 4
46 1
26 56
13 8
25 7
6 56
60 5
115 8
54 1
8 118
19 58
32 7
22 1
46 71
8 43
8 14
13 52
45 11
32 61
25 35
7 35
13 45
11 32
8 116
2 19
14 76
19 46
6 86
70 61
73 55
36 68
6 113
11 71
15 19
12 91
19 30
70 8
25 38
40 5
45 26
85 38
74 68
85 32
45 50
2 20
7 116
109 6
25 87
20 30
119 23
6 4
37 110
6 28
