212 244
0 1
0 2
2 3
2 4
5 6
5 7
5 8
5 9
5 10
5 11
5 12
5 13
5 14
5 15
5 16
5 17
5 18
19 20
19 21
19 22
19 23
19 24
19 25
19 26
19 27
19 28
19 18
29 30
29 31
31 3
31 32
31 33
34 35
34 36
34 37
34 38
34 39
36 40
36 41
42 43
43 44
43 45
43 46
43 47
41 48
41 49
41 50
41 51
41 52
41 53
41 54
41 55
41 56
41 30
41 57
41 24
41 58
41 17
41 59
41 60
41 61
41 62
41 63
41 64
51 32
52 32
52 65
54 32
54 65
54 33
32 48
32 49
32 56
32 30
32 24
32 61
56 66
56 65
56 67
56 68
56 44
56 69
30 65
30 67
23 70
23 71
23 45
72 73
72 74
72 75
76 77
76 78
76 79
76 80
76 81
76 82
76 83
76 84
76 85
76 86
76 87
76 88
76 64
84 4
89 89
89 90
91 92
91 93
91 94
91 95
91 96
71 97
71 98
71 20
71 99
71 100
71 101
71 102
71 103
71 104
71 105
71 106
107 108
107 109
107 110
107 111
107 112
107 113
107 114
107 115
107 116
107 117
107 118
107 119
65 120
65 49
65 121
65 24
65 122
85 123
86 123
124 125
124 126
124 127
124 128
57 67
67 55
67 129
67 24
67 61
67 64
24 130
131 49
131 110
131 132
131 133
131 114
131 134
131 135
131 117
131 136
130 137
130 138
130 139
140 141
140 142
143 144
143 143
68 145
44 98
44 146
44 147
44 148
44 149
44 59
44 47
150 151
150 152
45 153
45 74
45 154
45 155
33 113
33 135
46 156
46 157
158 159
158 160
158 161
158 162
158 163
161 164
61 165
69 145
69 166
167 168
169 170
171 172
173 174
165 175
3 176
3 177
3 146
3 50
3 73
3 11
3 178
40 37
40 38
37 179
38 179
180 181
180 182
180 125
180 126
183 184
183 185
183 186
183 187
99 70
101 70
4 188
4 189
121 190
73 191
73 126
73 192
73 193
73 194
113 195
125 196
126 196
197 198
199 200
201 202
195 114
195 135
93 203
196 192
204 205
206 207
66 145
208 209
210 211
