620 930
0 1
2 3
4 5
6 7
8 9
10 11
12 13
14 15
16 17
18 19
20 21
22 23
24 25
26 27
28 29
30 31
32 33
34 3
35 36
37 38
39 40
41 42
43 44
45 46
47 48
49 50
51 52
53 54
55 56
57 58
59 60
61 62
63 64
65 66
67 68
69 70
71 72
73 74
75 2
76 77
78 79
80 81
82 83
84 85
86 77
87 88
89 90
91 92
93 83
94 95
96 97
98 99
100 101
49 102
103 104
105 106
107 108
109 110
111 112
113 114
115 116
117 107
118 119
120 121
122 123
124 125
126 127
24 128
129 130
131 132
133 134
135 136
35 137
42 138
139 5
140 141
142 143
144 145
146 89
147 148
149 150
151 152
153 154
155 156
157 3
158 125
159 160
161 162
163 48
164 165
21 166
64 167
55 168
169 170
171 8
172 173
174 175
176 177
178 179
180 181
182 62
183 184
185 186
187 188
189 190
49 191
192 193
194 93
195 196
197 198
199 200
201 202
203 204
205 39
206 207
208 209
131 210
211 209
212 211
213 214
215 164
140 216
217 218
219 195
220 221
222 223
224 225
226 227
183 113
7 228
229 33
230 40
231 232
233 214
234 235
236 237
238 121
239 240
241 218
242 243
43 244
245 10
246 222
247 59
248 13
249 250
251 252
233 253
254 255
256 257
258 259
260 261
84 262
263 264
262 265
266 166
231 267
268 19
269 270
213 271
272 273
270 58
274 135
275 276
219 260
277 278
143 279
280 28
281 282
283 284
285 14
224 286
209 287
288 289
290 291
292 293
294 295
98 296
297 294
254 73
71 298
299 300
36 231
22 16
301 302
69 303
304 305
306 81
307 308
309 310
311 312
293 21
313 314
315 316
17 317
4 318
319 320
254 19
321 322
146 323
255 324
325 88
116 324
326 327
328 329
330 331
55 332
266 187
251 333
334 335
162 336
144 337
53 338
245 339
340 341
342 343
344 345
126 119
18 225
1 148
282 346
332 342
301 91
347 348
349 350
309 115
351 242
352 45
353 313
26 354
355 356
357 358
359 356
360 361
362 29
363 129
62 364
365 366
367 368
369 56
41 370
371 54
142 235
306 372
373 374
228 375
376 377
262 378
379 137
380 167
308 300
46 60
381 382
186 188
277 383
161 149
384 385
296 386
387 214
388 389
283 289
390 380
391 99
392 190
98 393
298 394
395 396
397 225
253 398
119 399
400 401
402 106
403 404
238 405
307 378
406 407
50 108
408 145
409 392
158 410
291 411
280 72
75 412
413 414
194 27
415 275
416 417
418 419
420 421
422 216
423 294
199 423
133 424
7 425
420 426
427 65
217 428
429 430
202 431
432 261
433 434
435 436
437 433
124 391
6 438
92 439
239 378
440 363
441 442
13 343
109 69
443 444
445 147
446 390
102 363
32 174
160 276
104 417
73 76
447 295
448 5
198 411
124 18
447 449
393 138
120 450
147 451
452 453
122 422
210 338
181 415
117 454
310 455
456 200
457 110
458 348
37 326
459 287
460 461
397 462
283 463
464 465
298 299
358 230
382 222
312 466
432 467
468 469
347 70
470 471
472 317
43 26
473 474
94 56
475 476
476 365
79 237
227 9
85 293
113 477
331 137
131 478
374 400
479 232
108 480
481 2
155 246
482 483
371 362
146 484
249 263
375 8
485 243
178 486
291 450
161 430
487 488
97 479
489 39
490 101
491 349
336 170
185 193
456 492
493 494
370 495
427 320
496 279
497 498
417 499
136 465
500 74
501 154
302 441
376 401
29 208
201 269
502 503
504 166
505 506
85 507
366 508
361 401
286 451
185 509
337 134
25 232
28 143
510 511
17 512
488 513
374 127
514 502
461 436
82 515
20 255
221 242
212 431
103 86
487 271
426 46
516 213
6 230
96 517
518 278
269 226
519 520
521 456
522 523
172 99
388 156
79 524
525 150
503 526
437 482
315 38
163 208
330 410
508 526
176 527
453 289
247 463
308 196
311 528
529 530
491 0
531 532
533 205
288 120
467 534
271 382
397 413
57 535
536 11
327 535
489 537
350 218
173 394
497 373
538 90
205 189
539 426
70 157
540 34
541 118
542 522
543 241
537 264
174 132
544 156
545 176
171 337
78 359
334 198
546 449
518 547
539 303
183 278
548 384
549 412
284 250
105 539
355 325
206 158
550 333
413 107
314 538
418 200
189 343
256 551
220 552
553 345
554 64
555 68
556 92
557 421
329 513
197 157
25 450
440 388
444 398
507 165
558 432
335 464
89 559
274 375
548 344
521 277
402 192
560 536
447 561
452 457
259 499
434 267
292 562
301 563
295 564
565 329
566 567
215 184
471 568
416 31
369 312
517 424
498 257
297 95
521 125
379 10
252 520
534 165
234 569
381 570
305 217
178 412
571 469
525 282
309 27
268 155
477 9
367 402
272 485
552 267
12 572
122 555
573 239
562 135
446 394
574 47
102 529
497 372
465 346
224 111
575 12
478 281
427 76
433 443
192 339
573 177
448 54
172 406
509 532
576 311
297 212
409 216
543 577
578 396
485 579
82 228
473 339
490 136
145 488
251 234
319 273
475 528
299 483
580 506
53 571
552 16
368 315
358 564
261 398
581 530
444 582
486 570
583 512
584 585
458 100
34 248
307 128
499 508
350 130
36 504
362 514
67 487
134 586
459 480
500 472
550 549
429 493
281 579
407 564
173 259
484 151
257 527
548 316
395 341
341 535
507 442
335 587
142 551
460 588
575 15
148 167
44 322
470 290
589 590
489 577
585 233
463 66
71 247
389 366
93 530
139 151
45 190
473 591
84 110
52 534
592 77
41 524
593 594
537 196
325 595
596 565
347 454
597 273
435 554
392 598
545 553
566 494
355 126
140 203
290 361
229 244
571 436
303 138
599 276
210 589
593 598
458 340
558 592
206 229
462 600
32 306
411 130
336 531
11 601
241 602
243 400
542 569
408 296
78 244
452 410
603 591
44 323
90 582
386 583
549 588
370 604
561 204
404 474
153 351
118 605
470 323
86 580
162 226
154 211
236 61
334 383
567 606
399 63
270 479
0 570
352 505
482 468
305 443
585 258
595 594
188 40
607 94
109 351
385 380
105 608
379 481
581 179
609 572
540 171
584 175
596 556
469 580
304 106
159 58
403 163
227 506
516 352
330 448
310 587
550 510
318 387
368 546
602 599
547 565
597 182
610 611
149 279
608 514
100 365
471 74
519 144
364 480
207 123
67 504
280 266
179 531
573 320
313 344
612 520
516 354
575 316
367 33
35 416
195 466
609 160
613 381
540 356
360 396
542 407
357 117
284 439
597 159
584 197
1 114
455 250
393 614
613 326
180 559
574 22
292 588
598 459
199 133
201 372
478 424
357 322
87 442
420 30
541 581
434 342
461 386
453 438
169 590
168 615
285 68
302 505
184 616
562 364
541 492
595 327
533 445
141 150
612 617
359 72
553 476
509 405
560 87
618 65
141 583
272 186
265 586
24 111
528 605
592 523
431 246
495 389
80 408
406 169
121 287
608 500
455 554
418 256
48 240
207 333
454 468
221 114
236 566
440 235
425 604
618 529
80 618
252 421
619 31
37 610
4 561
607 123
445 101
477 466
202 538
557 567
219 191
15 376
557 314
369 614
560 95
177 428
240 63
168 587
328 568
617 601
613 438
423 578
522 415
616 66
523 464
59 600
510 577
139 490
422 515
568 390
88 317
576 20
439 582
182 258
544 435
533 81
544 193
321 215
51 446
428 590
83 112
543 501
576 132
286 496
353 187
605 275
324 204
50 384
115 57
373 414
42 97
300 223
14 170
607 319
437 492
589 594
467 405
457 430
481 527
604 377
619 525
617 483
601 377
546 128
614 611
409 180
268 248
96 511
536 451
349 203
493 332
559 265
491 237
321 619
612 116
23 152
596 449
599 513
551 610
103 38
558 524
152 532
486 502
574 175
460 360
91 579
220 569
260 395
578 60
245 181
519 238
474 494
462 602
496 253
429 328
194 153
23 600
586 526
345 512
484 611
331 191
318 127
517 385
338 606
591 616
112 606
501 104
304 274
603 511
615 503
285 249
353 383
403 563
414 615
164 572
419 263
61 419
404 340
603 387
47 425
518 593
51 515
264 472
288 475
371 609
547 495
391 563
498 52
223 346
75 556
441 129
30 399
545 354
555 348
