292 1124
0 1
0 2
0 3
0 4
5 6
5 7
5 8
5 9
5 10
5 11
5 12
5 13
5 14
5 15
5 16
5 17
5 18
5 19
5 20
5 21
5 22
5 23
5 24
5 25
5 26
5 27
5 28
5 29
5 30
5 31
5 32
5 33
5 34
5 35
5 36
5 37
5 38
5 39
40 41
40 42
40 43
40 6
40 7
40 44
40 11
40 45
40 46
40 47
40 13
40 14
40 48
40 18
40 49
40 50
40 51
40 20
40 21
40 52
40 25
40 53
40 54
40 55
40 27
40 28
40 56
40 32
40 57
40 58
40 59
40 60
40 61
40 62
63 64
63 65
63 66
63 41
63 42
63 67
63 44
63 68
63 69
63 70
63 45
63 46
63 71
63 48
63 72
63 73
63 74
63 49
63 50
63 75
63 52
63 76
63 77
63 78
63 53
63 54
63 79
63 56
63 80
63 81
63 82
63 83
63 84
63 85
86 87
86 88
86 89
86 90
86 91
86 92
86 93
86 94
86 95
86 96
86 97
86 98
86 99
86 100
86 101
86 102
86 103
86 104
86 105
86 106
86 107
86 108
86 109
86 110
86 111
86 112
86 113
86 114
86 115
86 116
86 117
86 118
86 119
86 120
121 122
121 123
121 124
121 87
121 88
121 125
121 92
121 126
121 127
121 128
121 94
121 95
121 129
121 99
121 130
121 131
121 132
121 101
121 102
121 133
121 106
121 134
121 135
121 136
121 108
121 109
121 137
121 113
121 138
121 139
121 140
121 141
121 142
121 143
144 145
144 146
144 147
144 122
144 123
144 148
144 125
144 149
144 150
144 151
144 126
144 127
144 152
144 129
144 153
144 154
144 155
144 130
144 131
144 156
144 133
144 157
144 158
144 159
144 134
144 135
144 160
144 137
144 161
144 162
144 163
144 164
144 165
144 166
1 167
1 3
2 167
2 4
167 168
167 3
167 4
168 169
168 170
168 65
168 171
168 145
168 172
169 64
169 65
169 171
169 3
170 171
170 145
170 146
170 4
64 65
64 66
64 3
64 82
65 171
65 66
65 173
65 3
65 82
171 145
171 66
171 173
171 147
145 146
145 173
145 147
145 4
145 163
146 147
146 4
146 163
66 173
66 41
66 42
66 174
66 82
173 147
173 42
173 174
173 122
173 175
147 174
147 122
147 123
147 163
41 42
41 43
41 82
42 174
42 43
42 176
42 82
174 122
174 43
174 176
174 124
122 123
122 176
122 124
122 163
123 124
123 163
43 176
43 6
43 7
43 177
176 124
176 7
176 177
176 87
176 178
124 177
124 87
124 88
6 7
6 8
6 36
7 177
7 8
7 179
7 36
177 87
177 8
177 179
177 89
87 88
87 179
87 89
87 117
88 89
88 117
8 179
8 9
8 10
8 180
8 36
179 89
179 10
179 180
179 90
179 181
89 180
89 90
89 91
89 117
9 10
9 182
9 183
9 184
9 36
10 180
10 182
10 185
10 183
10 184
10 36
180 90
180 182
180 185
180 186
90 91
90 185
90 186
90 187
90 188
90 117
91 186
91 187
91 188
91 117
182 185
182 183
182 184
185 186
185 189
186 187
186 188
67 3
67 82
148 4
148 163
44 82
125 163
11 36
92 117
12 183
12 184
12 36
93 187
93 188
93 117
183 184
187 188
3 190
3 191
4 192
4 193
172 194
172 195
172 69
172 196
172 149
172 197
175 69
175 196
175 149
175 70
175 151
175 46
175 198
175 126
175 199
178 46
178 198
178 126
178 47
178 128
178 14
178 200
178 94
178 201
181 14
181 200
181 94
181 15
181 96
181 17
181 202
181 97
181 203
189 17
189 202
189 97
189 204
189 205
189 206
194 68
194 69
194 196
194 190
194 191
195 196
195 149
195 150
195 192
195 193
68 69
68 70
68 190
68 191
68 82
69 196
69 70
69 190
69 191
69 82
196 149
196 70
196 151
149 150
149 151
149 192
149 193
149 163
150 151
150 192
150 193
150 163
70 45
70 46
70 198
70 82
151 198
151 126
151 127
151 163
45 46
45 47
45 82
46 198
46 47
46 82
198 126
198 47
198 128
126 127
126 128
126 163
127 128
127 163
47 13
47 14
47 200
128 200
128 94
128 95
13 14
13 15
13 36
14 200
14 15
14 36
200 94
200 15
200 96
94 95
94 96
94 117
95 96
95 117
15 16
15 17
15 202
15 36
96 202
96 97
96 98
96 117
16 17
16 204
16 184
16 36
17 202
17 204
17 184
17 36
202 97
202 204
202 205
97 98
97 205
97 188
97 117
98 205
98 188
98 117
204 184
205 188
71 190
71 191
71 82
152 192
152 193
152 163
48 82
129 163
18 36
99 117
19 184
19 36
100 188
100 117
190 191
192 193
184 207
184 208
188 209
188 210
197 211
197 212
197 73
197 213
197 153
197 214
199 73
199 213
199 153
199 74
199 155
199 50
199 215
199 130
199 216
201 50
201 215
201 130
201 51
201 132
201 21
201 217
201 101
201 218
203 21
203 217
203 101
203 22
203 103
203 24
203 219
203 104
203 220
206 24
206 219
206 104
206 221
206 222
206 223
211 72
211 73
211 213
211 191
212 213
212 153
212 154
212 193
72 73
72 74
72 191
72 82
73 213
73 74
73 191
73 82
213 153
213 74
213 155
153 154
153 155
153 193
153 163
154 155
154 193
154 163
74 49
74 50
74 215
74 82
155 215
155 130
155 131
155 163
49 50
49 51
49 82
50 215
50 51
50 82
215 130
215 51
215 132
130 131
130 132
130 163
131 132
131 163
51 20
51 21
51 217
132 217
132 101
132 102
20 21
20 22
20 36
21 217
21 22
21 36
217 101
217 22
217 103
101 102
101 103
101 117
102 103
102 117
22 23
22 24
22 219
22 36
103 219
103 104
103 105
103 117
23 24
23 221
23 207
23 208
23 36
24 219
24 221
24 207
24 208
24 36
219 104
219 221
219 222
104 105
104 222
104 209
104 210
104 117
105 222
105 209
105 210
105 117
221 207
221 208
222 209
222 210
75 191
75 82
156 193
156 163
52 82
133 163
25 36
106 117
26 207
26 208
26 36
107 209
107 210
107 117
207 208
209 210
191 224
193 225
224 226
224 76
224 77
224 79
214 226
214 227
214 77
214 228
214 157
225 227
225 157
225 158
225 160
216 77
216 228
216 157
216 78
216 159
216 54
216 229
216 134
218 54
218 229
218 134
218 55
218 136
218 28
218 230
218 108
220 28
220 230
220 108
220 29
220 110
220 31
220 231
220 111
223 31
223 231
223 111
223 232
223 233
226 76
226 77
226 228
227 228
227 157
227 158
76 77
76 78
76 82
77 228
77 78
77 82
228 157
228 78
228 159
157 158
157 159
157 163
158 159
158 163
78 53
78 54
78 229
78 82
159 229
159 134
159 135
159 163
53 54
53 55
53 82
54 229
54 55
54 82
229 134
229 55
229 136
134 135
134 136
134 163
135 136
135 163
55 27
55 28
55 230
136 230
136 108
136 109
27 28
27 29
27 36
28 230
28 29
28 36
230 108
230 29
230 110
108 109
108 110
108 117
109 110
109 117
29 30
29 31
29 231
29 36
110 231
110 111
110 112
110 117
30 31
30 232
30 208
30 36
31 231
31 232
31 208
31 36
231 111
231 232
231 233
111 112
111 233
111 210
111 117
112 233
112 210
112 117
232 208
233 210
79 82
160 163
56 82
137 163
32 36
113 117
33 208
33 36
114 210
114 117
234 235
234 236
234 237
235 238
235 236
235 237
235 239
238 240
238 237
238 239
238 241
240 239
240 241
236 237
236 80
236 81
237 239
237 80
237 81
237 242
239 241
239 81
239 242
239 243
241 242
241 243
80 81
80 82
80 83
81 242
81 82
81 83
81 244
242 243
242 83
242 244
242 245
243 244
243 245
82 83
82 84
82 85
83 244
83 84
83 85
83 246
244 245
244 85
244 246
244 247
245 246
245 247
84 85
84 57
84 58
85 246
85 57
85 58
85 248
246 247
246 58
246 248
246 249
247 248
247 249
57 58
57 59
57 60
58 248
58 59
58 60
58 250
248 249
248 60
248 250
248 251
249 250
249 251
59 60
59 61
59 62
60 250
60 61
60 62
60 252
250 251
250 62
250 252
250 253
251 252
251 253
61 62
61 34
61 35
62 252
62 34
62 35
62 254
252 253
252 35
252 254
252 255
253 254
253 255
34 35
34 36
34 37
35 254
35 36
35 37
35 256
254 255
254 37
254 256
254 257
255 256
255 257
36 37
36 38
36 39
37 256
37 38
37 39
37 258
256 257
256 39
256 258
256 259
257 258
257 259
38 39
38 260
38 261
39 258
39 260
39 261
39 262
258 259
258 261
258 262
259 262
260 261
261 262
263 264
263 265
263 266
264 267
264 265
264 266
264 268
267 269
267 266
267 268
267 270
269 268
269 270
265 266
265 161
265 162
266 268
266 161
266 162
266 271
268 270
268 162
268 271
268 272
270 271
270 272
161 162
161 163
161 164
162 271
162 163
162 164
162 273
271 272
271 164
271 273
271 274
272 273
272 274
163 164
163 165
163 166
164 273
164 165
164 166
164 275
273 274
273 166
273 275
273 276
274 275
274 276
165 166
165 138
165 139
166 275
166 138
166 139
166 277
275 276
275 139
275 277
275 278
276 277
276 278
138 139
138 140
138 141
139 277
139 140
139 141
139 279
277 278
277 141
277 279
277 280
278 279
278 280
140 141
140 142
140 143
141 279
141 142
141 143
141 281
279 280
279 143
279 281
279 282
280 281
280 282
142 143
142 115
142 116
143 281
143 115
143 116
143 283
281 282
281 116
281 283
281 284
282 283
282 284
115 116
115 117
115 118
116 283
116 117
116 118
116 285
283 284
283 118
283 285
283 286
284 285
284 286
117 118
117 119
117 120
118 285
118 119
118 120
118 287
285 286
285 120
285 287
285 288
286 287
286 288
119 120
119 289
119 290
120 287
120 289
120 290
120 291
287 288
287 290
287 291
288 291
289 290
290 291
