445 1381
0 1
0 2
0 3
0 4
0 5
0 6
7 8
7 9
10 11
12 13
12 14
12 15
12 16
12 17
12 18
12 19
12 20
12 21
12 22
12 23
24 25
24 26
24 27
24 28
29 30
29 31
29 32
29 33
29 18
29 34
29 35
29 36
29 37
38 39
38 40
38 41
38 42
38 43
38 44
38 45
38 46
38 47
38 48
38 49
38 50
38 23
51 52
51 53
51 54
30 55
30 31
30 56
30 42
30 57
30 58
30 59
30 60
30 61
30 43
30 62
30 13
30 15
30 63
30 26
30 17
30 64
30 18
30 65
30 66
30 67
30 68
30 69
30 34
30 70
30 71
30 36
30 72
30 73
30 37
30 74
30 23
30 75
30 27
30 28
76 77
76 78
76 79
76 80
76 81
76 82
76 83
76 84
85 86
87 88
87 89
90 91
90 92
90 53
90 93
90 9
91 92
91 94
55 95
55 26
55 96
55 97
55 93
55 35
98 63
98 81
98 99
100 32
100 101
100 97
31 102
31 42
31 101
31 59
31 103
31 43
31 33
31 65
31 104
31 105
31 67
31 106
31 107
31 108
31 34
31 109
31 110
31 111
31 112
31 86
31 36
31 72
31 37
31 113
114 115
116 117
116 118
116 119
120 69
120 121
120 37
120 122
123 124
125 88
125 126
125 127
125 69
125 128
125 129
125 9
125 130
125 131
132 133
132 13
132 134
132 16
132 135
132 104
132 22
132 136
137 138
137 139
137 140
137 141
142 143
142 144
39 41
39 145
39 44
39 45
143 144
146 147
146 148
146 149
146 64
146 150
151 152
151 153
151 15
154 52
154 155
154 156
154 157
154 27
158 64
158 4
158 159
147 145
147 149
147 22
147 136
147 160
161 162
40 41
40 48
163 138
163 164
163 165
163 124
163 166
163 167
168 169
56 170
56 42
56 171
56 172
56 43
56 173
56 145
56 174
56 175
56 176
56 63
56 177
56 178
56 150
56 179
56 2
56 21
56 67
56 180
56 181
56 4
56 111
56 36
56 9
56 37
56 23
56 28
56 182
56 183
184 185
184 118
186 32
186 187
186 175
186 188
186 65
186 111
186 189
186 23
186 27
190 22
191 192
191 153
193 67
193 194
195 196
195 141
138 197
138 198
138 140
138 141
199 200
199 201
199 68
199 129
199 131
202 203
202 204
205 42
205 206
205 43
205 175
205 34
197 145
197 207
197 111
197 86
197 208
164 166
92 57
92 58
92 59
92 209
92 43
92 210
92 211
92 145
92 94
92 212
92 65
92 67
92 34
92 213
92 214
92 86
92 36
215 216
215 139
215 217
218 11
218 179
218 219
102 172
102 101
102 220
102 221
102 59
102 106
102 112
102 222
102 183
223 179
223 69
223 224
223 225
223 183
185 118
226 133
227 149
227 228
170 176
170 180
229 89
41 42
41 95
41 209
41 43
41 145
41 230
41 231
41 176
41 94
41 232
41 233
41 234
41 44
41 47
41 48
41 235
41 213
41 236
41 49
41 50
41 237
41 183
238 32
238 172
238 239
238 177
240 58
240 209
240 211
240 241
240 94
240 216
240 213
240 214
240 189
240 28
242 95
242 47
242 49
243 68
244 42
244 43
244 230
245 33
245 66
245 37
88 246
88 247
88 66
88 115
88 248
88 9
192 84
42 249
42 144
42 59
42 61
42 95
42 43
42 211
42 53
42 26
42 68
42 48
42 71
42 36
42 37
42 74
42 75
42 27
42 250
42 222
42 113
42 182
42 251
252 253
252 78
252 254
252 165
252 166
252 255
32 256
32 43
32 1
32 145
32 257
32 175
32 14
32 33
32 65
32 67
32 34
32 49
32 37
32 23
32 75
258 259
171 187
171 47
171 260
171 73
171 27
171 183
77 261
77 262
77 81
263 66
259 264
259 179
259 265
259 107
259 34
259 194
259 157
259 266
259 182
259 183
267 268
267 269
267 173
267 68
270 145
268 269
268 173
271 272
271 33
271 273
271 274
275 33
275 65
276 277
276 13
276 8
278 165
169 166
246 279
246 280
246 281
246 89
246 248
256 145
256 89
256 282
172 59
172 26
172 65
172 283
172 28
284 285
284 222
264 103
264 139
264 73
264 183
286 287
286 288
286 289
290 176
291 272
291 273
292 145
292 293
294 60
294 11
294 69
294 121
294 122
148 43
148 295
148 149
148 296
148 64
148 297
148 228
148 111
148 86
101 59
101 265
101 112
126 69
126 81
126 54
298 236
298 23
299 300
220 61
220 135
57 301
57 145
57 64
57 107
57 34
57 182
302 303
302 304
302 89
302 282
305 306
305 129
261 78
261 307
306 153
306 173
306 239
306 308
306 129
306 309
310 4
311 13
311 16
312 313
312 121
187 95
187 43
187 314
187 231
187 26
187 47
187 2
187 207
187 128
187 5
187 260
187 50
187 73
187 27
249 315
249 316
249 317
249 318
249 135
249 5
315 14
315 319
315 189
315 320
58 61
58 209
58 211
58 62
58 145
58 94
58 321
58 234
58 150
58 179
58 216
58 97
58 322
58 319
58 213
58 214
58 236
58 111
58 86
58 36
58 189
58 27
162 323
162 4
253 166
152 153
152 15
152 26
324 89
144 59
144 61
144 43
144 68
144 36
144 74
144 75
144 182
325 13
325 104
221 296
221 27
301 107
301 86
301 113
153 326
153 52
153 145
153 15
153 19
153 67
153 9
59 61
59 43
59 26
59 212
59 65
59 68
59 97
59 34
59 70
59 71
59 112
59 86
59 73
59 113
60 155
60 70
60 159
277 79
277 167
277 327
277 328
277 329
330 174
330 106
331 13
331 21
331 106
331 86
331 332
78 333
78 166
78 81
61 209
61 43
61 295
61 211
61 13
61 15
61 26
61 16
61 33
61 135
61 18
61 19
61 65
61 68
61 97
61 34
61 81
61 70
61 110
61 86
61 75
61 27
334 335
287 336
287 289
287 8
287 337
338 27
338 339
133 13
133 16
133 135
133 20
133 21
133 340
133 22
341 211
341 104
326 342
117 343
344 231
344 345
344 180
344 346
344 23
95 347
95 230
95 231
95 26
95 96
95 232
95 233
95 47
95 48
95 97
95 235
95 35
95 50
103 239
103 348
103 179
103 67
103 322
316 97
316 36
349 350
52 81
52 9
209 295
209 211
209 94
209 232
209 233
209 234
209 44
209 34
209 213
209 214
209 28
43 145
43 175
43 14
43 53
43 26
43 212
43 65
43 200
43 67
43 68
43 48
43 34
43 228
43 70
43 71
43 5
43 111
43 86
43 36
43 9
43 37
43 351
43 250
43 222
43 113
43 182
43 251
352 288
352 69
352 54
11 127
11 353
11 265
11 69
11 354
11 355
272 273
356 357
358 293
295 149
295 296
295 297
295 34
295 4
247 359
173 303
173 145
173 308
173 21
173 207
173 4
173 360
173 129
211 94
211 321
211 178
211 33
211 345
211 234
211 150
211 67
211 216
211 108
211 34
211 213
211 214
211 37
211 75
211 27
211 28
211 361
62 296
62 150
62 21
62 97
62 228
62 111
62 27
203 362
203 65
203 363
203 121
203 248
203 364
203 365
203 204
13 16
13 135
13 65
13 104
13 21
13 207
13 97
13 350
13 340
13 34
13 228
13 4
13 110
13 22
13 111
13 86
13 332
13 72
13 37
13 27
366 293
367 181
367 122
367 274
347 26
347 235
347 368
303 369
303 4
303 159
303 86
303 113
1 4
145 370
145 230
145 175
145 371
145 94
145 372
145 373
145 232
145 233
145 44
145 374
145 207
145 3
145 67
145 48
145 180
145 225
145 34
145 236
145 49
145 189
145 23
145 75
145 208
145 27
145 183
375 6
376 230
376 377
378 248
378 337
241 230
241 231
241 213
379 372
230 231
230 94
230 377
230 225
230 368
257 175
174 177
279 380
175 67
175 194
175 181
175 351
175 27
175 182
188 239
188 179
231 48
231 50
381 118
155 159
382 383
382 97
382 384
127 353
127 68
127 385
127 128
127 342
127 122
149 64
149 150
149 228
176 386
14 9
53 9
239 179
239 23
239 183
15 26
15 17
15 18
156 194
156 4
156 157
156 75
156 27
387 388
387 389
371 26
371 150
371 390
391 392
391 119
336 289
288 69
288 115
288 122
393 394
94 232
94 233
94 234
94 48
94 216
94 213
94 214
94 27
94 368
94 28
321 150
321 214
63 150
63 36
317 135
388 395
388 389
388 392
388 328
388 73
165 166
165 307
165 396
165 397
372 49
304 398
304 282
399 179
399 166
400 340
401 9
402 180
402 225
403 89
318 296
318 404
318 21
318 34
318 37
318 75
362 69
362 121
362 248
124 2
124 79
124 213
124 6
124 222
373 26
373 18
373 105
26 96
26 405
26 21
26 97
26 235
26 69
26 228
26 71
26 35
26 36
26 73
26 23
26 28
96 97
96 35
406 79
178 150
178 34
335 281
16 21
16 97
16 34
16 110
16 22
33 68
33 97
33 273
33 34
33 407
33 111
33 36
33 37
408 105
408 409
408 410
296 150
296 297
296 97
296 108
296 75
296 27
296 28
262 86
262 293
348 322
345 234
345 27
411 328
232 233
232 234
232 48
232 49
232 28
233 234
233 48
233 28
412 394
412 413
308 69
308 129
64 107
64 34
234 67
234 48
234 34
234 214
234 27
234 28
44 45
44 236
44 50
18 65
18 105
18 386
18 228
18 71
18 86
45 47
45 49
19 67
19 86
65 67
65 97
65 108
65 71
65 121
65 110
65 5
65 111
65 36
65 9
65 72
65 75
65 414
65 182
415 130
150 416
150 108
150 34
150 22
150 36
20 22
281 285
353 69
353 121
353 122
323 97
323 36
323 274
417 22
46 49
46 50
46 23
104 340
104 418
394 419
394 420
394 250
421 422
47 73
423 68
423 342
423 351
179 68
179 224
179 23
179 183
2 207
2 3
2 360
2 327
2 86
2 73
2 418
2 293
21 340
21 4
21 159
21 22
21 37
424 340
200 228
200 36
200 9
207 3
207 139
207 73
105 409
105 410
201 354
265 224
265 194
265 112
265 86
265 266
265 113
425 426
425 364
426 364
66 70
66 121
66 74
67 107
67 34
67 181
67 427
67 214
67 27
67 428
429 8
79 322
79 167
79 430
79 81
79 82
79 84
300 69
300 121
300 248
300 140
300 122
383 384
68 385
68 342
68 224
68 121
48 235
48 49
48 50
216 139
216 214
216 27
216 361
398 250
97 93
97 108
97 34
97 89
97 70
97 4
97 35
97 111
97 36
97 72
97 37
97 27
106 140
106 72
416 36
180 225
180 49
322 214
431 69
107 34
107 194
107 266
107 182
80 84
80 418
235 368
118 83
93 432
93 36
93 27
166 84
69 81
69 71
69 121
69 433
69 129
69 354
69 355
69 365
69 9
69 122
69 130
69 131
419 34
385 342
139 183
128 5
128 9
128 131
108 34
108 37
108 27
115 364
115 6
115 204
434 111
434 112
434 86
167 84
319 214
319 189
8 273
8 86
8 332
8 285
8 337
8 293
8 320
8 274
342 28
224 225
224 6
224 285
224 183
435 130
225 49
225 183
34 4
34 214
34 110
34 36
34 37
34 219
34 75
34 27
34 113
34 182
89 282
194 157
194 266
228 112
228 36
228 9
228 222
213 214
213 236
213 27
81 248
81 83
81 9
436 351
413 22
70 121
70 248
70 9
70 37
70 351
70 122
70 204
70 27
99 437
99 130
71 86
71 73
71 23
71 75
121 111
121 86
121 365
121 37
407 37
4 360
4 159
4 157
4 36
360 36
214 236
214 111
214 86
214 189
214 27
214 28
248 364
248 285
248 204
392 119
392 83
49 50
49 23
49 237
129 9
129 131
110 73
110 28
82 83
327 9
327 328
327 438
327 329
22 439
22 36
364 365
364 204
409 410
440 441
5 9
111 86
111 36
111 37
157 27
86 266
86 9
86 285
86 37
86 293
86 113
86 442
36 9
36 37
36 74
36 75
36 414
36 28
36 182
36 183
365 204
420 208
9 6
9 285
443 182
260 73
332 140
332 293
328 438
328 329
140 293
140 141
307 293
73 27
73 183
285 293
37 75
37 27
337 293
337 274
337 444
74 182
418 274
219 28
75 27
75 28
75 182
27 428
250 251
396 397
222 113
438 329
