112 425
0 1
0 2
0 3
0 4
0 5
0 6
0 7
0 8
0 9
0 10
0 11
0 12
0 13
0 14
1 2
1 15
2 15
2 3
2 16
2 4
2 5
2 17
2 18
2 19
2 20
2 21
2 22
2 23
2 24
2 25
2 26
2 9
2 27
2 10
2 28
2 12
2 29
2 30
2 31
2 32
2 33
2 34
2 35
2 14
2 36
2 37
2 38
15 3
15 39
15 6
15 9
15 40
15 12
15 41
42 43
42 44
42 5
42 23
42 45
42 46
42 40
43 47
44 48
44 45
44 12
44 49
44 50
48 51
48 5
48 17
48 52
48 53
48 12
48 54
48 55
48 56
48 57
3 58
3 59
3 5
3 20
3 21
3 22
3 46
3 60
3 27
3 61
3 62
3 63
3 64
3 47
39 16
39 59
39 28
16 60
16 65
16 66
16 35
16 36
59 5
59 6
59 40
59 28
59 56
59 67
59 14
59 36
4 68
4 69
4 5
4 21
4 26
4 52
4 61
4 70
4 71
4 37
68 51
68 69
68 5
68 6
68 14
51 5
51 45
51 53
51 40
51 72
51 55
51 73
51 74
51 67
51 36
69 70
5 17
5 18
5 20
5 21
5 22
5 23
5 8
5 24
5 45
5 25
5 75
5 26
5 52
5 53
5 40
5 76
5 28
5 12
5 49
5 29
5 77
5 30
5 78
5 54
5 79
5 80
5 81
5 82
5 32
5 83
5 41
5 84
5 56
5 67
5 47
5 33
5 35
5 14
5 85
5 36
6 17
6 86
6 25
6 40
6 76
6 28
6 12
6 87
6 29
6 62
7 88
7 17
7 18
7 19
7 20
7 21
7 22
7 23
88 40
88 74
88 89
88 90
17 8
17 40
17 72
17 28
17 12
18 10
18 89
19 40
19 91
19 12
19 61
19 66
19 37
20 26
20 40
20 91
20 92
20 70
20 55
20 73
20 56
20 85
20 36
20 90
21 93
21 9
21 11
21 72
21 12
21 61
21 80
21 67
21 36
22 40
22 12
22 94
22 70
22 74
22 81
22 36
23 40
23 49
23 29
23 65
23 70
23 73
23 74
23 81
23 56
23 95
23 85
8 86
8 93
8 24
8 45
8 96
8 25
8 75
8 76
8 47
8 97
86 98
86 99
86 74
93 12
93 74
93 83
93 97
24 45
24 9
24 40
24 12
24 74
24 84
24 85
24 36
24 90
45 12
45 49
45 54
45 100
96 73
96 83
96 36
96 101
25 12
25 29
25 101
75 72
75 12
75 71
75 36
26 40
26 50
26 56
52 53
52 91
52 102
52 98
52 61
52 79
52 85
53 46
53 60
53 9
53 12
53 36
46 40
46 85
60 94
9 27
9 40
27 12
27 94
27 74
27 103
40 76
40 72
40 61
40 65
40 30
40 54
40 81
40 104
40 32
40 35
40 105
40 100
76 10
76 28
76 14
10 49
10 31
11 36
91 72
91 92
72 28
72 73
72 67
72 36
92 12
92 61
92 70
28 12
28 49
28 87
28 29
28 106
28 14
28 36
12 29
12 102
12 61
12 30
12 78
12 70
12 107
12 57
49 94
87 29
87 31
87 47
87 14
29 70
29 54
29 79
29 55
29 106
50 54
102 55
61 77
61 54
61 71
61 79
61 36
62 71
62 73
62 107
63 36
64 71
65 108
65 77
77 83
77 56
77 85
30 79
30 55
30 14
78 73
78 56
70 54
70 31
70 55
70 83
54 55
54 56
54 14
54 37
71 31
79 81
79 37
31 73
31 85
55 73
55 80
73 81
73 97
73 57
106 74
74 104
74 32
74 109
74 110
81 104
81 57
104 89
104 35
104 36
32 56
83 36
67 57
47 97
47 105
97 111
97 95
95 57
100 110
85 36
36 37
37 90
