1624 2213
0 1
2 3
4 5
6 7
8 9
10 11
12 13
14 15
16 17
18 19
20 21
22 23
24 25
26 27
28 29
30 31
32 33
34 13
35 36
37 38
39 1
40 41
42 43
44 45
46 47
48 49
50 51
52 53
54 55
56 57
58 59
60 61
62 63
64 65
66 67
68 69
70 71
32 72
73 74
75 76
77 78
79 80
81 82
83 84
52 85
86 87
88 89
90 91
92 93
94 95
96 97
98 99
100 101
102 103
104 105
106 107
108 109
110 111
112 113
34 114
115 116
117 118
119 120
121 122
123 124
125 126
127 128
14 129
78 130
48 131
132 117
133 134
135 136
137 138
139 140
141 142
143 144
145 146
147 148
149 150
151 152
153 154
155 156
157 158
159 160
161 162
163 164
165 166
167 168
169 89
170 171
172 173
174 175
176 177
178 179
90 180
181 182
183 184
185 186
187 188
101 189
190 191
192 193
194 195
196 197
198 199
95 200
201 202
203 204
205 206
207 208
209 210
211 212
213 76
58 130
214 215
216 217
218 219
220 67
191 45
221 222
192 148
223 133
224 225
226 227
155 115
228 229
230 231
232 233
234 235
236 94
237 238
239 240
241 187
242 243
244 245
246 247
248 249
45 134
235 250
251 252
253 95
254 210
255 256
257 28
258 259
260 261
262 263
264 187
265 266
267 25
268 269
270 271
272 273
274 275
276 277
278 279
280 281
282 26
283 284
285 286
287 288
205 289
290 291
274 292
293 62
294 295
296 6
297 298
93 299
300 26
33 72
301 302
303 304
305 306
307 308
309 310
311 28
312 313
314 315
137 316
317 318
319 320
8 321
322 162
132 323
324 325
228 326
327 328
329 330
331 263
332 333
334 335
336 337
138 279
338 339
340 341
153 342
343 20
344 345
346 347
348 349
349 350
351 352
353 354
150 355
356 357
358 359
360 361
362 93
363 135
244 364
365 366
367 368
368 369
370 371
372 373
374 375
376 85
377 378
379 380
381 382
383 384
385 386
387 50
388 389
352 390
391 392
393 65
394 220
142 395
251 396
397 382
398 399
30 400
401 10
402 403
404 156
89 405
250 406
407 408
409 410
411 412
413 414
415 416
417 418
419 420
421 422
423 424
188 425
228 426
158 427
143 428
42 429
430 198
431 432
433 434
435 361
436 276
437 438
439 440
441 18
442 443
444 328
445 446
447 448
341 449
450 436
182 53
451 452
110 291
453 454
455 456
457 430
93 9
458 459
460 248
333 461
462 463
383 228
464 465
466 467
468 41
469 470
471 472
473 474
475 476
365 477
449 425
478 67
457 479
480 212
400 155
481 482
483 139
484 485
486 487
488 489
475 490
491 492
493 494
329 495
354 123
496 497
181 390
498 499
500 501
458 502
503 504
505 42
506 507
508 509
16 510
511 512
378 513
174 514
355 515
516 517
272 518
519 520
58 78
521 522
523 524
525 526
527 362
353 127
528 529
530 135
423 531
532 533
534 535
397 536
537 347
538 539
518 291
49 540
31 541
73 284
47 542
543 544
545 522
121 546
0 547
251 548
316 549
108 550
551 552
527 553
554 408
321 341
555 305
486 556
557 198
558 559
560 298
3 27
489 561
70 562
563 564
396 258
565 493
566 567
461 568
130 204
569 108
570 571
572 573
130 574
575 576
577 578
579 580
581 582
583 584
585 382
586 587
588 589
268 590
591 588
592 593
594 595
543 596
597 598
442 599
600 601
531 602
603 604
32 605
606 607
608 357
609 610
611 248
612 613
614 615
616 617
535 21
493 602
558 306
618 619
620 621
622 70
623 548
624 625
626 199
199 627
628 188
629 270
219 350
623 630
631 632
633 366
539 634
52 635
636 637
638 639
640 641
642 643
644 645
75 646
647 588
648 338
649 650
651 652
579 653
654 55
655 656
657 658
659 660
661 80
662 497
455 602
663 337
474 664
374 523
283 665
413 666
563 667
668 669
670 671
672 673
182 75
354 674
214 574
675 676
155 567
398 677
268 678
628 679
680 40
165 681
682 683
121 684
685 515
686 687
312 688
689 254
690 691
692 693
694 182
695 696
607 310
697 698
506 87
493 699
700 50
701 702
52 51
703 704
705 5
588 706
707 207
708 709
710 171
711 712
713 714
715 716
717 439
718 247
719 720
14 111
721 258
482 722
723 456
724 260
725 726
727 728
729 485
80 730
530 731
273 513
493 732
236 301
733 734
735 736
351 69
417 734
543 737
668 82
427 261
738 739
740 741
298 742
297 402
743 432
433 744
392 38
745 746
747 62
748 749
750 751
305 613
532 215
527 102
450 752
365 753
102 754
755 756
757 405
758 396
59 130
759 760
761 762
543 763
304 764
765 100
766 123
767 352
768 769
251 336
770 274
771 429
772 121
773 687
774 775
776 777
183 778
175 779
356 493
366 780
677 781
328 782
270 604
623 783
417 784
785 16
786 787
788 789
754 790
500 148
404 791
499 792
2 793
365 794
795 487
796 797
798 516
508 799
800 801
802 298
803 804
343 805
806 807
808 809
810 811
812 813
814 786
815 816
817 818
819 390
123 64
2 693
820 202
821 652
577 24
822 823
824 782
825 826
827 828
829 830
831 11
832 833
433 834
835 836
836 837
838 625
839 840
841 842
512 371
679 843
259 173
73 844
18 634
339 845
705 846
215 570
539 239
847 848
849 471
850 815
524 851
94 852
853 700
854 855
798 452
353 856
857 684
682 83
858 859
452 573
670 860
861 862
351 85
545 863
864 113
865 150
866 688
865 620
674 867
174 868
95 869
870 871
694 447
872 844
403 873
874 11
478 875
876 7
877 878
304 78
226 879
880 714
48 881
544 318
882 282
304 431
883 298
255 884
370 395
191 885
368 886
887 310
580 464
447 435
888 73
175 889
163 341
165 890
309 48
451 891
892 893
596 894
231 895
896 472
625 288
145 897
898 899
195 900
456 493
636 30
28 901
276 902
147 343
415 564
903 187
182 124
155 791
904 905
218 906
703 907
309 908
469 696
181 909
910 911
912 691
913 863
47 914
263 243
379 676
915 204
916 917
918 919
830 920
611 679
921 922
880 713
367 923
924 561
925 727
926 685
383 927
652 617
270 24
928 929
878 930
931 841
932 933
934 545
361 935
353 766
708 372
936 937
938 470
939 940
397 941
942 943
944 11
791 170
945 946
486 947
948 949
950 951
177 372
361 715
897 576
123 229
952 357
349 75
509 953
921 954
955 956
957 958
959 960
961 962
533 288
618 963
766 939
421 650
906 646
964 965
966 967
968 206
936 951
530 122
725 767
280 793
172 969
958 173
227 27
493 970
971 162
692 972
857 772
973 974
83 975
858 402
480 183
954 13
417 600
827 598
450 948
976 201
977 837
301 978
979 980
981 739
329 982
125 103
343 21
683 975
321 983
984 389
985 310
986 987
145 437
988 386
989 990
991 992
283 993
563 994
995 996
105 754
448 997
312 866
360 677
604 203
466 450
331 998
91 999
1000 471
1001 1002
749 1003
165 1004
1005 478
1006 137
759 1007
897 430
596 812
1008 307
409 1009
367 1010
1011 14
944 761
1012 170
802 120
1013 1014
1015 510
916 1016
25 1017
118 506
718 1018
490 429
194 1019
1020 1021
321 9
160 576
1022 246
422 1023
1024 47
915 130
1025 1026
471 1027
625 639
1028 981
60 1029
34 1030
68 1031
275 1032
1033 299
157 427
324 1034
304 1035
1036 850
1037 1038
1 260
301 1039
14 1040
61 1029
874 68
1041 1042
1043 499
370 1044
1045 555
1046 1047
1048 1049
1050 1051
91 246
618 187
363 95
396 783
183 1052
958 832
835 1053
489 1054
1055 1056
883 43
1057 1058
42 1059
128 1060
1061 1062
1063 94
865 363
365 631
223 775
1064 667
1065 1066
1067 1068
1069 1070
418 1071
1072 425
94 122
1073 875
456 602
667 1074
1075 1076
895 1077
1078 539
800 1079
1043 498
846 874
679 1080
1081 773
150 978
466 1082
149 1083
239 809
636 1084
442 1085
103 1033
844 1086
696 240
1087 239
1088 656
374 454
688 1089
181 52
226 1090
1091 284
1092 1093
575 748
251 663
301 1094
1095 1096
1097 311
1058 1098
1099 1100
360 598
1101 284
111 1102
222 227
1103 1052
189 142
428 1104
800 942
1105 846
1106 1107
731 461
791 1108
402 57
463 1109
123 182
385 1110
779 395
153 668
679 1111
1112 565
1113 994
1114 375
102 1115
532 839
500 1116
245 1117
1118 85
475 1119
1037 1112
943 1120
1121 759
75 1122
1049 1123
936 950
8 1124
869 1058
1125 319
903 315
1126 194
743 1127
651 504
185 619
1128 461
1129 1130
242 998
576 627
1131 751
754 983
1132 1010
463 1133
1078 1134
1135 1136
636 267
213 586
509 907
367 1137
976 256
1138 729
486 1139
1140 1051
1141 940
1142 375
1143 913
690 1144
1145 1146
817 928
184 276
1147 830
1148 1149
155 1150
1151 1152
118 228
402 859
579 963
42 1153
1154 739
1155 429
1156 1157
1025 1158
1159 780
1160 1031
36 581
1161 265
7 1162
1160 1069
329 339
1041 147
433 1163
558 1164
951 1165
532 1166
821 1167
550 372
268 753
968 769
374 1168
1169 55
944 51
306 1002
534 28
558 196
1170 716
844 665
306 1171
865 1172
428 1173
1174 1175
647 1052
1176 1177
346 1178
20 771
357 602
467 1179
358 791
483 873
95 1180
1118 1181
1182 1183
8 1184
182 1185
274 1186
1187 116
1056 899
1188 1022
1189 1113
609 1122
532 840
694 11
420 969
496 1190
703 1191
1049 1065
541 625
280 1192
461 837
1193 1194
1027 1195
1196 142
278 26
738 981
1197 753
1198 1199
1200 189
305 80
452 796
329 369
136 1063
663 396
436 732
274 1088
443 896
1201 371
1188 932
1202 425
891 298
71 1203
865 1204
123 326
996 82
442 1205
303 1206
232 647
1207 66
791 287
1208 999
252 783
539 1209
521 566
463 1210
736 1076
991 1211
1212 5
219 349
48 260
1155 490
1213 689
1214 751
910 619
301 1215
411 1216
1129 1217
966 1218
674 182
1219 268
1220 213
1097 916
891 796
1221 1222
108 1223
1224 1004
954 806
903 1225
1226 1029
280 1227
624 410
1228 1229
1230 461
1182 1055
238 610
894 230
179 80
874 1031
1231 862
1232 712
572 1097
1233 812
70 1079
204 24
88 647
1193 1234
1022 247
1235 777
81 288
1236 105
1207 899
731 122
1237 86
1238 1239
847 149
939 1240
1041 454
1241 1242
400 791
498 1243
31 577
1244 906
437 1245
707 1246
159 748
322 1247
1057 485
310 206
647 1248
971 1249
619 186
1250 685
413 1251
1252 357
1253 1254
1145 1255
1256 242
1257 1168
870 1258
428 1259
619 1260
5 217
976 1261
1262 291
1139 114
973 1029
339 1263
130 1264
132 506
563 1265
796 1266
619 628
1267 1193
1128 333
669 1268
1269 405
1270 1006
1189 454
1271 388
1272 1072
882 832
1238 106
31 713
1273 918
236 975
243 121
329 1273
1274 87
1275 643
215 625
298 1153
1276 759
1277 1278
446 1279
1280 573
499 65
225 1281
1157 1015
127 1003
555 826
577 203
418 712
1282 117
1037 357
1283 1152
1284 396
493 1285
1286 819
1175 925
951 786
1048 1078
672 98
724 18
126 299
803 220
872 283
1019 733
643 751
980 1274
1022 933
1046 1081
1197 1287
778 276
936 814
209 1288
791 359
736 425
861 1289
904 1290
365 1291
996 342
1143 404
1008 707
477 780
974 1292
1293 859
377 1294
1000 946
1295 458
1243 1060
1219 866
932 1296
556 1139
1297 1196
2 692
759 1298
1299 453
152 526
759 1018
285 26
265 1240
1188 180
155 1300
163 658
1301 50
190 1230
1242 985
159 1302
1303 1248
169 817
239 1304
88 444
49 1
756 8
278 300
305 514
743 304
800 943
894 1015
653 1305
586 1211
680 644
1045 305
963 465
347 1306
460 679
861 616
1307 944
1308 477
53 50
189 1309
676 1310
721 832
1311 1042
1312 876
538 1313
1314 741
638 115
1315 48
874 217
545 155
1316 270
1132 330
1317 171
657 1318
1319 420
535 1320
1321 412
759 557
1322 1323
1324 11
1160 390
53 724
821 984
1084 1249
183 1248
443 1325
1147 920
85 1181
394 1073
1326 606
23 539
632 1089
1327 1328
440 1329
1159 313
174 1330
1331 614
1332 97
424 732
1333 281
841 1322
1067 1334
83 1094
135 1335
1003 1240
1336 470
70 1203
513 291
415 97
1337 1338
565 1339
428 1124
257 1340
475 42
495 289
572 891
1341 110
1147 70
125 299
547 938
694 586
341 983
1092 427
1342 520
1056 1001
1343 1152
1344 727
382 1345
505 429
679 425
1346 869
1347 180
270 204
1348 1349
467 1082
1006 278
50 1350
563 1074
1256 772
1351 114
1352 226
1353 1287
607 287
1354 7
174 1355
380 1216
866 678
471 372
746 1356
1357 662
348 1244
327 1358
759 645
924 1228
360 398
1359 656
346 1360
1361 586
1362 1198
623 419
69 1031
489 1363
1364 1365
438 1296
831 1366
670 46
275 1137
687 741
237 720
355 1180
1367 200
1368 217
559 1369
1008 1023
698 1370
314 752
883 572
237 694
435 1366
524 631
382 1371
278 900
1013 178
548 173
1224 197
1372 1373
1374 1375
1376 1377
190 1378
653 580
344 1379
1380 658
45 1381
386 1382
1383 1384
27 1385
1164 14
755 1386
305 730
445 1242
1361 1387
1141 712
424 188
445 1388
1327 902
1389 1390
1256 1376
433 1391
1392 714
300 286
32 1393
1394 1305
402 1395
1396 529
492 606
926 355
593 454
560 1395
1397 1398
1044 1152
1399 979
53 1400
774 44
866 462
103 299
1042 343
17 812
500 1401
276 1402
120 1097
1403 124
75 959
1125 690
251 1404
1405 115
685 1406
748 1407
1058 1406
1408 1409
43 1153
1408 1410
367 1198
93 1251
1277 657
599 1002
329 368
1411 448
1397 1018
1412 795
844 980
827 470
77 58
153 1413
1414 1415
539 1211
1416 615
848 1346
1190 1177
1254 701
1405 713
1140 1417
31 1405
119 883
1250 1418
563 1419
1420 924
146 575
743 786
1421 111
7 1422
1253 1423
1342 250
412 1310
583 1029
746 832
1424 342
1306 807
1423 1425
86 1274
447 1301
123 1185
45 461
401 1426
486 114
17 1025
811 317
3 1184
1427 907
808 1428
1429 1430
304 625
1431 316
247 557
979 907
542 384
1432 720
1433 264
935 700
692 1234
1326 204
849 514
1434 1435
606 204
1076 188
1413 996
708 500
147 708
473 1101
304 787
1436 1437
120 1438
1365 420
1189 526
707 1439
128 940
62 1440
1257 1085
79 1441
1442 35
153 841
28 1443
765 512
768 968
1412 728
532 245
810 926
1374 1444
563 1445
724 48
293 1171
1446 1447
625 203
89 63
1448 341
1376 763
1029 440
1449 94
89 328
1450 545
89 928
252 1319
1451 802
1003 856
179 640
1452 492
577 1108
1135 1453
1321 686
977 302
1421 1200
1107 121
105 1077
743 78
993 202
1435 924
1383 540
88 1454
344 116
153 458
474 979
89 1455
1456 1457
697 1338
1458 368
586 1459
1460 728
510 1158
1047 657
363 852
274 1315
182 1461
931 1462
845 768
1280 1463
1464 885
1357 1145
1465 767
841 1295
248 1402
493 1339
690 320
1466 1072
618 315
80 1467
695 938
280 221
741 425
755 1120
88 1468
235 862
174 1325
989 1469
321 658
370 101
394 1064
442 1330
80 1272
1155 1373
234 702
4 874
1011 62
1470 91
1250 1389
437 1397
726 1118
1471 204
1472 416
257 1229
480 1144
766 1161
157 275
382 1473
246 643
203 24
153 1474
874 1212
385 1250
452 1475
605 1393
951 937
88 397
409 81
1476 384
731 852
1467 1072
1477 924
280 1429
1069 819
321 1478
82 805
1479 1142
826 96
1396 1294
844 884
165 1369
563 898
159 1239
337 258
954 1460
1169 144
493 1480
1382 485
75 1361
1481 359
825 1027
1482 625
339 919
1364 1483
573 742
1463 403
92 1484
905 1485
963 1394
1343 1486
82 669
1263 769
343 108
447 874
1487 156
1488 92
485 1246
1138 1039
662 1489
672 142
103 1478
1432 10
1490 1246
421 38
208 54
584 256
54 1352
435 1491
444 1492
874 376
1493 713
220 804
278 285
954 34
1073 220
1011 529
954 873
1494 245
199 65
625 116
563 1495
591 232
753 193
1488 126
1048 1244
154 614
1496 803
1020 537
1187 842
772 775
130 965
604 204
1006 1431
1497 1498
1013 1499
585 295
770 1500
545 1249
1501 345
1478 9
1502 1503
1504 691
155 578
1231 1505
381 782
1506 1507
1508 1466
480 373
1095 1226
676 568
1354 1509
1510 574
671 660
1429 281
186 1511
1512 1380
463 1513
441 1514
625 570
511 98
11 1515
92 413
365 780
986 734
1457 70
275 1516
1517 855
1383 18
274 427
484 391
1518 589
313 851
1260 1519
274 923
1230 133
1258 1195
115 1520
1110 1138
274 75
672 1521
102 790
417 900
1261 665
1178 789
1522 602
1463 1395
861 1231
1523 1117
849 395
447 1366
447 705
75 586
430 627
1201 1309
1524 342
1525 380
1526 183
423 493
16 676
116 567
442 471
358 1527
723 356
694 1324
489 1528
865 847
304 1529
707 485
700 716
247 750
1123 539
775 1149
669 1530
622 864
620 149
34 788
692 282
1107 16
274 22
1143 1450
1517 1466
1531 1293
1095 1029
493 1532
241 186
533 1117
888 884
640 854
1533 1534
1353 678
1310 687
1535 1383
1047 1536
224 626
1415 1339
524 633
976 1290
1351 34
182 1537
719 1538
1040 1539
1456 1540
1128 731
1030 728
1175 254
839 1166
858 1221
1541 880
374 1197
560 605
179 471
976 1399
146 1398
1343 1542
376 50
287 965
1067 873
1427 582
679 1543
1544 530
1545 606
562 227
1179 276
274 1546
1050 644
1498 999
1453 1136
1374 780
165 1455
936 1165
1347 246
865 1547
656 1198
1098 1025
178 779
388 542
684 1235
1432 719
1175 795
597 809
179 849
1548 34
1549 606
1550 1101
343 728
7 1551
948 1225
697 1279
747 1343
1552 245
178 129
504 1289
123 265
738 1334
1553 333
1496 66
1067 954
724 1350
88 690
130 1127
1281 1554
26 1234
648 1370
654 1555
887 1385
428 1556
472 1507
149 200
982 49
441 1446
419 548
60 973
556 487
1557 1360
591 1558
994 1205
1559 1120
1560 1431
828 39
943 1259
555 1258
756 428
537 807
1561 802
48 634
1312 892
1483 1249
1053 83
1038 1414
1176 1498
1072 1343
1562 851
49 886
1516 260
605 57
325 1512
1164 415
850 468
1563 471
79 945
334 1061
425 709
1064 67
370 1102
224 1564
268 1089
841 878
1159 1562
12 1565
1281 265
1057 812
66 1183
641 744
528 595
1193 1431
735 187
455 565
319 690
1057 1246
1174 689
1434 489
1383 724
30 722
1364 162
244 1494
1489 1418
361 1566
409 459
130 1471
976 1086
993 201
1567 791
20 42
828 700
1155 569
50 997
148 966
1069 551
219 1049
17 1568
440 1569
81 1117
121 568
516 1570
1087 1571
1540 430
1411 216
1245 759
307 1555
1437 1359
286 1572
1219 1159
1232 1211
245 502
672 1196
1573 177
1112 1414
1416 458
92 126
926 515
433 1574
586 1350
1507 1575
374 433
473 905
1502 1274
1397 1296
1161 1576
962 1328
1540 221
1442 1577
1578 55
1564 107
600 1579
1348 914
1141 792
304 1580
1465 390
1011 890
348 609
1581 927
759 1398
1215 1582
897 438
930 116
707 1583
297 403
1584 230
75 1461
263 1367
619 465
1585 722
378 1526
226 562
141 1586
1101 1091
701 1274
711 1060
1587 1363
1587 955
130 1510
1364 252
447 846
1145 707
1064 875
721 1034
994 433
548 1588
742 1395
1136 777
988 1138
474 1425
1334 954
500 550
1557 1589
31 714
649 91
539 1590
1591 32
1184 226
1049 992
278 286
1399 980
798 1475
1198 908
1087 1304
475 1059
668 81
934 1143
924 7
1592 257
116 345
474 799
535 28
169 1593
857 1106
153 1323
409 458
1343 1594
147 108
1411 447
1436 1019
1344 192
174 1573
1228 28
1305 679
385 1057
703 167
688 1562
1595 589
1596 291
574 1597
1409 295
278 417
989 1311
1347 1598
957 548
1148 379
1146 1382
1423 234
1142 1287
1398 1599
1340 1228
1241 655
175 1600
308 1190
1601 342
1220 610
245 458
73 665
534 42
185 1075
957 1356
279 195
610 76
838 786
1006 1126
199 265
1337 768
1438 1320
186 187
1063 852
927 389
182 361
289 49
735 249
1037 455
750 393
1578 1100
1105 5
1124 1602
996 1474
1346 515
275 0
163 1603
349 238
594 110
215 786
932 112
1604 435
236 1057
964 288
1348 506
1247 1249
1378 1464
1548 789
2 280
248 277
605 72
961 291
148 728
1355 1605
1278 179
1174 346
1399 1118
1606 1245
1409 588
1237 862
96 416
174 370
388 47
485 1607
554 308
910 963
1264 204
1608 119
1279 968
695 39
1559 280
1394 628
956 28
1429 222
1609 1144
1386 1120
1470 407
584 976
696 239
1409 817
1610 110
759 816
871 1441
865 149
1584 231
618 1611
747 165
152 1373
539 368
1396 62
1525 1156
1399 1274
1368 447
1390 1489
366 632
1367 122
1148 1534
1207 667
752 948
1550 1612
165 1539
1260 187
12 1613
334 1226
1614 11
475 429
812 776
1367 621
690 212
1344 1615
1395 805
678 851
323 1616
1617 446
752 531
254 823
1477 296
1130 343
792 1446
849 80
487 114
897 112
274 140
868 514
1618 363
1404 161
534 771
1184 221
167 907
185 1260
737 1619
70 1333
363 621
447 387
56 402
661 1441
267 1620
430 933
115 1482
335 440
1100 231
1259 221
1621 709
1622 785
1579 1211
264 1075
360 435
930 1623
1584 596
1346 1582
215 574
987 1590
