30 315
0 1
2 3
4 5
6 7
8 9
0 10
11 12
13 1
14 15
0 16
8 17
7 18
4 19
20 17
6 21
22 9
22 19
8 16
23 3
0 2
17 24
11 5
9 16
25 24
23 24
13 2
7 23
19 9
21 8
7 12
26 16
2 19
8 10
8 24
2 12
13 12
22 1
6 0
14 10
20 8
21 5
4 21
20 27
11 27
0 12
13 9
0 23
15 24
4 28
8 1
21 19
20 12
7 19
13 5
20 10
20 9
19 5
13 19
7 14
11 10
13 24
6 14
18 28
22 7
22 12
22 20
23 1
27 28
7 8
3 24
13 17
2 15
7 5
20 11
14 1
2 24
13 14
23 8
13 3
2 16
14 17
27 16
12 3
20 21
3 5
12 27
19 28
26 14
3 1
4 24
5 24
22 10
21 15
4 10
4 8
10 1
14 21
26 6
11 17
22 3
2 11
14 11
11 16
20 2
16 5
2 21
29 24
12 1
23 17
17 28
23 19
13 0
20 5
22 4
13 23
14 2
0 21
23 27
8 5
27 9
4 12
5 17
8 3
20 1
6 13
6 24
21 16
22 0
6 5
12 5
3 17
12 24
21 9
6 11
4 9
6 2
12 19
4 0
20 23
0 8
12 8
4 1
0 28
7 24
15 1
11 8
12 28
21 12
21 17
22 28
3 9
3 16
2 27
15 17
22 11
26 12
22 21
23 10
16 10
7 11
3 10
7 2
13 7
19 17
19 8
6 23
14 8
21 11
12 17
9 1
22 8
20 24
20 14
4 2
6 3
14 27
6 20
7 1
16 1
27 10
11 19
4 11
7 28
4 17
13 27
2 28
6 9
14 3
9 24
14 12
16 17
2 1
7 0
21 3
7 27
10 17
0 3
9 17
19 29
22 6
6 17
0 5
22 16
13 10
7 10
22 2
10 24
21 24
22 5
0 9
19 25
26 13
23 12
19 10
20 19
6 10
20 13
2 5
11 1
7 17
3 28
21 27
11 24
0 27
4 14
0 15
7 15
4 13
2 23
24 28
0 24
27 17
21 10
19 3
12 9
0 17
17 1
13 16
22 24
19 27
14 0
13 21
3 27
10 28
4 23
6 4
1 24
11 28
14 28
23 9
6 18
13 8
21 28
23 11
14 24
19 1
1 28
14 5
6 12
14 23
14 19
11 18
9 5
12 16
14 9
7 9
20 7
4 27
2 8
4 16
9 10
4 20
23 28
26 3
4 3
3 18
0 19
22 14
27 1
20 28
14 16
7 16
8 28
11 3
12 10
6 19
22 17
20 3
12 18
6 16
2 10
20 16
23 16
2 17
22 23
27 24
0 11
2 9
4 7
7 21
7 3
16 24
20 0
22 27
13 11
19 16
11 9
8 27
6 28
6 8
6 27
22 13
19 24
6 1
15 10
