1454 1923
0 1
2 3
4 5
6 7
8 9
10 11
12 13
14 15
16 17
18 19
20 21
22 23
24 25
26 27
28 29
30 31
32 33
34 35
36 37
38 39
40 41
42 43
44 45
2 46
47 48
49 50
51 52
53 54
55 56
57 58
59 60
61 62
63 64
65 66
67 68
69 70
71 72
73 74
75 76
77 78
79 80
81 82
83 84
85 86
87 25
88 89
90 91
92 93
94 95
96 19
97 98
99 100
26 101
102 78
63 103
104 105
106 107
48 108
109 110
111 19
112 113
114 115
116 117
118 119
120 121
122 123
124 125
126 127
128 129
130 111
131 132
133 134
135 136
137 138
36 139
140 141
142 143
144 145
146 147
148 3
149 150
151 152
153 154
155 156
157 158
159 129
160 161
162 163
164 6
165 166
167 168
169 26
170 171
172 173
174 175
176 177
178 179
180 181
182 115
183 184
185 186
187 188
164 189
190 191
192 193
194 105
195 196
197 198
199 200
201 202
203 204
205 206
207 208
209 210
211 212
213 214
215 216
217 204
218 219
220 221
222 223
224 189
225 226
227 228
140 229
230 231
202 232
233 234
235 191
236 237
238 239
49 240
241 242
243 244
245 246
13 247
248 249
250 87
251 252
253 144
254 255
256 257
258 259
260 151
261 262
263 264
265 249
266 267
51 268
269 270
197 271
272 273
274 207
275 276
277 278
279 280
281 282
283 284
285 91
25 286
287 288
289 290
291 215
292 293
294 295
130 296
297 298
299 300
71 152
8 301
84 302
78 303
304 305
306 236
51 307
308 309
310 311
312 313
314 315
316 317
318 154
319 123
320 321
322 323
324 150
325 326
327 328
176 329
330 331
332 108
65 333
334 335
336 337
338 339
340 113
341 342
343 344
345 48
346 347
348 349
350 351
352 353
354 4
355 356
357 358
151 359
68 360
163 361
362 363
364 365
6 366
355 367
368 51
369 158
122 370
371 372
373 26
374 375
376 377
378 379
380 381
51 306
382 383
384 385
386 87
387 388
389 390
391 373
392 393
263 394
395 382
192 396
397 398
399 171
400 401
402 403
404 405
406 407
408 5
409 410
102 411
365 412
229 413
414 359
415 416
158 417
418 419
420 421
422 423
424 425
426 427
428 429
430 202
431 67
432 375
10 433
434 435
436 437
438 439
362 237
440 441
442 443
415 444
286 335
445 446
298 447
448 449
450 451
190 452
453 56
454 455
456 286
138 457
458 459
423 460
461 462
217 463
464 465
466 467
468 469
470 199
180 471
366 472
106 473
473 474
269 475
378 476
477 478
333 479
223 350
411 78
480 481
4 482
483 484
12 485
397 486
487 161
488 489
490 304
491 492
493 435
92 121
494 495
496 497
498 499
500 451
501 502
146 166
503 504
505 506
507 508
509 445
510 38
511 109
22 512
513 514
109 515
311 516
517 341
518 519
520 521
4 522
509 523
524 525
526 527
363 528
529 530
531 532
533 534
532 535
536 537
538 353
539 540
541 542
266 472
286 543
544 545
546 547
46 548
355 187
549 550
551 552
553 242
554 555
51 279
555 386
141 556
557 558
357 559
560 561
562 563
564 565
566 223
320 225
461 459
64 567
568 569
570 571
172 553
572 58
573 574
407 575
523 576
577 578
562 579
580 175
581 219
184 156
582 583
584 585
586 587
583 588
306 589
590 591
592 593
594 595
596 597
598 599
600 601
602 603
604 605
606 607
16 608
126 609
610 315
611 612
613 614
615 616
472 617
436 478
151 321
263 618
619 367
469 620
621 507
622 623
624 625
353 626
257 627
628 119
629 425
362 555
630 631
632 633
598 634
52 25
362 593
184 635
636 637
638 639
369 640
641 642
195 290
187 643
644 645
646 56
647 486
648 112
436 649
12 544
650 651
652 653
366 654
494 474
594 655
656 41
266 657
535 496
658 659
660 78
105 348
88 661
514 662
663 469
664 665
533 666
243 667
668 669
670 671
108 672
209 673
674 199
675 676
677 639
678 214
56 35
679 333
680 681
682 41
683 684
685 686
687 688
689 191
690 691
53 692
211 178
693 154
544 306
694 214
695 362
25 696
697 214
698 699
700 551
137 701
414 635
541 702
703 634
652 704
705 706
291 652
707 620
61 708
296 709
710 304
438 711
712 669
713 287
610 199
281 184
714 715
716 717
718 473
719 720
712 196
721 722
714 640
723 216
724 725
237 726
727 728
729 214
325 730
731 732
461 263
517 733
596 350
734 506
735 438
736 737
738 733
739 740
741 156
46 742
743 744
745 629
603 746
747 516
748 672
749 338
750 628
751 752
753 754
755 756
601 517
158 757
758 334
759 760
26 761
762 270
763 764
281 183
513 765
185 550
766 131
283 767
768 769
770 256
366 640
771 772
773 35
709 774
775 295
96 776
765 646
777 82
421 778
490 779
780 738
378 683
478 468
484 326
781 26
567 782
106 494
92 199
783 309
784 644
785 786
787 492
731 660
392 788
750 752
789 498
302 790
533 791
792 356
793 794
388 795
315 796
688 668
65 797
798 799
800 801
503 802
739 407
803 804
26 805
806 807
673 808
809 308
753 620
810 811
765 773
812 540
813 814
605 124
815 816
817 818
729 321
819 820
821 822
415 823
141 486
695 561
428 824
560 825
772 435
826 420
30 827
51 828
214 816
546 829
366 830
831 832
71 833
834 673
577 437
603 835
836 194
837 188
538 342
464 838
722 839
840 626
682 841
745 749
628 842
843 637
223 220
844 845
672 698
555 846
135 661
847 407
848 849
42 850
851 634
816 698
64 103
647 852
853 854
855 645
115 856
857 790
858 391
859 860
167 404
221 861
862 712
826 863
855 864
163 865
648 124
866 867
254 868
869 870
871 872
873 818
428 96
25 584
404 141
874 875
876 877
878 879
880 416
392 791
881 816
882 883
277 555
884 41
284 885
886 441
663 887
888 889
890 625
104 675
111 96
891 151
892 893
894 146
882 243
668 689
336 604
61 895
896 897
898 290
126 383
899 900
901 902
14 903
904 326
380 905
886 869
645 192
898 446
9 906
752 578
907 481
56 908
687 909
791 910
582 911
471 912
363 760
149 913
914 650
788 910
915 552
916 873
917 176
918 349
858 205
919 506
920 493
921 684
50 462
714 922
918 923
924 907
888 455
724 318
925 110
215 926
927 928
51 922
643 929
369 456
930 210
931 414
901 932
933 541
328 934
312 935
476 921
704 936
837 182
937 606
938 854
692 433
939 841
237 940
941 527
554 126
875 438
499 942
943 944
509 289
478 945
97 946
704 433
947 479
745 374
948 145
37 949
950 50
951 666
434 952
639 210
896 953
206 313
464 954
616 830
901 955
956 639
252 222
56 323
957 776
306 632
411 958
959 960
961 519
58 401
772 962
963 722
840 491
236 964
816 519
746 443
638 965
43 636
873 827
966 309
967 968
955 330
554 969
970 198
310 395
971 972
116 973
751 578
268 875
974 262
590 975
209 894
976 977
870 978
13 979
980 981
982 983
138 100
984 985
986 987
988 591
536 935
634 349
628 93
445 989
990 717
931 991
992 993
314 610
994 995
267 996
807 997
57 998
999 647
845 1000
229 556
1001 441
1002 607
871 818
569 815
611 743
1003 887
1004 736
1005 1006
1007 412
1008 9
542 1009
219 510
1010 658
1011 715
504 132
1012 980
1013 1014
173 1015
557 1016
472 657
1017 646
1018 1019
610 1020
555 306
1021 1022
571 300
1023 1024
752 762
162 712
63 1025
773 56
442 334
494 1026
933 557
1027 402
960 985
1028 663
855 166
1029 911
370 9
1030 1031
366 21
785 1032
555 976
947 176
1033 207
259 1034
1035 444
430 1036
1037 473
453 323
634 1038
1039 1040
1041 1042
637 101
1043 787
43 637
86 1044
823 1045
580 1046
636 1047
1048 527
350 1049
299 1050
1051 481
386 179
298 1052
1053 427
293 1054
1055 1056
1001 361
621 478
577 477
211 85
1057 1058
1059 1060
758 377
1061 1062
741 184
597 1015
924 1014
1063 650
94 1064
55 997
1065 957
1066 430
319 4
939 655
621 649
858 149
1067 884
46 487
312 1068
351 557
1069 685
951 1025
174 1070
994 1071
1072 626
1055 1073
1074 1075
634 1076
1077 932
540 462
283 1078
1079 1080
899 134
1081 351
1082 1012
1083 145
430 734
369 971
566 1084
1011 987
1085 413
49 506
771 1086
1082 302
211 642
1087 366
1088 1030
1089 1090
800 1091
368 1092
516 854
1093 980
258 176
336 895
910 1094
1095 12
1096 145
549 1097
1098 699
258 1099
391 913
490 151
658 1100
1101 1047
1102 1103
772 1104
1105 301
785 658
1106 1107
1074 570
1108 338
507 228
30 40
603 1109
1107 1110
112 968
520 81
375 32
473 188
882 1111
560 1112
1113 791
441 233
136 904
66 980
292 1114
555 1115
862 789
1116 1117
1118 1029
300 1119
807 1120
249 214
1121 319
1122 1123
490 213
1124 1125
1126 798
1102 3
835 1127
1128 533
582 671
595 326
146 968
1129 628
643 525
611 878
170 1130
315 1131
449 1132
323 1123
788 546
1133 233
1036 108
644 110
402 593
81 627
363 686
777 588
434 1134
18 1065
1126 1135
414 591
78 1136
759 593
1098 359
477 1137
833 151
1055 1138
1110 1139
554 1140
619 473
460 1141
942 233
1030 1009
780 680
43 1142
713 902
565 286
569 1143
1071 119
1144 852
248 569
371 551
1145 267
1146 293
1147 1126
1148 89
357 1149
1150 1151
196 883
1152 400
1153 1154
648 146
276 1155
1156 264
8 1157
1158 76
1159 874
450 1160
496 944
79 1161
931 156
363 1069
1162 521
692 957
419 832
1163 128
840 1059
1164 721
1165 656
851 105
600 1166
116 906
1167 1168
1095 294
219 975
149 186
1169 1170
1171 160
245 720
1172 1173
1156 461
56 1123
579 423
1174 527
665 793
777 1175
1176 538
1177 373
1059 341
1178 49
346 263
695 545
1089 1179
529 540
953 359
172 382
1180 1181
1118 463
69 1010
9 1182
1137 749
1183 752
1059 558
907 173
363 1184
483 412
320 202
302 1185
471 452
13 1186
646 1123
555 1187
977 760
1188 242
1189 486
300 1190
237 830
693 1191
747 86
511 727
792 64
915 1192
834 1056
62 1193
721 1194
686 642
179 609
1069 211
354 5
417 276
263 1195
785 1196
891 462
879 1155
651 852
566 542
1197 1198
1199 1200
675 1038
328 501
643 1201
0 879
704 1202
399 1203
787 1204
631 1205
190 197
477 436
1041 457
1206 184
532 981
87 1127
1207 1208
1017 453
986 158
967 146
590 1209
1125 914
244 903
844 1210
659 19
500 902
951 1211
967 147
179 940
1037 1191
306 1187
436 1137
107 1191
64 123
843 1212
1029 671
1213 796
128 591
473 1191
369 564
1214 1215
680 738
915 141
1216 526
216 824
777 1217
975 591
101 769
844 1218
1151 1031
590 1219
202 344
1124 806
573 850
1220 41
979 366
313 1176
980 249
675 1139
599 1221
567 408
1222 1062
161 655
490 71
1223 1048
848 719
1224 1225
1226 231
284 1227
25 1127
58 1228
56 398
448 625
117 524
1229 1230
473 29
111 659
731 1162
1137 203
831 1231
1232 662
1233 694
660 303
1234 1173
985 944
793 1235
1236 1237
1107 675
1238 392
667 246
1087 1239
649 375
167 915
1240 356
1023 375
363 211
1214 1241
1051 1242
768 1142
191 1065
1243 50
894 112
1244 353
431 360
831 1141
725 1245
207 814
1246 827
974 830
87 584
757 1155
476 683
17 915
573 636
316 1134
409 584
212 686
266 1247
533 1248
1249 247
219 1250
586 1251
713 427
1150 75
1170 825
819 431
269 1252
1253 1020
524 356
775 306
440 1214
1162 1179
1254 1240
567 1255
714 1109
566 220
1185 1208
1129 508
1251 597
621 1058
1183 228
140 1144
547 606
785 1010
1256 512
336 1257
137 677
448 315
284 168
982 1258
982 615
1096 1259
528 179
17 141
512 172
704 1260
56 1261
418 834
1262 1263
797 385
176 1264
1265 1266
142 744
1267 779
1268 477
70 18
1075 1269
175 1270
557 1060
1234 1271
1059 1115
1120 614
171 407
194 515
769 517
349 988
1196 1272
752 1048
1183 582
515 1273
889 1274
433 1275
63 951
197 1276
1267 298
273 67
153 107
1164 1277
320 729
1 1006
1021 1278
1237 1279
575 1280
963 1268
42 185
386 1281
901 330
1256 1242
795 4
1229 1010
1282 1283
18 1284
594 1285
1232 773
1097 1286
716 1277
600 1282
1287 466
1288 736
497 944
1289 462
1104 1290
1291 317
1077 977
1208 790
182 1292
1293 1263
336 1269
1294 1034
1295 710
501 1272
76 1296
1297 208
122 768
530 812
644 194
668 245
919 1298
355 1254
402 609
755 336
793 1290
137 956
1299 132
1278 484
344 321
1250 128
179 867
223 1300
886 1241
1193 124
26 1212
849 471
46 1096
300 1301
682 1302
513 323
218 128
662 34
896 50
1303 1304
430 108
254 141
1305 863
690 552
1306 502
1305 993
352 1043
1282 341
1307 878
747 383
442 1053
197 1100
233 1040
1022 1083
714 438
701 921
634 923
544 485
1308 753
530 1289
1309 237
905 473
721 778
341 1310
219 129
1228 401
1152 907
1102 656
951 1311
164 13
15 990
126 386
967 872
1266 40
1211 488
1312 665
1196 689
470 822
1313 1314
1315 869
50 151
967 1316
872 968
698 359
814 37
892 1317
939 742
269 1318
472 451
834 209
615 1319
1148 145
1320 1198
884 1181
1130 1321
289 245
1072 1322
1186 1323
1324 23
1325 202
549 1212
306 1326
199 946
1327 1231
1114 929
443 427
1127 996
1260 387
1328 488
1329 807
471 271
572 357
384 790
901 976
480 924
1330 1069
1184 179
1224 1331
162 1262
1332 60
478 1333
486 620
847 740
512 1334
336 1335
316 1117
1336 1045
997 1123
1337 108
504 636
1010 1338
110 348
647 1339
647 620
455 854
112 340
1340 1003
1341 629
587 559
1324 400
681 1204
1125 1342
1343 1344
418 1055
1345 129
1182 782
706 810
51 1346
1222 97
44 228
865 1347
1172 95
1059 555
1348 1296
1349 1200
1350 196
1226 1081
1351 1167
490 710
265 568
49 950
1328 982
1336 580
982 607
1089 770
1302 904
219 156
785 69
1223 274
109 1352
539 530
224 1320
90 40
643 1353
976 1354
598 1076
836 109
907 1014
573 1355
430 506
505 461
1356 323
1135 1357
362 592
1358 512
306 237
856 620
1175 257
825 593
26 1359
446 1360
1008 1361
252 1161
224 544
133 1033
1053 472
1362 593
104 349
1363 447
182 28
1364 995
116 524
211 593
24 748
1328 829
814 1365
1007 904
65 1093
1085 753
1366 1367
364 1022
925 918
9 1344
1367 1076
1278 594
51 603
182 29
352 1368
1104 664
23 1369
1370 138
682 1171
1034 479
314 1371
1046 1054
430 344
525 123
54 860
269 45
847 739
647 1372
496 151
593 1373
418 1374
961 816
335 1127
1199 213
1052 39
1166 1375
490 447
1080 875
960 496
705 262
393 547
154 28
1376 39
1066 506
1262 934
667 717
1377 263
158 972
1104 930
705 492
308 816
430 321
784 340
703 1038
535 60
1378 999
602 1145
785 1229
1159 743
520 958
1146 1315
238 577
645 165
92 674
548 1083
1342 1379
272 1370
965 1380
777 81
363 932
871 968
1381 1370
1382 679
1293 328
652 859
1383 753
961 1384
1368 1059
214 1385
1386 1034
83 302
0 1387
594 1380
975 414
970 720
923 435
1271 1357
1018 225
1388 855
1249 830
1349 249
1075 300
751 1389
53 428
1390 115
1218 300
209 988
1043 538
2 41
512 893
446 245
149 768
785 1391
674 1062
1243 151
197 737
1392 1031
1393 1394
668 502
740 407
1002 20
1162 627
102 520
1205 1215
1395 1374
1040 1168
899 36
1309 589
280 366
907 1396
1361 1397
739 73
273 1225
896 184
1141 1020
1270 1398
851 923
377 179
371 1378
263 1399
422 118
1400 724
254 551
673 1401
876 628
258 1034
1107 676
512 1013
172 1015
1178 506
713 758
513 1232
186 1397
1298 506
1287 148
1297 134
484 800
26 799
630 244
1276 1284
1402 635
700 1403
406 1358
185 1142
1005 157
1404 796
778 1292
464 242
596 764
273 1312
1296 389
37 1405
409 810
1320 1326
1154 40
378 921
430 320
1124 1342
945 469
1406 38
1407 753
1210 300
391 549
237 1408
1364 527
730 467
258 679
700 404
1021 253
637 1047
1220 424
688 245
1075 1193
1409 121
638 1410
403 1411
46 145
272 137
312 324
913 550
876 269
1104 684
576 989
53 1004
26 1097
960 944
738 706
1412 1270
1413 813
352 840
880 504
983 262
106 1414
1415 1081
900 37
694 815
553 173
1368 277
806 1120
1416 241
1173 27
537 1375
498 669
263 459
380 318
369 986
1137 419
772 1290
1239 268
214 71
24 711
1358 1242
1396 1334
1417 287
766 1398
90 834
1288 54
501 1418
189 294
946 1419
470 1231
983 1420
1421 850
602 267
1422 1047
399 407
756 1075
941 579
587 1348
511 1352
318 1245
1423 667
800 1424
168 1189
155 931
1425 822
352 1244
275 1387
429 723
123 408
1198 589
1426 1315
643 1427
1428 131
909 245
1217 884
1197 1309
853 888
91 209
55 397
92 1252
241 1429
178 383
938 311
1430 1388
1137 629
1388 105
49 1243
547 1431
1001 927
1377 462
434 772
1351 1432
1433 1180
11 1035
357 553
682 1434
458 506
1158 763
392 1328
953 635
78 521
965 1056
1354 377
354 9
318 1435
724 978
784 105
640 543
191 1418
165 124
768 517
1243 1436
813 37
437 1365
297 581
1304 1015
1333 217
1143 249
499 667
432 649
1437 59
860 433
1336 704
750 1071
506 699
613 141
1018 532
1207 65
261 1204
491 342
1438 115
933 221
572 1317
355 718
992 1034
87 940
469 877
750 1318
1433 1340
1421 504
336 708
372 622
924 401
1055 419
1416 358
92 449
1296 764
888 1439
51 267
1117 317
211 1044
1141 1063
687 1440
920 1441
1023 437
1186 1442
1393 768
1236 389
554 854
955 1443
313 1444
9 1343
1445 777
1229 1272
545 1198
31 1217
1434 904
620 1374
378 1104
1347 774
260 991
88 483
622 552
1314 855
105 113
748 143
206 150
1121 489
263 151
227 1446
477 1433
388 293
1330 686
1376 156
962 360
1390 1292
64 1447
1021 89
284 141
692 233
63 1121
533 1448
205 1097
1412 926
621 463
301 1157
1134 772
1317 1449
51 1441
1056 210
864 166
1450 1196
97 1451
1452 724
1314 784
1072 341
917 385
802 1070
535 678
648 166
363 866
937 1079
1024 1453
765 1123
717 753
804 499
853 1044
