187 652
0 1
2 3
4 5
6 7
8 9
10 11
12 13
14 9
15 16
17 18
19 20
21 22
23 24
24 25
26 27
28 17
29 13
29 30
31 11
32 15
33 34
35 36
37 38
39 40
41 42
43 44
45 46
47 48
20 49
50 51
52 7
53 2
54 55
56 57
8 21
58 59
4 60
61 62
63 4
62 1
64 11
65 18
53 66
67 68
69 70
71 72
73 74
75 76
60 77
78 79
6 69
52 80
81 61
82 83
52 84
3 85
29 86
87 88
89 90
52 91
92 93
94 7
95 27
63 36
96 36
97 19
59 57
98 13
99 100
19 101
11 102
96 4
73 103
34 104
105 106
107 66
13 30
56 75
40 13
108 84
60 43
68 25
109 110
50 80
8 106
111 20
87 86
112 101
47 62
111 30
113 87
114 39
16 55
115 116
117 82
118 51
59 78
119 120
97 13
63 115
121 86
122 11
103 123
61 124
68 125
126 2
89 35
50 91
72 36
4 77
118 127
26 91
39 45
41 128
113 29
129 130
118 90
104 131
117 53
124 132
122 34
133 134
71 135
136 137
101 138
27 139
99 140
141 70
47 81
118 69
60 142
20 112
90 143
6 144
75 68
125 24
126 83
35 145
17 78
42 71
146 120
67 74
41 137
33 147
10 148
94 149
8 14
115 5
150 121
31 104
135 122
3 37
139 151
152 148
130 22
120 9
103 94
95 92
45 29
89 153
128 36
85 154
47 155
44 1
36 147
126 37
62 44
100 140
156 28
58 156
28 79
157 114
76 110
16 105
95 158
159 22
94 108
90 145
97 30
33 131
0 129
106 9
128 137
160 7
71 161
138 134
162 163
8 105
50 164
53 3
99 165
162 166
113 121
167 25
114 40
41 136
140 105
50 136
166 134
69 141
109 125
32 99
124 168
150 28
169 159
82 170
65 79
117 66
23 110
65 110
149 108
19 154
171 24
63 60
148 105
111 162
172 85
81 165
119 16
173 45
103 160
174 37
171 139
86 88
60 48
88 18
143 175
146 107
72 147
14 176
21 170
121 30
26 7
167 93
133 166
81 0
32 152
23 125
146 177
103 108
169 106
119 178
152 16
128 72
54 16
118 91
68 123
63 179
117 180
102 165
26 160
149 7
47 102
167 125
157 40
59 79
69 143
57 75
40 181
122 104
48 142
180 66
157 107
112 133
148 140
144 90
168 169
50 137
50 127
42 72
46 13
118 89
158 160
2 174
12 30
67 123
39 173
173 29
84 164
170 83
76 125
158 27
30 86
12 46
158 92
18 79
64 10
182 25
96 145
11 165
112 134
77 142
111 112
27 141
183 67
162 112
55 106
53 172
147 155
169 105
117 2
158 7
57 76
73 75
97 111
72 153
120 66
109 184
123 24
163 133
163 166
162 86
131 102
85 49
149 160
163 65
45 13
136 80
35 90
117 9
26 185
16 106
79 110
10 99
144 175
173 113
109 23
159 21
9 180
85 38
175 116
1 129
168 132
121 87
21 176
62 0
75 67
65 78
34 155
7 91
66 181
158 185
58 17
135 161
16 9
168 140
183 75
171 25
153 36
14 82
10 32
98 12
185 69
116 5
114 45
169 176
32 148
183 73
47 60
178 55
117 126
55 120
132 129
14 180
71 33
176 22
53 126
62 43
67 182
162 133
97 20
0 132
89 127
81 131
172 2
162 18
181 46
178 146
168 100
95 182
168 105
152 15
35 115
104 165
179 131
171 93
6 91
111 133
15 140
94 160
179 147
98 85
75 123
64 104
148 100
177 181
145 5
26 69
95 171
183 57
17 79
161 147
104 11
90 175
179 47
179 4
115 77
81 62
132 159
124 0
186 87
8 176
54 15
4 142
135 34
11 100
92 27
92 25
61 165
122 31
97 86
68 24
135 33
76 68
184 110
52 164
53 180
51 127
111 86
3 154
55 9
150 186
15 106
26 6
186 17
98 3
96 63
81 102
23 167
186 156
28 88
81 48
123 25
39 29
6 185
14 117
172 46
179 48
63 155
104 102
53 181
22 170
2 38
56 183
163 88
31 64
115 4
112 138
35 96
12 20
34 131
155 131
98 181
186 28
149 91
3 38
65 109
41 72
119 55
33 155
85 19
98 19
173 121
49 101
59 17
63 147
124 159
132 1
78 110
169 140
158 26
145 115
146 157
178 177
82 174
14 106
89 51
48 44
61 102
0 44
144 70
124 100
27 151
65 166
65 184
168 159
11 99
136 127
28 18
73 67
161 36
159 129
54 119
103 74
61 100
158 182
144 143
70 143
92 139
111 88
95 123
121 88
95 25
185 141
107 181
99 148
157 177
152 54
64 99
166 184
128 127
128 153
74 108
48 62
176 170
113 150
136 128
95 160
161 155
42 161
149 164
163 18
96 153
163 184
123 182
145 175
178 120
164 80
6 118
142 43
45 30
57 78
34 102
171 92
169 8
177 66
61 0
148 15
169 21
182 160
72 161
124 165
59 76
29 121
27 185
55 180
124 140
21 130
57 68
92 151
122 33
94 84
12 85
177 180
107 40
38 154
94 182
133 138
176 83
185 70
67 103
120 180
6 51
89 145
87 28
136 51
136 153
168 21
154 49
15 105
2 37
149 84
91 51
179 155
78 76
114 107
96 115
167 24
176 82
80 137
172 98
58 56
179 60
103 182
31 34
150 87
52 51
40 45
20 138
96 147
56 59
185 151
89 144
35 153
93 139
69 144
12 19
172 66
118 144
61 132
132 130
47 131
162 88
149 52
151 141
126 174
107 46
177 107
159 130
8 82
78 125
110 125
161 33
156 59
98 46
145 116
172 181
163 79
172 3
87 18
120 177
156 17
127 153
14 126
20 101
165 100
42 128
5 77
19 49
40 46
52 50
94 74
48 43
90 116
82 126
12 97
35 127
97 112
76 24
58 57
167 171
83 174
