101 190
0 1
2 3
4 5
6 7
2 8
9 7
10 11
12 13
14 5
2 15
16 17
18 19
18 20
11 21
22 5
23 0
16 24
25 11
26 27
16 25
18 28
29 5
30 5
16 31
32 13
33 34
16 35
36 5
37 33
31 27
16 38
27 4
18 39
40 0
2 41
24 18
36 7
42 33
43 11
2 43
18 23
18 44
18 45
13 22
46 18
34 7
2 46
47 33
33 48
11 32
49 13
11 50
2 36
51 5
0 52
53 11
52 7
54 11
27 55
36 27
56 0
57 7
13 58
0 59
11 60
2 61
36 33
62 0
16 63
64 5
65 5
50 7
27 66
63 7
27 54
67 0
33 68
60 13
69 33
33 70
0 71
2 72
72 16
16 73
33 74
11 47
2 75
33 29
16 76
66 13
2 69
7 77
18 6
78 5
16 64
11 79
59 7
16 26
33 80
73 13
81 16
41 7
2 49
27 82
16 83
84 0
80 7
82 13
44 11
16 51
16 85
70 13
2 86
61 0
87 33
68 0
18 88
2 89
28 13
48 5
90 13
27 40
27 84
71 5
0 12
13 91
27 42
19 33
38 7
11 62
75 7
92 13
91 5
18 10
27 57
89 0
85 13
13 93
45 33
2 14
16 87
94 11
2 53
7 30
18 67
55 11
20 27
21 5
95 5
96 33
2 81
93 7
97 7
0 95
79 7
11 56
98 5
17 0
8 27
27 97
11 96
15 5
18 65
58 7
39 27
74 13
2 90
99 18
35 33
83 18
88 5
11 98
77 5
36 11
36 18
76 0
18 92
36 16
33 100
1 13
27 37
16 94
27 78
100 0
86 27
36 13
3 33
18 9
36 0
2 99
