94 376
0 1
2 3
4 5
6 7
8 9
10 11
12 13
14 15
16 17
18 15
19 13
20 13
12 21
22 23
24 25
26 27
28 29
4 30
2 31
14 32
33 34
35 36
37 38
39 26
40 12
10 41
27 42
43 44
45 5
46 47
48 49
50 13
51 52
14 53
17 54
11 55
56 45
57 7
58 47
59 52
60 61
4 27
62 63
64 47
3 50
65 39
37 43
35 66
66 21
67 38
36 40
23 68
36 68
69 52
70 30
7 44
61 19
44 68
14 67
21 71
13 72
41 73
24 74
50 49
57 9
35 54
26 69
75 40
31 63
34 5
27 31
46 15
60 17
24 35
70 25
76 73
77 5
28 71
36 78
79 80
81 42
17 34
82 33
64 38
41 1
14 42
57 37
0 2
75 10
22 56
15 72
16 52
41 66
2 59
41 37
55 9
75 71
75 24
83 1
84 60
52 70
77 48
85 68
45 55
86 81
10 30
51 73
2 38
50 29
32 16
64 45
33 66
4 80
81 9
10 81
6 71
33 26
18 85
81 87
74 21
47 44
8 88
84 14
60 31
89 40
37 46
81 52
11 78
3 46
61 29
9 47
24 90
76 21
88 21
61 65
87 53
53 90
20 23
35 91
26 49
0 42
16 90
82 7
75 77
16 56
60 87
83 29
17 25
61 32
84 3
35 18
18 49
4 7
4 84
29 7
92 49
28 56
76 54
12 53
64 90
6 31
67 48
46 87
46 22
50 78
62 48
25 88
33 90
51 34
92 11
2 55
22 78
32 30
1 92
66 70
37 32
29 64
93 19
89 65
44 25
49 59
68 74
93 40
6 1
82 56
79 86
33 43
73 25
5 59
13 67
85 42
93 83
62 20
36 81
23 88
14 75
3 34
39 68
84 56
89 16
85 55
8 53
0 39
78 31
79 24
83 87
86 48
59 47
35 63
28 70
0 35
53 54
31 70
79 58
28 36
93 58
22 51
45 40
83 76
79 41
11 74
66 55
28 53
10 44
58 51
0 30
89 18
14 59
37 54
12 63
53 44
73 36
86 15
67 34
80 68
23 59
65 72
29 88
39 86
41 8
18 71
83 55
26 25
89 88
31 90
54 11
12 86
6 58
48 55
5 78
93 15
69 72
38 81
19 80
6 45
73 15
8 78
7 86
69 76
93 62
91 27
36 32
26 87
51 92
85 58
72 30
89 27
82 8
28 92
92 38
77 54
4 73
69 7
76 56
46 80
29 63
64 39
3 69
43 52
75 69
75 20
8 91
5 21
3 62
10 56
61 91
17 72
33 40
27 47
20 64
3 91
84 43
65 6
62 65
6 67
5 87
92 91
48 88
0 57
89 11
62 44
74 52
57 34
63 80
61 77
64 18
51 63
20 57
77 70
23 54
58 30
26 32
12 1
82 2
92 72
60 40
9 72
86 91
79 89
79 2
28 79
22 24
57 74
84 39
65 59
65 66
27 13
77 1
43 71
80 49
60 74
15 74
82 18
16 1
51 39
8 93
23 30
66 50
50 58
22 42
17 80
77 82
23 33
85 12
83 24
37 85
9 71
45 25
61 22
62 42
10 34
19 0
76 47
20 87
4 38
20 73
45 91
85 69
43 83
9 63
46 70
82 13
42 17
93 38
19 71
57 49
41 60
32 21
67 68
19 90
84 88
43 78
76 67
19 11
90 48
50 16
