1846 2203
0 1
2 3
4 5
6 7
8 9
10 11
12 13
14 15
16 17
18 19
20 21
22 23
24 25
26 27
28 29
30 31
32 33
34 35
36 37
38 39
40 41
7 42
43 44
45 46
47 48
49 50
51 52
53 54
55 56
57 58
59 60
61 62
63 64
65 66
67 68
69 70
71 72
73 74
10 75
76 77
78 79
80 81
71 82
83 84
85 86
87 88
89 90
91 92
93 94
95 96
97 98
99 100
101 102
103 104
5 105
106 107
74 108
109 110
111 112
113 114
115 116
117 118
119 120
121 122
123 124
125 126
127 128
129 130
131 132
133 134
135 136
137 35
138 139
6 140
141 142
5 143
144 145
146 147
148 74
149 150
151 116
152 153
154 155
156 154
22 110
157 158
158 159
160 161
162 163
164 84
165 166
167 168
21 169
170 171
172 70
173 150
174 130
175 176
177 84
178 179
180 181
182 183
87 184
185 186
187 188
189 190
191 150
192 193
194 195
196 197
198 199
200 201
202 203
147 204
147 205
70 206
4 207
208 209
191 210
211 212
213 214
215 216
217 218
61 219
220 221
222 223
224 84
225 226
227 228
229 230
231 232
71 233
234 235
236 237
238 239
240 241
242 243
244 245
140 246
247 139
248 249
250 66
187 251
252 253
254 126
255 256
257 258
86 259
260 261
262 263
87 264
265 266
267 66
268 269
270 271
272 273
274 186
275 276
277 278
279 163
280 281
282 283
87 284
285 286
287 288
289 208
290 291
292 5
293 294
295 296
77 297
298 299
300 66
301 302
70 84
303 304
22 305
40 194
306 307
308 187
309 116
220 310
311 312
313 314
315 316
0 317
318 319
320 321
48 322
323 324
325 326
194 48
327 328
329 330
331 332
333 334
6 335
56 336
150 203
337 338
339 27
340 341
342 155
343 344
345 346
347 348
349 350
351 77
352 353
354 102
341 355
356 105
333 357
358 359
360 361
362 363
364 365
366 367
368 369
370 320
128 371
370 321
372 163
373 139
374 375
376 5
377 378
379 294
380 381
382 383
384 27
385 386
140 387
145 369
388 389
282 390
208 221
391 392
370 68
310 102
393 31
342 394
395 304
396 397
398 399
400 401
402 126
388 403
108 312
404 405
406 407
80 408
409 220
395 208
402 410
411 404
282 116
282 293
412 413
12 102
414 415
162 416
71 417
418 14
419 420
421 422
423 424
425 426
427 424
85 77
428 220
429 77
430 147
431 432
221 433
434 435
436 194
437 438
439 440
441 58
442 66
443 444
36 445
87 446
96 447
347 448
449 450
181 451
452 453
454 303
455 150
310 456
457 458
459 66
460 461
87 462
463 464
465 466
467 223
468 259
156 469
470 385
471 472
473 474
367 142
475 228
119 476
477 478
479 480
121 481
377 482
483 484
485 486
487 381
85 488
361 489
453 363
490 491
388 492
302 493
194 494
495 496
38 497
498 194
499 255
70 107
67 320
500 501
154 502
503 504
87 505
506 507
508 117
67 509
453 362
382 510
511 512
513 482
496 410
514 66
515 11
516 517
518 519
47 520
521 29
145 522
509 286
523 524
187 525
287 526
71 527
528 529
384 530
243 531
242 532
533 12
534 535
536 100
537 538
539 102
10 540
541 542
295 543
544 545
546 381
95 480
32 547
291 214
87 548
85 549
550 551
525 552
553 240
554 555
556 557
558 559
302 560
322 561
101 562
563 562
564 185
479 565
566 567
568 569
570 571
572 27
523 573
574 66
575 576
0 577
578 579
580 581
450 582
494 312
583 584
585 70
561 586
587 588
589 220
590 591
592 593
594 359
595 596
597 58
598 126
37 273
400 599
454 600
457 141
194 19
568 601
182 353
457 85
602 542
473 603
103 604
605 147
606 269
607 74
45 181
185 608
560 609
610 231
471 611
578 612
613 614
615 344
616 31
540 330
13 617
618 619
620 621
275 410
622 523
623 66
452 409
311 624
625 626
627 628
40 629
479 447
630 631
632 197
172 591
514 126
633 312
296 447
319 443
87 634
36 635
636 637
638 69
470 639
410 640
641 642
643 644
645 646
4 131
647 103
648 416
150 167
204 434
296 561
246 649
650 651
652 653
654 19
243 27
613 502
655 343
656 657
658 659
660 661
485 662
663 114
664 611
212 329
665 666
667 668
669 273
420 670
671 672
673 538
441 674
675 676
677 56
678 538
679 680
48 407
681 682
683 186
684 685
686 102
687 287
257 5
688 230
71 689
690 691
692 66
693 194
571 694
467 695
426 187
314 696
2 697
698 357
699 419
483 700
227 559
701 84
702 703
704 425
705 706
707 708
709 710
711 712
680 713
468 211
509 321
714 715
716 503
717 220
718 29
111 188
414 719
720 348
152 721
722 723
724 725
533 726
724 727
409 599
3 453
374 728
729 730
638 731
732 69
733 538
734 518
238 735
736 737
738 739
454 740
741 742
87 743
744 745
348 746
747 748
749 434
725 750
5 751
752 753
240 621
754 142
496 116
140 304
180 755
756 477
757 256
758 759
688 760
267 102
761 762
763 764
87 765
766 66
767 768
208 769
569 770
771 772
377 773
774 775
202 187
295 126
776 777
778 779
780 578
39 497
540 11
409 403
781 676
160 5
293 782
783 181
95 479
67 784
785 519
786 787
3 437
207 132
788 789
790 186
791 538
641 792
793 265
29 794
633 597
559 228
505 795
309 163
95 200
208 796
797 798
22 799
800 798
801 187
662 802
803 804
183 805
409 502
558 806
807 808
203 410
809 810
724 811
147 122
22 434
12 617
812 813
814 66
815 816
817 818
819 820
821 822
200 676
823 102
332 11
529 824
40 825
87 826
827 828
479 200
630 406
796 304
95 586
829 830
762 7
831 397
832 611
833 834
182 260
835 126
114 836
461 114
397 837
95 838
839 840
285 841
22 443
2 792
566 842
843 29
844 562
348 845
846 487
323 847
848 110
849 850
851 231
827 852
853 854
225 847
635 855
856 857
858 665
465 187
560 838
340 859
860 102
861 862
487 1
624 863
864 648
840 865
866 538
557 505
867 868
74 58
869 870
871 565
872 873
874 759
875 876
0 749
877 585
878 74
858 401
479 879
319 562
880 183
881 302
639 882
220 883
589 884
601 561
885 72
246 329
248 886
285 588
87 887
888 889
890 891
892 369
87 893
894 726
895 896
85 90
2 897
898 66
303 208
899 487
825 546
900 56
901 902
903 538
904 240
905 906
87 907
757 908
87 909
185 910
911 621
912 913
71 914
688 915
103 504
578 916
917 231
164 68
918 386
487 542
282 224
919 357
920 921
447 694
126 630
269 847
922 859
923 382
220 924
409 244
771 925
296 154
926 197
927 928
929 596
930 931
612 529
932 933
460 934
935 936
36 834
937 938
939 546
940 126
297 670
121 240
941 187
942 943
944 945
946 947
888 557
258 239
724 948
949 329
558 354
566 70
950 951
85 458
952 953
724 122
468 77
954 5
267 955
956 957
958 706
959 79
220 960
479 624
410 680
483 961
815 962
96 200
700 189
963 8
595 929
123 220
58 674
964 220
185 965
966 967
968 330
969 5
970 194
971 972
323 973
208 974
975 187
350 41
784 397
2 766
8 976
48 977
978 979
870 354
980 981
769 304
158 936
982 305
983 984
447 985
225 403
333 408
986 844
987 988
681 989
990 712
991 187
992 15
71 993
994 240
73 105
995 996
99 997
418 15
75 998
999 150
1000 1001
1002 706
1003 70
479 96
1004 1005
1006 193
1007 1008
385 639
1009 150
1010 1011
434 312
302 1012
208 1013
1014 240
293 1015
248 935
1016 726
725 837
191 1017
85 656
1018 808
1019 549
230 1020
990 1021
1022 100
1023 29
414 1024
740 208
1025 1008
14 741
725 241
1026 56
1027 1028
313 187
561 126
1029 114
450 1030
1031 118
1032 678
509 784
113 212
1033 1034
1035 546
1036 1037
1038 220
1039 29
85 468
1040 1041
722 21
954 107
982 1042
69 1043
87 1044
189 1045
1046 862
1047 737
1048 669
968 581
935 220
982 1049
725 1050
383 1051
483 1052
543 829
833 245
963 186
1053 79
1054 1055
110 54
158 167
584 1056
397 314
1057 1058
45 1059
544 1060
452 736
1061 818
1062 5
311 1063
1064 139
87 36
257 1065
1066 1067
1068 798
1069 1070
1071 163
10 514
96 879
1072 212
1073 577
1074 220
450 1075
1076 1077
419 1078
1079 1080
797 492
915 538
349 857
903 163
1081 1082
1083 1084
1085 1086
1087 1088
248 1089
37 855
1090 118
1091 410
103 1092
103 1093
87 1094
240 1095
1096 79
282 1097
495 1098
1033 1099
314 524
1100 1101
1102 187
1103 759
87 1104
821 117
255 102
650 416
479 381
57 1105
1106 1107
1108 1109
87 1110
318 504
458 549
454 1111
964 759
1112 573
458 892
1113 921
872 1114
1115 1116
524 1117
457 468
1118 1119
208 1120
1072 84
294 1121
1122 84
1123 516
1124 420
460 114
458 1125
755 798
67 321
1126 154
1127 557
1128 187
1129 504
1130 1131
348 1132
520 48
1133 731
831 5
608 1134
1126 388
1135 74
1020 102
1136 1129
1137 795
103 1138
310 134
87 927
1139 5
872 447
5 330
252 179
96 546
829 1140
1141 230
336 44
90 549
153 721
862 458
1142 590
1143 269
905 290
1144 1145
1146 1147
87 1017
87 1148
518 728
877 1149
538 1150
366 1151
97 176
454 1152
632 505
1153 921
87 1154
1155 126
243 679
43 102
1008 1156
1157 998
1158 1159
67 370
96 381
87 1160
771 1161
143 502
1162 487
1163 189
724 1164
479 102
854 1165
923 681
141 1166
258 143
443 1167
1103 1168
942 1169
85 1170
1171 1172
705 1002
243 546
1173 1074
1174 389
158 1175
87 1176
319 434
274 1177
1178 984
452 363
1179 1180
87 1181
1182 230
759 89
862 595
293 1183
1184 546
1185 565
613 1186
1187 557
1188 417
1189 150
903 105
1190 112
874 1191
343 278
87 1192
83 231
231 1193
982 124
43 1194
71 1195
560 1012
546 1196
550 1197
450 1198
334 408
1199 147
141 1200
1080 1201
1202 5
101 504
87 1203
1135 597
382 336
280 140
851 1204
633 74
908 1001
85 1205
1206 381
566 1207
587 437
238 487
1208 1209
287 1210
725 955
2 1211
1212 1213
89 540
1214 757
1048 626
450 1215
230 35
1216 760
725 1217
1218 1219
1220 1221
697 502
736 1222
869 74
717 240
695 223
123 357
1223 1224
425 1225
348 1226
15 1227
724 1228
87 1229
680 1230
1231 338
901 1232
1208 72
458 1233
418 741
1234 31
919 972
928 1235
332 670
1236 921
1237 179
1238 126
1239 79
935 90
1240 278
1004 1241
31 329
1242 231
18 194
1168 154
348 1243
1244 487
71 666
982 1245
45 1246
191 1247
240 1248
293 116
1249 178
1250 1251
1252 29
1253 546
1254 116
293 1255
1256 1257
869 597
71 1258
1145 792
725 1259
349 19
208 1260
452 362
453 1032
964 187
443 110
766 187
123 467
1261 1057
200 1262
1263 812
926 163
590 588
738 1264
1265 142
1266 1267
1208 1268
238 1269
18 1270
71 1271
261 1272
22 1273
68 321
293 1274
1275 81
48 312
1276 51
1277 1278
486 1279
919 733
628 538
1280 181
812 70
473 1281
347 32
411 1282
641 1283
1284 114
377 669
443 54
457 1019
932 1285
529 1080
452 258
1008 51
40 95
1286 557
147 724
22 825
158 1287
249 447
1288 1289
813 1159
208 1290
724 1291
1292 252
1111 1293
562 1294
477 996
524 1121
454 769
724 1295
29 798
7 1296
1019 90
1297 1298
1299 1300
1301 694
1302 1303
150 1304
1305 653
48 1306
1251 261
1307 456
143 187
322 447
1308 571
1309 1310
282 1311
210 1247
1312 546
1313 408
421 153
1314 1315
96 102
1316 751
195 1317
1318 100
950 1319
87 1320
302 1321
1322 102
163 330
87 1323
220 74
323 1324
158 1325
1326 72
1327 1328
1329 27
1330 1331
1112 642
1332 5
1333 35
724 1334
1335 1336
630 863
1173 1337
725 122
397 403
793 220
1338 126
126 406
1339 142
665 240
1267 102
1340 1341
937 66
1342 1343
770 798
1171 1344
479 694
1345 154
1346 181
792 58
967 220
125 27
1347 114
302 649
208 1348
458 1349
1350 5
891 1351
318 562
220 557
1352 1353
220 1354
348 1355
901 1062
1356 1357
429 1358
128 25
275 1359
1360 1091
348 1361
1362 150
57 1135
1363 1204
590 70
95 582
1364 1365
29 405
1134 591
1021 711
1366 150
1367 1008
1368 597
1369 231
483 1370
143 126
431 1371
71 1372
87 1373
1374 1375
85 671
114 1376
766 1377
1378 240
1010 1379
888 936
87 1380
1381 1382
1383 708
625 1294
1384 1385
1386 240
85 657
1387 306
1388 282
554 266
1389 1008
87 1390
398 1391
724 806
1392 653
198 29
1393 278
892 102
320 68
1394 733
1395 1396
1174 256
563 538
1378 983
347 1324
759 801
41 355
1397 74
281 178
1398 1072
158 1399
1400 420
1401 116
872 1402
1403 434
1404 1405
87 973
51 1406
747 126
970 40
641 112
935 1407
747 540
29 599
38 427
1408 578
1409 5
1410 5
398 1411
329 251
479 546
1412 87
50 1413
436 312
71 1414
256 102
938 43
1415 825
1048 240
1402 434
1416 126
1417 1418
1419 369
174 502
1420 1109
508 208
1421 397
1422 1423
530 1424
505 357
1425 95
208 122
198 1426
649 560
460 1427
812 679
1428 502
1429 231
1404 1430
725 1431
293 1432
904 397
1433 163
183 1434
349 296
1435 1436
100 997
91 1437
1118 1079
704 426
450 1438
600 465
378 669
2 1326
1439 403
57 1063
427 39
968 1396
1440 74
1441 29
1442 245
725 160
163 836
1364 1443
1211 150
95 985
1444 694
1445 1446
479 825
1447 312
869 412
1332 118
1448 1449
1450 130
1451 1452
970 1453
240 656
194 434
1454 1455
473 273
724 1456
91 1168
261 1457
1458 194
1363 1459
1174 1460
293 998
725 1461
1405 1462
1463 542
147 725
421 152
1464 112
48 1321
468 297
1465 102
295 661
1466 1467
1468 1027
103 1469
453 1470
639 386
341 859
716 1471
1472 329
1473 1474
315 59
221 13
1475 1476
1477 720
568 770
121 403
483 189
608 31
293 1478
1479 808
1292 225
901 285
1480 220
412 372
1481 748
141 1482
1483 759
630 312
87 1484
348 1485
158 1304
458 895
103 1486
587 1487
473 1488
261 1489
1490 1491
825 570
1203 476
1427 114
1492 5
1493 186
1494 931
1080 1495
180 1496
124 286
160 679
114 1497
1191 1498
238 240
208 6
1007 1499
665 70
141 1310
381 586
87 1324
1500 759
1430 1405
992 66
185 189
1501 377
946 739
647 116
87 985
111 1502
738 1503
546 41
87 1504
1505 998
319 101
198 1506
1507 31
1508 1509
704 101
1510 1511
236 1512
1513 29
1310 274
1415 434
1202 240
1127 197
125 546
397 770
1019 77
1506 66
397 187
1514 357
220 187
1515 226
1516 476
560 251
275 921
1517 359
127 24
1313 1446
932 246
630 108
937 1518
1204 231
1126 1519
1520 102
1521 1522
1523 582
665 1524
183 1525
1526 1527
429 1528
704 319
1529 434
1530 154
248 1531
213 291
1376 995
1532 1008
937 1533
598 1534
198 161
29 1318
1016 69
460 1535
1536 397
556 1407
39 423
1537 29
220 1159
1450 416
220 1538
123 546
1392 220
1539 1008
1267 1540
571 1156
708 1541
450 1542
1543 1544
1463 560
271 1545
661 549
448 1546
454 6
290 214
1506 1547
726 1310
478 996
1514 187
125 286
1548 1549
1550 114
503 1136
802 1551
1552 80
1357 1443
378 1553
338 1554
1555 240
1556 1557
419 1558
68 784
1559 187
1560 1109
1561 1001
509 68
1460 1562
200 162
1563 653
875 540
1483 126
95 447
163 995
220 251
1564 69
1565 5
1566 487
911 1567
1568 150
757 557
872 1469
29 1569
946 1570
1571 523
1572 187
1573 1574
60 1575
454 280
1017 210
1576 1577
678 163
1578 972
1415 95
568 238
1127 689
452 304
447 212
1400 1049
1319 951
1004 588
1579 194
208 1580
1581 150
1103 187
813 1582
898 1095
158 794
0 1150
1583 724
1584 745
452 1585
208 140
1470 363
1586 394
338 203
48 154
1587 150
103 1588
1589 1590
447 381
1591 401
45 1592
1593 126
1594 258
1595 715
1596 1597
889 1598
468 86
1599 538
878 1600
320 509
203 187
546 571
1601 1602
784 27
1152 448
1603 1604
470 882
280 178
10 519
1202 118
1605 1606
370 784
785 332
1607 538
56 124
1608 187
131 207
716 980
40 571
801 387
1609 1001
1610 1342
1611 538
10 943
280 450
1196 1612
1613 1538
1387 307
1403 102
32 220
220 1614
761 593
1615 410
57 502
398 1616
1617 251
246 591
248 533
1066 374
986 332
1618 123
220 408
208 801
1619 998
217 56
693 5
370 509
1620 1621
1367 1341
622 80
579 611
348 1622
1031 5
87 1623
1624 1188
1442 355
1481 1531
1625 1626
912 997
87 1627
566 1628
791 338
704 318
424 1629
377 1630
1202 1204
1631 1289
1632 1204
1633 1174
767 1634
39 187
84 329
460 1635
556 632
453 1549
424 150
975 1636
590 338
1514 150
1430 1462
425 1294
0 1072
87 1637
724 359
700 1045
533 661
96 480
1638 1639
688 1346
87 1640
65 437
792 102
1313 221
178 1347
1641 546
1642 381
1643 79
1644 408
1017 1247
1645 1646
384 1179
568 416
1647 664
1648 1649
39 1629
1152 1650
1651 1652
1653 66
426 562
1654 135
206 1626
452 1470
1655 357
261 1656
0 538
1119 1079
1657 465
589 448
1658 1659
1660 1661
221 617
1500 1662
1663 253
293 1664
22 1665
935 410
185 1666
422 1667
40 349
1668 465
1669 759
1061 102
310 205
285 5
275 653
442 240
1091 187
2 1670
1671 1672
953 391
1673 1247
200 1001
512 1674
403 212
89 726
1614 408
690 239
208 1675
644 407
87 263
421 721
884 792
87 1676
570 41
75 942
125 102
248 1613
1677 1678
545 1679
1680 220
147 1681
1378 487
1179 1416
86 488
1682 338
89 770
398 75
348 1683
22 435
1303 1684
302 1463
558 995
630 1685
81 408
966 1686
558 13
280 1687
194 312
1047 351
1242 1204
293 155
377 922
1288 195
366 1688
71 832
991 150
156 1689
71 532
771 1690
1134 1687
788 1691
1692 117
208 304
875 269
225 988
454 208
220 505
1693 1379
1694 1695
194 1529
752 1159
259 751
29 203
95 1620
1696 1573
904 147
1697 302
889 935
257 102
901 860
208 1141
1698 397
1080 1699
1700 725
279 1701
878 1702
426 1294
1008 1260
465 102
1573 1703
220 827
1704 353
700 190
833 1705
905 1706
194 322
749 22
87 1707
1708 1709
435 154
2 1710
968 888
1111 304
991 410
150 255
147 1711
185 557
1602 66
1712 759
1091 1713
724 1020
1593 95
1282 405
1200 525
1714 245
10 82
31 1072
1427 253
23 546
27 1715
677 66
757 1716
633 1145
1717 1613
641 66
1718 922
147 1719
87 1720
1721 1722
150 200
1367 1723
1724 726
1635 114
10 1725
529 1201
1095 1726
1211 872
1004 1727
1728 1398
1729 447
1730 1731
1732 434
724 1733
174 1179
1734 5
368 66
1498 588
1735 1736
1202 231
240 812
1737 408
1738 1739
309 798
1740 253
1404 1462
780 1304
71 1741
1442 1553
1196 586
332 984
1218 117
1742 965
475 1743
208 117
665 1744
889 1407
566 328
1745 540
436 18
1746 220
319 110
113 1747
87 1748
220 89
1749 80
1182 615
221 1750
1048 653
1079 529
48 126
1751 1752
1753 69
1754 66
1755 173
1047 77
0 1756
200 1757
388 1758
1759 1760
468 656
696 338
1761 1008
87 1616
314 1762
1763 231
1764 29
1102 29
1470 362
575 113
641 1765
338 202
200 1766
87 1767
688 1607
1299 1768
905 1769
124 258
1770 565
590 1771
1517 1083
467 222
194 1057
6 304
1772 621
1773 1774
181 705
1112 523
704 563
87 1775
1776 1777
202 410
1778 253
905 1362
1779 74
869 1145
1780 759
1781 302
1782 972
96 825
454 796
454 140
1783 397
150 400
1784 1331
158 1785
688 538
1786 487
1763 1204
771 1787
206 105
1388 538
1788 1789
194 1208
200 258
1790 1774
669 1379
236 866
1538 102
524 525
1647 1791
774 66
220 466
866 282
1792 5
1522 394
126 863
329 1793
368 892
1737 1794
48 256
87 1795
87 1796
322 19
285 187
1472 949
563 1797
55 150
1392 1354
748 1798
1799 1800
71 1801
770 1508
1802 1803
361 480
827 1804
230 1497
1356 1805
1806 253
598 114
1807 5
1808 736
724 797
1295 5
1249 281
733 338
1809 112
1048 1525
1810 640
1152 208
96 565
1811 770
1812 220
282 782
1813 66
724 559
1145 112
200 1814
1815 231
1658 737
1275 80
861 187
1816 269
1080 824
1562 538
402 353
1817 1357
990 711
0 282
412 731
759 293
167 1818
1819 1820
660 1821
121 995
197 206
801 330
252 1822
208 387
1709 114
473 1823
874 1498
546 586
505 197
875 139
1471 254
1530 1824
1825 477
43 1826
1827 502
1828 74
566 1279
280 801
757 220
1829 1830
257 74
1831 212
1045 190
1832 124
1383 707
1784 29
1309 107
787 102
282 450
1305 102
1833 5
1834 66
1835 394
468 221
1654 803
558 1836
348 1837
37 142
740 796
1838 84
468 458
854 807
1299 1839
1363 118
878 641
75 1840
220 1149
1841 338
450 1842
349 194
122 542
156 357
692 1377
458 90
425 562
220 1843
1238 102
75 601
103 1844
1845 1247
