224 420
0 1
2 3
4 5
6 7
8 9
10 11
12 11
13 14
15 16
17 18
19 20
21 22
23 24
25 26
27 28
29 30
31 32
33 34
35 36
37 36
38 39
40 33
41 42
43 44
45 29
46 47
48 49
50 51
52 53
54 55
19 56
57 58
59 60
61 51
62 63
60 56
64 65
66 53
67 68
69 70
71 72
8 73
74 75
76 77
29 78
79 80
81 82
83 84
85 86
40 87
84 70
88 89
90 91
92 93
45 94
95 96
4 24
29 97
98 99
100 85
101 102
103 65
104 105
106 12
107 108
109 5
110 39
111 112
113 114
31 115
45 10
116 117
118 109
119 66
119 120
121 69
35 32
122 40
1 112
100 123
124 125
53 126
111 46
127 128
78 129
130 4
15 18
115 35
23 58
131 81
132 46
133 68
134 126
135 136
110 137
128 138
120 100
99 5
80 139
133 81
140 139
141 61
142 20
143 54
141 144
69 71
145 91
132 146
67 42
77 147
148 149
97 150
117 129
151 152
146 153
25 70
121 154
4 113
106 10
57 155
156 79
8 126
157 158
159 24
160 154
95 134
118 161
162 61
135 163
164 165
50 163
166 153
167 168
106 157
123 169
27 38
170 153
171 166
172 173
125 174
127 158
152 21
175 12
31 3
17 175
176 77
74 177
178 58
179 180
128 173
181 182
183 116
98 184
185 75
186 163
143 76
109 187
188 64
152 32
144 92
151 19
15 38
158 189
104 42
97 171
136 165
99 174
190 191
88 192
64 179
179 44
83 182
135 6
171 87
183 189
193 103
31 53
116 178
131 175
119 33
194 195
196 114
106 191
197 147
41 9
51 165
43 20
59 198
199 54
131 11
200 147
201 187
157 78
14 187
43 121
7 202
97 129
46 1
203 202
94 105
120 86
145 112
168 2
64 162
66 169
204 205
206 58
39 16
37 169
130 159
68 104
166 132
207 102
25 83
188 186
151 198
14 181
157 183
168 48
94 205
65 186
164 208
209 173
156 210
145 0
179 160
176 197
143 211
117 47
142 212
13 213
95 34
54 214
92 13
41 73
12 63
154 70
124 210
193 186
188 50
196 57
14 26
161 5
69 212
28 197
30 94
125 185
215 148
199 209
185 139
28 200
110 214
216 73
190 137
52 34
80 217
137 16
59 2
138 159
194 207
214 218
144 76
130 161
92 180
217 101
9 134
104 205
133 105
170 219
205 96
206 111
17 63
215 123
115 66
141 77
122 34
208 51
22 149
127 209
168 73
103 43
219 146
56 202
203 6
220 155
101 194
176 214
67 221
160 25
201 93
95 204
22 36
138 23
122 150
197 218
72 212
204 42
115 37
113 99
116 206
82 11
22 212
160 213
178 189
13 201
49 202
185 88
65 44
193 7
213 180
120 169
152 20
3 198
209 137
33 86
108 49
217 89
121 142
89 102
114 74
23 196
71 84
190 127
206 47
216 167
192 220
125 140
87 153
138 178
219 85
103 19
141 208
208 147
192 177
211 118
222 90
59 48
8 2
196 177
107 167
162 180
107 48
45 82
195 91
172 55
149 72
124 184
183 129
204 9
203 108
155 177
136 50
190 62
193 56
161 55
211 93
32 198
158 191
118 201
144 162
174 184
78 10
188 61
213 26
7 163
195 222
27 218
52 134
192 102
220 207
79 140
40 170
159 173
114 24
35 21
87 150
170 86
148 36
21 142
166 47
82 105
182 26
174 75
171 117
62 16
216 221
176 143
122 96
0 90
211 55
88 74
52 119
181 223
89 139
76 93
30 150
113 75
109 98
221 41
39 218
207 91
128 189
220 145
30 96
18 62
37 215
3 126
191 63
110 199
200 164
111 57
60 49
223 187
60 151
98 223
154 44
155 112
199 172
140 210
172 130
