153 177
0 1
0 2
0 3
4 5
4 6
7 5
8 9
8 10
10 5
10 11
12 11
12 13
13 5
9 14
15 14
2 16
2 17
2 18
2 11
2 14
19 20
19 21
14 22
23 24
23 20
25 26
25 27
25 28
29 6
29 30
24 31
24 32
24 33
24 34
26 35
27 36
37 38
39 40
41 38
38 42
43 40
44 40
45 40
46 40
47 48
47 49
21 50
21 22
51 22
52 53
52 54
53 55
53 56
57 22
54 55
58 59
58 60
61 59
56 55
60 62
63 35
64 35
65 35
66 35
67 35
68 36
69 35
70 35
71 36
36 72
73 74
73 75
73 6
73 76
73 77
6 31
6 77
6 78
6 79
77 78
80 81
80 48
80 82
82 48
74 83
74 84
75 84
30 85
30 5
86 40
87 88
87 48
87 89
90 91
90 92
93 94
93 92
95 96
97 96
97 98
99 96
98 40
98 100
101 96
102 96
103 96
94 96
59 104
59 105
55 105
55 91
106 48
106 107
108 48
108 109
109 107
110 88
110 35
110 89
111 112
111 113
111 114
115 112
115 42
40 116
40 117
118 119
118 120
118 121
118 114
122 121
123 124
123 113
123 42
125 96
126 96
127 96
128 120
129 48
129 107
130 116
131 96
16 132
17 18
3 133
18 134
135 96
136 137
136 100
137 96
116 138
139 140
139 96
141 96
138 140
142 96
143 96
88 81
144 35
105 50
50 81
124 145
121 146
121 81
121 62
72 147
148 32
147 32
28 32
34 149
149 31
120 96
81 150
81 151
48 35
150 152
145 151
