210 1364
0 1
2 3
4 5
6 7
8 9
10 11
12 13
14 15
16 11
17 18
17 19
6 20
21 22
23 24
25 26
22 27
28 29
30 31
32 1
33 34
35 22
36 37
33 38
6 39
40 41
42 43
17 42
17 32
44 22
45 46
25 10
47 48
49 22
50 2
4 36
36 51
33 52
25 53
54 27
16 55
6 33
9 3
56 57
58 19
59 6
60 27
61 62
33 16
45 58
26 15
32 58
45 63
64 65
6 66
17 67
68 13
69 36
6 2
58 52
16 9
70 66
36 71
35 72
33 54
73 74
25 75
6 62
61 36
5 22
17 38
64 76
61 15
47 77
78 79
68 37
25 27
6 68
80 81
23 22
25 82
54 22
83 84
85 82
86 87
88 89
36 22
53 75
90 42
32 36
25 1
36 1
85 15
91 92
93 36
6 79
94 36
9 95
34 31
6 54
24 96
45 29
67 92
64 97
6 4
98 18
64 99
100 91
101 52
41 15
56 46
2 66
102 27
36 103
104 60
32 105
17 106
60 107
108 19
36 65
45 109
72 23
80 58
77 3
110 88
6 106
36 111
35 112
40 111
56 22
113 22
114 115
34 52
17 91
9 116
24 75
12 41
66 15
85 14
19 44
42 22
117 42
118 15
64 100
36 119
6 120
91 75
110 19
36 121
122 29
25 123
25 124
109 92
1 15
125 115
126 127
101 9
4 123
80 33
128 109
42 78
129 130
131 45
117 36
10 9
126 36
8 132
5 75
80 41
87 75
6 133
6 134
6 135
6 24
24 22
20 21
6 115
33 136
137 27
9 22
2 107
17 22
39 70
6 138
85 123
17 9
58 39
21 101
139 37
28 74
140 15
141 48
16 2
69 136
84 116
94 22
61 58
140 45
6 85
1 142
64 113
19 62
6 143
110 144
145 99
84 57
103 23
17 84
85 125
6 146
132 2
100 45
80 147
148 90
103 142
6 89
149 36
129 133
8 82
150 36
106 63
22 116
35 62
45 51
106 124
6 100
64 139
132 9
131 56
61 151
145 152
81 33
153 9
154 42
61 45
155 115
25 52
156 115
36 88
6 125
22 52
95 46
60 138
106 54
150 132
115 75
6 26
36 11
157 13
36 75
64 157
6 142
42 36
128 22
36 127
21 112
5 36
158 70
1 13
78 9
42 74
2 41
35 42
25 138
60 115
151 62
25 150
159 22
91 54
140 42
6 112
111 62
90 36
83 142
42 98
100 128
44 160
26 22
156 1
77 36
45 19
81 161
25 37
26 54
162 134
17 104
10 8
128 163
58 18
45 132
129 118
6 164
17 14
60 41
115 22
25 41
61 135
119 55
54 41
165 62
104 75
166 81
117 2
54 167
25 115
1 167
25 35
45 77
10 60
17 66
162 22
6 83
42 24
64 115
36 53
80 85
6 168
106 169
23 52
122 84
170 113
171 111
42 30
172 7
6 74
36 135
100 82
61 114
10 124
141 36
35 24
131 46
162 15
162 55
33 21
155 156
64 4
106 45
141 165
33 2
34 55
36 102
36 173
8 60
6 174
25 163
58 123
39 152
166 147
6 139
91 97
166 80
175 152
131 78
108 9
33 12
25 174
91 109
84 79
166 129
47 64
45 137
0 2
25 83
163 156
176 18
17 149
64 108
150 75
82 60
8 19
177 51
14 9
131 116
6 113
45 3
118 135
80 178
162 63
110 165
25 58
6 42
64 155
9 29
160 179
140 52
64 85
166 18
139 68
25 20
64 127
35 60
160 22
140 22
123 15
107 3
17 135
135 142
135 98
20 71
58 9
138 51
117 9
40 15
100 66
64 34
61 51
28 42
106 11
6 53
34 40
180 63
181 77
97 27
10 78
160 142
67 42
2 22
144 89
19 60
46 3
140 66
108 61
61 156
162 54
61 52
182 116
63 22
89 2
120 22
6 123
6 34
36 98
40 54
31 99
147 36
162 41
27 15
2 183
113 171
17 1
36 82
36 145
17 170
68 22
149 184
145 46
135 66
122 157
25 14
92 15
166 185
36 139
9 46
16 41
6 162
4 75
33 82
128 99
58 135
33 93
42 106
75 124
35 115
6 1
2 109
36 152
16 66
10 106
17 61
118 22
186 36
36 39
56 60
36 104
140 54
131 36
25 4
86 144
155 33
55 83
44 187
175 107
33 100
6 21
22 41
42 66
86 129
54 52
8 75
55 22
139 22
94 107
129 151
182 142
23 1
33 128
175 60
64 149
134 22
106 75
25 64
42 9
140 2
47 119
39 22
174 22
134 167
5 188
54 15
42 107
49 62
103 187
2 52
47 134
106 9
25 104
186 22
17 88
36 43
19 37
16 135
9 137
1 24
85 27
11 2
67 91
64 187
2 174
36 70
0 9
56 183
36 133
17 45
131 79
135 15
134 36
162 42
6 55
36 189
25 120
169 190
59 25
19 9
137 22
140 40
106 1
42 31
56 9
56 52
35 55
95 3
47 107
36 191
19 14
6 22
113 130
169 22
6 176
133 176
61 3
7 60
17 6
39 15
7 62
11 161
78 183
91 60
61 78
1 146
91 2
42 99
58 185
182 189
17 35
7 75
36 12
106 19
155 144
35 187
25 42
160 136
55 185
10 36
83 19
17 125
31 2
64 22
85 41
36 129
106 77
64 67
4 52
64 192
106 46
33 65
45 84
193 61
6 52
6 61
55 187
66 9
45 14
131 84
6 194
100 195
92 187
64 75
6 183
6 124
20 23
106 132
25 36
106 78
85 9
182 165
53 70
33 26
162 196
34 63
17 39
36 41
63 9
35 85
51 43
45 0
42 27
36 160
17 120
55 167
26 19
61 170
45 2
42 46
82 187
42 163
6 19
19 99
36 122
2 190
34 187
45 153
1 197
64 101
134 9
174 37
53 142
14 22
186 42
25 8
36 137
33 149
105 42
170 129
186 44
6 58
6 171
82 22
188 198
33 157
42 123
45 56
34 42
135 54
55 66
162 2
119 22
122 48
78 123
130 142
80 185
154 6
190 116
6 150
2 63
168 37
32 85
34 109
161 182
119 62
44 2
93 82
9 109
22 183
78 23
78 46
36 174
67 2
163 66
118 19
33 187
172 124
186 95
1 199
51 9
134 135
36 63
147 185
164 75
17 40
60 124
6 78
2 102
78 14
85 22
64 54
105 18
130 115
85 91
43 22
33 92
53 22
46 43
45 16
61 9
2 123
77 2
4 12
42 73
61 142
33 42
85 1
158 46
112 72
125 200
7 11
6 27
47 141
6 96
36 38
134 66
85 61
61 39
54 123
16 167
20 19
67 1
125 22
6 82
1 54
91 129
36 9
6 16
201 22
195 22
117 45
154 54
45 66
2 27
61 0
64 33
19 202
154 75
60 120
62 116
119 122
25 187
122 2
17 10
150 22
66 109
180 19
186 182
61 203
72 24
64 23
184 146
19 137
40 115
75 37
46 22
113 49
91 62
33 140
150 128
28 0
11 9
6 49
204 1
131 152
2 84
78 56
69 160
113 151
47 182
87 19
42 205
2 43
19 15
11 60
17 75
44 183
115 92
174 9
17 194
17 182
53 122
6 50
17 68
1 184
36 142
106 36
25 201
86 14
179 22
19 72
56 2
6 151
101 23
64 42
25 89
86 92
19 48
60 22
206 123
34 185
17 147
34 56
25 122
45 24
78 19
25 7
33 4
32 185
162 16
7 115
67 41
61 161
165 1
6 37
106 43
6 200
9 183
174 15
60 37
59 54
119 48
6 86
64 12
7 36
32 91
61 200
36 44
61 118
84 9
42 183
36 184
94 99
106 14
36 50
88 27
36 187
150 42
106 3
6 157
131 9
54 98
4 100
91 122
171 142
157 184
106 152
147 81
19 183
1 205
84 183
17 51
0 62
33 75
6 90
45 101
67 52
106 44
45 170
108 125
103 92
56 84
207 36
108 22
45 116
36 87
129 160
177 61
128 129
112 101
134 23
162 185
17 148
36 203
42 164
85 183
104 41
36 179
60 142
131 145
55 54
58 22
119 189
17 85
32 39
36 164
34 58
131 175
42 45
78 57
90 109
25 168
6 14
118 2
129 136
108 42
172 161
112 55
33 36
6 179
80 32
42 41
20 54
33 50
6 23
6 76
34 2
19 174
6 12
106 16
88 144
6 119
90 54
58 51
112 103
86 26
6 118
24 109
6 46
42 95
64 50
147 178
21 23
60 74
6 140
20 36
106 142
36 182
33 110
17 4
108 78
17 37
33 139
45 36
135 22
106 123
110 106
47 29
11 43
162 167
175 145
87 54
140 9
33 127
85 136
6 136
165 99
58 66
64 137
152 46
135 41
118 142
5 115
85 58
134 41
185 18
20 22
64 73
36 194
63 54
56 116
186 16
25 198
113 137
106 58
6 121
106 135
55 23
67 22
28 134
8 45
19 2
78 116
42 52
115 62
148 36
85 185
25 119
39 54
87 14
60 75
99 2
138 54
35 75
23 66
138 75
33 99
28 73
119 60
9 79
17 33
123 43
25 87
208 61
150 85
17 2
118 52
106 22
112 36
134 55
1 52
138 22
6 116
6 60
115 27
40 66
155 61
169 116
131 183
23 92
33 188
113 27
27 168
6 44
17 59
25 162
59 86
25 6
85 45
6 92
36 113
4 76
36 163
86 88
25 136
61 2
6 75
91 12
85 118
45 123
87 15
182 48
150 142
67 109
42 180
56 79
59 15
9 123
36 206
35 52
154 115
82 75
61 152
34 11
58 36
175 46
59 36
0 22
61 98
20 68
6 64
119 75
61 49
150 23
19 123
170 30
36 188
141 1
118 54
22 48
64 82
66 41
30 2
40 22
99 109
31 109
207 45
10 54
128 173
6 36
134 2
8 22
24 15
106 0
157 37
6 173
108 36
192 60
36 76
42 39
25 33
97 52
66 115
40 2
134 161
100 118
17 41
108 45
36 165
159 40
17 15
91 163
90 195
98 22
16 44
36 74
129 66
118 109
106 95
17 111
39 2
85 174
16 115
17 54
4 133
152 115
33 137
36 27
6 72
22 15
17 46
19 27
33 122
36 204
1 202
17 12
61 23
17 20
134 45
27 75
45 39
33 22
6 15
5 123
135 167
56 169
33 185
45 95
100 19
35 33
113 99
45 174
150 33
154 25
24 9
53 60
209 164
6 5
87 60
163 22
42 136
56 119
6 41
106 170
33 15
36 125
106 183
100 74
15 52
162 19
2 15
4 188
123 22
140 106
91 19
25 85
85 54
56 122
25 46
17 58
6 103
106 39
161 0
6 195
42 63
117 106
25 200
45 11
115 198
162 66
99 3
182 115
36 84
33 76
129 161
112 23
25 125
110 9
45 79
33 13
116 183
128 115
19 157
60 52
34 142
131 2
42 53
9 62
61 92
98 41
107 120
34 22
6 137
91 22
17 47
113 121
106 15
85 122
42 116
6 57
14 54
175 115
126 160
75 168
20 15
6 198
33 101
99 107
6 87
142 120
61 175
110 36
35 36
112 8
122 163
98 15
6 10
97 41
170 9
25 22
36 2
135 39
64 122
36 157
189 51
22 200
58 15
106 26
14 2
32 18
64 15
45 9
79 116
102 62
45 62
42 122
6 108
2 46
19 63
51 52
180 183
34 36
42 37
66 62
21 103
17 190
19 109
45 78
47 33
84 46
106 2
7 42
25 91
131 115
6 35
58 54
25 5
106 29
6 91
122 19
10 45
67 99
20 149
25 142
11 27
10 15
6 161
180 94
180 61
161 29
25 164
61 115
4 22
184 13
45 26
150 82
61 190
33 97
208 36
6 98
207 4
100 161
91 15
36 114
36 52
82 185
149 13
8 36
64 60
6 8
158 36
33 60
134 16
113 40
25 24
64 188
36 161
78 84
100 42
49 115
26 84
136 22
150 19
91 115
201 36
26 9
10 185
34 15
171 38
0 52
39 9
6 38
45 183
17 43
162 135
6 187
4 60
34 54
120 75
6 122
154 22
112 187
25 93
150 60
122 54
33 85
6 189
144 109
61 196
17 34
162 140
0 102
8 104
155 187
25 60
25 118
25 15
8 124
64 2
122 22
39 52
10 26
64 92
0 39
42 91
16 22
208 106
36 46
86 89
91 72
