36 239
0 1
2 3
4 3
5 6
2 1
0 7
8 9
5 10
11 12
4 8
13 14
15 9
14 16
2 9
10 17
18 9
10 19
18 14
19 9
5 0
20 9
5 21
22 12
8 23
13 8
15 8
5 1
2 4
0 14
23 14
20 15
24 4
23 9
20 1
15 25
4 7
20 12
4 26
1 8
26 9
27 16
25 9
18 4
2 26
0 10
28 19
10 29
2 5
25 29
30 8
3 16
5 3
18 20
1 3
20 31
32 7
5 26
28 32
32 9
20 25
10 7
4 15
18 16
14 9
5 11
26 33
11 8
26 12
20 14
18 1
20 13
28 1
28 7
32 33
26 3
8 33
2 0
9 16
20 8
32 14
5 20
3 25
4 14
18 30
4 10
13 9
5 32
20 16
28 14
28 21
4 9
11 32
26 14
21 23
4 32
4 16
28 10
20 11
21 8
2 28
8 17
4 19
5 4
10 9
28 23
4 20
23 16
20 10
2 11
5 9
8 25
26 32
2 8
24 12
3 7
18 6
1 16
11 23
10 3
11 33
1 14
1 21
28 16
2 17
27 11
2 16
8 32
15 3
21 9
26 17
6 23
2 10
26 1
2 18
19 17
14 29
20 3
3 33
28 11
27 4
10 32
25 7
3 17
5 14
0 32
18 26
24 3
0 26
2 21
8 19
8 31
4 33
8 16
20 26
0 9
10 25
28 4
12 10
28 6
5 16
4 23
26 16
8 3
1 23
0 12
28 34
11 3
11 9
20 34
2 20
0 25
9 17
11 17
35 34
10 33
13 25
18 23
0 11
26 8
4 25
2 13
28 17
2 14
26 25
28 30
28 3
5 28
11 14
28 20
26 10
25 14
4 11
5 8
18 28
1 6
24 20
15 14
32 3
8 14
10 8
20 23
28 26
10 14
20 32
11 7
28 8
18 31
20 6
13 11
2 15
3 9
18 8
2 31
3 14
23 17
12 33
11 10
24 11
3 29
24 32
0 3
5 23
28 9
1 9
11 25
1 25
26 11
11 16
0 8
10 16
4 17
15 10
28 25
18 5
24 33
0 4
24 25
32 25
23 3
