180 1262
0 1
0 2
0 3
0 4
0 5
0 6
0 7
8 9
8 10
8 11
8 12
13 14
13 3
13 15
13 16
13 17
13 18
13 19
13 20
13 21
13 22
13 23
13 24
13 25
13 26
13 27
13 28
13 29
13 30
13 31
13 12
32 33
32 34
35 2
35 9
35 4
35 10
35 36
35 37
35 38
35 39
40 41
40 42
40 43
40 44
40 45
40 6
40 46
40 5
40 47
40 48
40 33
40 49
40 50
40 51
40 11
40 20
40 52
40 53
40 54
40 55
40 29
40 8
40 56
40 57
40 58
40 1
40 59
40 60
40 61
40 62
40 63
40 64
40 65
40 30
66 5
66 67
66 50
66 63
66 68
66 11
66 69
66 64
66 70
66 31
66 71
72 3
72 73
72 35
72 74
72 44
72 75
72 76
72 77
72 78
72 79
72 2
72 4
72 10
72 33
72 36
72 18
72 11
72 80
72 81
72 20
72 82
72 9
72 83
72 84
72 85
72 86
72 87
72 88
72 89
72 90
72 28
72 60
72 37
72 91
72 92
72 29
72 93
72 12
74 43
94 17
94 95
96 46
96 1
96 54
96 97
96 98
96 99
96 19
96 3
96 58
96 12
100 3
100 101
100 12
100 19
100 20
100 102
103 3
103 99
103 27
103 87
103 80
103 72
103 6
103 17
104 1
104 105
104 3
104 6
104 41
49 106
49 28
49 17
49 6
49 71
95 5
95 6
95 80
95 17
71 63
71 6
71 31
107 106
80 81
80 84
80 34
80 77
108 17
108 109
110 3
110 36
110 111
110 37
110 65
109 6
109 17
55 17
55 112
55 5
55 11
86 49
86 12
113 13
113 114
113 72
113 25
57 37
57 9
57 3
57 6
57 17
57 115
70 116
70 49
70 5
70 68
70 37
70 80
70 64
70 117
70 31
58 3
58 97
58 118
58 119
58 15
58 44
58 72
58 78
58 2
58 82
58 11
58 19
58 20
58 80
58 54
58 83
58 105
58 87
58 28
58 115
58 6
58 12
120 46
120 3
120 17
120 121
120 6
120 45
120 96
42 13
42 37
42 3
53 14
53 3
53 29
53 13
53 119
53 98
53 44
53 72
53 6
53 33
53 36
53 122
53 11
53 99
53 123
53 20
53 52
53 54
53 124
53 84
53 19
53 8
53 59
53 5
53 68
53 30
53 12
125 41
125 119
125 6
125 117
126 83
126 118
126 12
63 112
27 66
27 17
27 5
27 11
27 122
27 50
27 71
27 70
27 59
27 63
27 6
27 31
26 2
121 2
121 127
121 6
64 17
128 2
129 130
129 3
129 97
129 127
129 27
129 5
129 29
129 11
129 80
129 72
129 6
129 77
129 50
129 52
129 131
129 21
14 67
14 15
14 118
14 63
14 5
14 12
14 68
41 8
41 66
41 72
41 132
41 94
41 133
41 100
41 103
41 49
41 95
41 71
41 107
41 55
41 86
41 113
41 57
41 58
41 120
41 27
41 64
41 129
41 134
41 44
41 76
41 16
41 45
41 39
41 46
41 106
41 48
41 33
41 122
41 135
41 109
41 53
41 29
41 87
41 38
41 136
41 62
41 111
41 101
41 6
41 31
41 3
41 118
41 119
41 137
41 65
41 138
41 17
41 47
41 11
41 51
41 50
41 81
41 19
41 9
41 83
41 88
41 139
41 89
41 1
41 59
41 5
41 85
41 12
41 98
41 75
41 140
41 141
41 78
41 2
41 36
41 43
41 102
41 54
41 105
41 67
41 142
41 84
41 37
41 114
41 143
41 144
97 3
97 121
97 127
97 43
97 115
97 88
97 145
97 73
97 131
134 146
134 5
134 3
134 28
134 63
134 11
134 6
134 20
134 59
44 118
44 147
44 6
76 5
76 6
76 11
76 65
76 80
76 81
76 30
16 43
16 148
16 80
16 107
45 119
45 65
45 72
45 141
45 60
45 33
45 49
45 43
45 51
45 50
45 81
45 20
45 52
45 53
45 71
45 55
45 142
45 85
45 87
45 149
45 57
45 58
45 61
45 6
45 27
45 5
45 56
45 150
45 143
45 64
45 30
138 43
138 11
138 71
138 12
39 6
39 65
39 140
39 88
39 151
46 3
46 132
46 45
46 106
46 17
46 49
46 122
46 11
46 99
46 131
46 71
46 110
46 54
46 105
46 142
46 87
46 152
46 153
46 70
46 58
46 1
46 5
46 33
46 6
46 30
154 14
154 3
154 66
154 155
154 69
154 6
154 102
154 47
154 43
154 122
154 19
154 53
154 71
154 21
154 54
154 67
154 156
154 8
154 70
154 157
154 59
154 61
154 63
154 27
154 64
154 12
158 5
158 159
158 12
148 5
122 14
122 66
122 77
122 69
122 6
122 78
122 49
122 71
122 67
122 64
122 101
122 152
122 59
122 28
122 63
122 5
122 68
122 31
122 12
116 117
123 3
123 83
123 126
123 72
123 19
123 20
123 52
123 69
123 12
117 114
21 5
22 93
22 3
160 4
160 97
160 127
160 60
160 131
160 144
160 161
150 5
150 36
150 143
150 6
162 2
162 4
162 3
162 43
162 72
156 5
156 3
163 18
163 164
163 41
87 9
87 88
87 81
87 85
38 14
38 88
38 140
38 59
136 6
136 36
28 36
28 6
62 9
62 17
62 6
165 47
165 3
165 125
165 13
165 41
165 27
165 157
165 5
165 6
165 11
165 40
165 65
165 66
165 134
165 64
165 30
165 31
165 141
101 17
91 5
145 6
145 127
145 121
34 33
68 106
68 49
68 95
68 71
68 67
68 63
68 5
68 12
68 44
31 17
166 14
166 5
166 11
166 147
166 92
166 68
166 12
3 66
3 132
3 94
3 135
3 95
3 107
3 55
3 8
3 70
3 126
3 27
3 121
3 64
3 14
3 76
3 167
3 39
3 158
3 48
3 18
3 117
3 168
3 21
3 111
3 28
3 34
3 6
3 138
3 17
3 79
3 11
3 50
3 81
3 99
3 74
3 83
3 146
3 24
3 139
3 59
3 15
3 5
3 151
3 12
3 73
3 98
3 75
3 2
3 36
3 43
3 80
3 85
3 37
3 153
3 144
3 61
3 60
3 169
3 30
170 14
170 41
170 97
170 76
170 119
170 15
170 122
170 72
170 16
170 138
170 45
170 58
170 96
170 171
170 46
170 5
170 172
170 17
170 49
170 50
170 95
170 141
170 135
170 11
170 80
170 19
170 20
170 53
170 23
170 6
170 101
170 113
170 42
170 25
170 43
170 94
170 157
170 1
170 125
170 26
170 27
170 165
170 29
170 30
170 31
170 12
119 159
119 3
119 76
119 65
119 72
119 78
119 127
119 43
119 112
119 11
119 80
119 81
119 99
119 19
119 54
119 152
119 59
119 28
119 5
119 61
119 121
119 6
119 30
119 12
137 2
137 75
137 38
137 107
65 5
65 2
65 153
65 17
65 11
65 87
65 68
65 6
77 106
77 63
155 29
155 3
155 63
155 111
155 5
155 68
155 11
155 6
155 20
155 77
155 52
17 51
17 111
171 9
171 3
47 66
47 45
47 141
47 103
47 122
47 11
47 19
47 52
47 71
47 68
47 6
47 28
47 63
47 27
47 5
47 61
47 64
47 31
4 67
4 3
4 60
4 59
4 26
4 139
4 65
4 140
4 131
4 128
159 5
159 139
159 6
50 5
50 28
50 6
50 77
50 12
11 44
11 6
11 49
11 50
11 102
11 147
11 71
11 67
11 87
11 59
11 15
11 28
11 63
11 92
11 64
11 31
81 92
81 6
99 6
99 67
99 11
99 71
99 68
99 59
99 63
99 12
19 14
19 3
19 98
19 44
19 76
19 138
19 17
19 6
19 133
19 106
19 158
19 33
19 50
19 122
19 11
19 147
19 99
19 20
19 54
19 86
19 8
19 43
19 89
19 126
19 5
19 166
19 92
19 68
19 151
19 12
20 14
20 3
20 9
20 15
20 44
20 138
20 133
20 106
20 4
20 89
20 122
20 11
20 80
20 81
20 99
20 71
20 118
20 54
20 147
20 105
20 84
20 87
20 152
20 8
20 38
20 59
20 5
20 12
20 92
20 68
20 30
20 151
20 166
131 2
131 9
131 127
131 5
131 121
131 145
173 115
173 32
173 43
173 34
174 2
174 3
174 4
174 41
174 28
174 49
175 137
175 2
175 9
175 3
175 4
176 17
83 118
23 5
23 18
146 50
88 9
88 10
88 6
152 112
152 6
69 59
69 28
69 63
69 31
177 46
177 1
177 105
177 19
177 20
177 89
177 12
139 2
139 36
139 37
89 67
89 118
89 54
89 105
89 62
89 95
89 146
89 15
89 44
89 12
52 59
52 69
52 122
52 5
52 6
52 11
52 66
52 99
1 14
1 153
1 13
1 97
1 119
1 17
1 132
1 45
1 106
1 33
1 49
1 95
1 11
1 80
1 99
1 131
1 168
1 71
1 110
1 54
1 67
1 142
1 6
1 8
1 70
1 59
1 36
1 27
1 5
1 68
1 7
1 31
1 151
59 2
59 10
59 71
59 9
59 124
59 37
59 28
59 63
59 6
15 118
15 5
15 87
15 44
15 71
5 49
5 7
5 71
5 34
5 139
5 153
5 6
5 64
5 31
5 12
29 14
29 3
29 118
29 44
29 106
29 127
29 49
29 122
29 11
29 99
29 19
29 20
29 54
29 55
29 67
29 146
29 6
29 61
29 8
29 89
29 126
29 63
29 5
29 28
29 12
29 68
29 65
29 166
151 6
151 5
151 102
151 68
151 12
12 44
12 133
12 106
12 33
12 147
12 124
12 92
178 43
73 59
98 5
98 6
98 11
98 12
98 99
98 132
98 68
9 118
75 122
140 2
140 99
141 59
141 5
141 3
141 147
141 17
141 27
141 95
141 142
141 6
141 151
141 30
78 67
78 71
78 63
78 11
78 6
78 69
130 14
130 3
130 25
130 44
130 68
130 20
2 51
82 67
172 5
43 32
43 77
43 79
43 2
43 135
43 81
43 117
43 147
43 114
43 12
179 30
179 87
161 105
161 118
161 15
161 44
161 6
161 20
161 89
56 6
85 6
54 14
54 98
54 44
54 17
54 67
54 4
54 36
54 11
54 99
54 9
54 2
54 37
54 6
54 30
54 12
105 67
105 118
105 54
105 83
105 126
105 15
105 11
105 169
105 44
105 6
67 51
67 77
67 2
67 36
67 112
67 71
67 6
67 59
67 63
142 6
142 102
6 36
6 118
6 111
6 63
6 51
37 2
37 9
37 88
149 2
149 9
149 4
149 38
149 37
149 99
149 6
149 151
25 43
25 11
25 77
25 131
25 7
143 3
143 105
143 127
143 5
143 37
143 6
143 131
143 17
143 30
144 2
144 68
144 132
157 129
157 41
157 13
157 15
157 65
157 66
157 141
157 47
157 11
157 71
157 105
157 64
157 152
157 70
157 89
157 61
157 27
157 5
157 6
157 31
61 59
61 67
61 63
61 49
61 122
61 5
61 66
61 151
61 31
61 71
61 78
169 6
115 33
115 32
115 34
102 148
92 147
92 33
30 44
30 51
30 33
30 49
30 43
30 95
30 50
30 21
30 101
30 56
30 63
30 5
30 92
30 6
30 65
