190 1068
0 1
2 3
4 5
6 7
8 9
10 11
12 13
2 14
8 15
2 9
16 17
18 4
16 19
20 21
22 23
18 11
24 25
26 27
2 28
29 21
30 31
32 21
33 28
2 34
21 35
36 37
38 39
40 39
8 41
42 2
43 44
2 45
46 4
47 48
45 49
50 46
51 52
53 54
55 56
57 58
18 59
9 60
61 62
10 8
8 4
59 63
64 65
6 2
8 66
22 34
50 52
14 67
68 2
33 69
8 60
38 70
71 72
22 73
4 14
45 51
74 75
76 77
43 78
22 1
79 39
80 52
81 43
82 2
40 83
40 23
30 84
39 83
2 13
14 60
8 25
19 63
85 30
49 86
57 87
8 88
89 90
91 11
4 60
20 92
44 75
93 94
22 8
2 95
81 51
76 83
22 25
2 64
96 52
2 97
29 73
98 99
57 59
6 11
83 52
47 100
101 102
64 21
40 73
103 34
104 68
79 2
79 92
2 105
106 107
8 105
44 34
18 58
108 69
109 15
109 21
110 13
111 92
6 105
20 102
58 83
8 46
70 39
18 112
42 113
114 2
43 34
8 68
6 60
115 107
60 116
2 117
8 42
37 27
79 7
24 118
18 47
119 120
8 50
42 121
31 52
2 122
29 112
8 123
95 86
45 124
41 78
10 125
89 93
9 56
42 80
58 9
126 34
127 6
13 34
8 73
1 56
128 28
95 83
20 45
8 129
30 130
8 30
20 2
82 131
84 52
53 2
22 58
8 132
36 65
54 95
133 116
57 21
43 134
42 103
38 56
38 83
81 71
52 3
22 93
6 40
135 1
136 108
82 57
137 69
71 120
138 52
8 90
127 21
116 28
121 34
20 57
6 48
21 139
140 1
119 78
67 62
29 11
47 52
22 52
141 142
82 7
8 17
6 72
143 95
18 1
41 44
15 21
144 57
8 114
2 145
146 52
81 120
147 2
4 87
22 92
64 58
148 2
65 149
150 58
6 24
52 72
151 152
41 134
98 51
2 23
22 51
6 136
11 52
153 86
123 137
84 2
58 139
79 38
7 83
76 122
6 35
154 28
150 152
20 96
73 86
115 44
74 155
119 137
22 122
34 24
82 129
8 38
8 3
57 122
48 9
153 21
136 24
6 31
156 2
83 21
16 80
130 1
115 47
8 98
57 69
115 43
8 157
76 95
73 153
105 24
21 131
127 23
8 55
158 109
14 56
67 139
153 39
70 83
107 62
159 103
160 52
73 7
73 92
50 34
30 78
146 22
61 32
19 122
8 65
40 82
30 75
76 14
8 161
153 70
48 125
76 2
18 56
125 21
126 60
2 62
162 1
137 163
10 6
43 31
133 105
75 78
113 21
55 65
164 8
165 128
107 33
21 92
8 141
4 143
134 78
2 166
8 27
45 24
57 27
167 14
8 56
2 168
169 63
105 62
160 56
10 56
40 56
57 170
8 121
54 52
22 95
57 137
160 24
145 60
7 56
111 73
143 62
4 83
143 33
40 70
89 94
14 27
151 97
4 65
14 69
148 57
98 32
114 98
70 24
98 107
123 60
15 88
122 65
115 138
61 2
103 137
153 83
138 137
127 2
110 2
81 150
79 83
4 163
170 21
126 62
47 56
2 24
114 154
67 21
43 75
171 65
4 172
8 160
2 130
76 86
2 39
52 131
8 102
31 21
147 62
4 142
103 62
0 4
6 173
85 119
79 21
17 28
8 40
14 65
49 56
8 69
8 100
95 28
70 52
24 72
115 134
137 87
8 111
127 8
76 1
95 49
34 163
21 152
22 29
171 2
8 20
18 71
22 129
174 34
152 60
122 69
50 175
2 87
47 110
22 175
6 70
147 155
111 21
2 154
2 77
84 37
111 24
165 19
4 97
47 116
40 38
63 122
111 7
134 75
6 32
138 4
59 52
109 1
92 52
2 19
4 57
4 133
6 114
47 83
18 83
171 176
57 51
82 70
160 92
6 49
38 21
161 71
177 11
111 52
167 57
8 122
73 39
81 78
47 95
76 54
157 60
4 119
63 52
40 7
29 56
8 110
73 21
2 113
17 33
61 169
115 31
82 134
39 21
30 119
8 97
83 92
98 58
4 45
6 118
76 109
76 165
89 125
4 90
60 52
178 62
2 103
98 42
8 101
165 52
18 40
143 32
20 24
96 65
21 52
168 1
2 121
47 139
75 120
31 24
18 114
119 75
57 128
47 31
85 48
34 28
179 175
67 97
180 52
31 72
82 39
47 170
45 34
156 154
38 86
60 69
2 136
2 170
18 61
127 24
128 95
8 126
84 137
73 56
63 21
26 137
8 72
37 97
171 27
95 92
60 149
37 28
6 157
43 41
144 42
8 156
165 21
2 70
78 120
76 38
82 59
8 131
8 147
36 2
174 52
21 24
61 103
47 150
109 23
76 59
95 17
128 52
138 47
136 52
107 57
57 95
57 63
8 28
7 70
2 21
30 120
134 71
2 73
92 49
89 143
110 52
8 155
181 1
182 62
98 87
67 52
4 64
130 44
4 180
64 28
30 44
130 134
82 38
43 60
95 56
103 116
97 60
84 15
159 118
6 83
29 2
123 103
8 171
6 38
32 28
18 57
4 12
49 52
1 28
161 31
125 51
144 177
4 84
47 82
6 1
76 111
22 153
159 122
57 176
167 157
57 48
73 70
59 19
8 163
22 56
183 151
96 129
2 118
153 56
147 69
59 122
157 2
30 97
18 52
22 103
8 47
165 56
164 46
2 151
40 21
22 81
38 7
163 62
4 69
6 147
8 21
2 184
93 62
6 56
146 82
2 160
83 86
19 11
185 2
24 131
8 117
180 2
6 34
8 118
96 28
59 32
31 78
2 153
84 62
52 62
57 19
164 29
93 77
57 77
52 175
50 110
21 56
29 23
119 134
57 2
18 53
2 131
55 92
6 71
74 17
147 60
165 83
22 61
165 57
28 62
30 2
110 34
47 178
159 63
111 58
59 69
2 186
44 60
144 11
18 174
83 24
163 56
171 52
133 2
6 131
10 92
55 58
18 147
43 84
15 51
51 24
157 129
18 134
32 160
187 62
22 79
125 137
165 86
103 95
8 124
134 120
8 52
6 23
8 178
82 73
8 31
107 58
8 71
57 14
8 39
2 80
15 52
68 52
32 34
144 91
81 30
57 62
6 55
54 49
55 52
43 120
40 92
8 48
59 169
115 41
8 83
1 92
60 62
157 24
38 92
91 16
151 105
18 131
20 69
164 104
76 7
157 57
79 73
18 38
129 112
93 137
41 60
29 51
134 31
92 56
159 184
76 49
44 78
171 26
143 60
55 24
168 102
41 75
17 69
18 73
171 57
6 33
32 63
59 62
38 153
15 24
48 52
30 41
137 188
16 155
115 178
43 1
70 56
23 24
86 56
20 52
104 2
183 37
22 10
126 17
8 137
8 107
32 24
57 184
19 128
151 21
148 70
180 21
81 41
165 54
14 34
181 52
22 47
76 163
133 9
47 21
135 69
2 125
43 130
79 40
99 21
45 83
18 66
113 135
81 134
57 178
1 149
7 39
163 24
2 176
38 2
83 49
38 49
143 128
76 35
52 118
6 62
95 52
109 52
8 32
2 32
8 183
30 43
41 120
59 2
96 69
127 82
82 83
8 1
4 2
55 60
85 120
8 51
143 64
14 52
160 102
61 57
20 136
47 107
73 83
6 129
18 15
23 34
53 92
2 48
112 21
20 56
30 134
7 21
146 47
4 137
14 28
57 24
24 56
174 155
57 143
34 52
53 21
38 24
73 49
17 188
7 52
4 28
115 85
8 153
38 95
18 35
29 90
8 166
4 56
125 87
105 60
66 2
8 62
17 5
2 116
18 153
107 128
8 23
187 43
85 41
123 1
27 95
52 56
107 116
76 53
47 19
6 59
84 134
22 21
8 44
33 62
169 32
47 135
14 17
156 21
133 97
2 1
38 73
2 15
18 7
4 166
14 103
22 136
2 52
111 56
51 120
8 14
6 20
4 27
8 70
18 21
87 60
4 155
111 2
18 129
165 49
84 5
2 37
6 3
167 16
22 27
157 56
52 24
6 153
92 87
6 51
76 153
115 81
176 34
6 8
8 109
8 136
129 21
183 60
98 45
136 86
115 78
45 52
47 34
2 75
90 21
81 52
89 34
47 32
133 41
157 52
148 7
57 49
115 120
8 34
183 62
98 21
36 69
181 142
147 17
81 140
8 95
8 7
18 84
18 127
103 97
22 57
5 28
95 69
22 140
167 47
2 78
47 122
159 2
150 34
40 2
58 52
59 21
16 143
50 134
42 82
8 2
115 87
4 17
174 69
2 58
23 21
144 52
147 52
22 86
52 86
46 47
6 21
51 92
70 92
167 112
8 181
2 108
165 92
9 65
160 21
115 75
18 148
6 111
173 52
81 44
157 98
70 21
153 49
115 30
134 21
124 175
38 23
147 24
111 83
127 121
81 31
6 47
167 156
147 125
115 71
76 160
143 2
129 11
116 62
91 177
110 82
27 52
40 153
7 153
18 92
2 17
2 141
6 84
104 47
8 173
59 128
15 1
57 45
115 119
8 189
76 52
18 108
144 80
61 59
22 74
18 8
114 126
74 21
148 21
94 137
115 176
32 60
128 24
116 69
79 70
173 24
153 92
41 119
50 121
2 27
8 24
44 13
143 14
164 4
8 92
161 51
21 34
4 145
147 82
173 181
76 136
83 56
148 175
54 86
143 176
2 5
47 16
110 124
6 163
32 122
6 52
22 20
12 181
19 52
6 25
19 170
8 84
