2737 3497
0 1
0 2
3 4
5 6
7 8
9 10
9 11
12 13
14 15
16 17
16 18
19 20
19 21
22 23
24 25
24 26
27 28
27 29
27 30
31 32
33 34
33 35
36 37
36 38
39 40
41 42
43 44
45 46
45 47
48 49
48 50
48 51
48 52
48 53
54 55
54 56
57 58
57 59
60 61
60 62
60 63
64 65
66 67
68 69
68 70
71 72
73 74
75 76
75 77
75 78
79 80
79 81
79 82
79 83
84 85
86 87
86 88
89 90
89 59
91 92
91 93
94 95
96 97
98 99
98 100
101 102
101 103
101 104
101 105
106 107
106 108
109 110
109 111
112 113
112 114
112 115
112 116
112 117
112 118
119 120
121 122
123 124
123 44
125 126
125 127
125 128
125 129
130 131
130 132
130 133
134 135
134 136
137 138
137 139
140 141
140 142
143 144
145 146
145 147
148 149
150 151
152 153
152 154
152 155
156 157
158 159
158 160
158 137
161 162
163 164
163 165
166 167
168 169
170 171
172 173
172 174
172 175
176 177
176 178
179 180
181 182
183 184
185 14
185 186
187 188
189 190
191 192
191 193
194 195
196 197
198 177
199 200
199 201
202 203
202 204
205 206
173 207
208 209
210 211
210 212
213 214
213 215
216 217
216 218
219 220
221 222
223 224
223 225
223 226
227 228
229 230
231 232
212 233
82 234
82 235
236 237
236 238
236 239
240 241
242 243
244 245
244 246
247 248
247 249
247 250
247 251
252 253
252 254
255 256
257 150
258 13
259 260
261 262
261 263
264 155
265 266
267 268
269 270
271 272
271 273
274 275
276 277
276 197
278 279
280 281
280 282
283 284
285 286
285 287
288 289
290 291
292 293
294 295
296 297
298 28
298 299
300 301
302 303
304 305
306 307
306 308
309 310
309 311
312 313
312 314
315 232
315 316
21 305
256 317
256 318
256 319
320 321
320 322
323 324
323 161
325 326
10 327
10 242
10 172
10 328
329 330
329 331
332 333
334 335
336 337
336 338
339 340
341 342
341 343
344 345
287 346
287 347
348 349
350 351
350 352
353 354
355 356
355 357
355 358
359 360
361 362
361 363
364 365
366 367
368 53
245 369
370 371
372 373
372 374
375 376
377 378
377 379
377 380
381 115
381 382
381 383
384 385
386 387
388 389
390 391
392 393
394 395
396 397
396 398
399 400
401 21
402 403
404 221
404 405
404 406
407 408
407 409
407 410
411 412
411 413
414 415
414 416
238 239
238 417
238 418
419 420
419 421
422 423
424 417
424 425
426 427
426 46
428 429
430 431
430 432
343 433
434 435
434 436
434 437
438 439
440 441
442 443
442 444
445 146
445 446
447 448
449 450
449 451
449 452
449 453
454 455
308 456
457 458
457 99
459 460
461 462
463 464
463 465
466 467
468 77
469 470
469 471
469 472
473 450
473 474
475 476
477 478
479 480
481 482
483 484
485 486
485 472
487 291
488 489
490 491
490 492
493 494
493 367
495 496
497 153
498 272
498 499
500 501
502 503
502 504
505 506
507 508
509 510
511 512
513 514
513 515
516 517
518 519
369 520
369 503
521 332
521 522
523 524
523 525
526 527
528 529
528 530
528 531
532 533
534 535
536 537
538 539
540 117
541 542
543 544
543 80
543 545
546 547
546 548
549 550
549 551
552 553
53 554
555 556
555 557
558 559
560 378
560 255
560 561
562 446
563 564
565 566
565 231
567 568
567 569
195 570
571 321
571 572
573 574
575 576
577 578
579 580
579 581
582 583
584 585
586 274
586 118
587 183
587 588
253 589
590 591
592 593
592 594
595 596
597 598
599 561
600 601
602 228
603 604
603 605
603 606
603 607
480 608
494 609
610 5
610 611
190 612
613 614
615 616
615 617
618 619
95 427
95 620
95 621
622 623
624 625
626 627
626 628
629 293
629 630
629 551
631 588
632 633
634 635
636 637
636 638
639 296
639 640
641 642
641 643
641 644
645 646
647 648
647 649
650 402
650 651
652 61
652 62
652 653
652 654
623 655
656 438
656 657
658 659
658 660
661 662
661 663
661 664
665 666
665 667
668 669
670 671
670 672
670 673
670 674
675 676
677 678
677 679
680 681
680 682
680 683
684 685
684 686
684 365
687 688
689 690
689 691
692 401
363 693
694 695
696 697
696 698
699 6
700 701
702 703
704 705
706 707
706 248
706 472
706 569
708 190
708 591
708 709
708 710
711 712
713 714
715 716
715 366
717 718
717 719
717 720
721 722
723 724
723 666
723 725
726 553
727 728
727 729
651 730
731 732
731 733
731 734
735 736
735 737
735 738
739 608
740 741
138 742
743 744
743 745
672 746
672 598
672 747
672 674
748 567
749 750
749 424
751 752
753 719
754 755
754 702
281 495
616 756
757 758
757 759
760 304
761 762
763 744
764 765
766 767
768 769
770 771
243 175
232 772
773 774
773 128
773 220
775 776
777 778
777 779
777 780
781 367
782 2
782 783
551 188
551 784
551 785
786 544
787 39
787 788
789 133
789 790
200 159
200 613
200 78
791 451
792 793
792 247
794 395
794 795
796 797
796 798
799 800
649 698
801 802
803 321
803 804
803 805
806 807
806 441
808 809
808 366
808 125
810 811
810 590
180 812
180 813
180 814
815 816
815 817
818 819
820 821
820 822
823 574
823 824
825 491
825 826
825 827
828 829
830 831
830 832
833 834
835 836
837 838
839 39
839 187
840 841
840 842
655 843
844 845
846 847
846 848
846 849
846 850
851 793
851 852
853 854
853 855
853 856
853 857
858 859
858 860
858 861
862 219
862 863
864 544
865 866
867 868
482 869
870 542
870 783
871 872
871 266
873 874
875 456
875 876
877 878
879 880
879 881
879 882
879 883
884 885
884 515
886 887
886 799
886 800
888 740
889 890
682 373
682 891
682 892
893 894
895 896
895 897
898 899
898 602
900 869
900 901
902 765
902 903
904 905
906 204
907 908
909 910
911 544
912 913
914 378
915 916
915 917
918 919
920 921
922 923
924 925
924 95
926 927
926 928
929 930
929 86
929 88
929 931
929 932
929 933
929 934
251 852
935 21
936 937
938 643
939 940
941 942
941 943
941 944
945 946
945 574
947 909
948 949
948 950
951 952
203 953
954 295
955 367
955 956
957 958
957 393
959 960
961 962
963 964
963 511
963 965
966 765
736 967
736 921
968 969
968 184
970 58
970 554
971 700
971 972
973 974
973 975
976 977
978 330
978 515
979 220
979 980
981 369
982 110
983 654
984 985
545 986
503 987
678 333
988 561
989 468
990 21
990 991
992 993
992 994
995 996
995 997
998 999
1000 307
1000 403
1001 1002
1003 1004
1003 1005
1006 1007
1006 512
1008 576
1009 843
1010 1011
1012 859
1012 652
1013 1014
1013 1015
722 1016
1017 986
1018 1019
829 4
486 1020
1021 1022
1023 1024
1023 379
1025 1026
1027 578
1027 1028
1029 1030
1031 1032
1033 747
1034 710
1034 1035
1034 975
1034 1036
1034 1037
1034 708
78 105
1038 1039
930 1040
800 1041
1042 1043
1042 1044
1045 1046
1045 1047
349 1048
1049 1050
1051 1052
1051 1053
1054 1055
1054 1048
1054 1056
1057 1058
1057 796
1057 1059
1057 1060
1061 411
1062 1063
1062 1064
1062 1065
1062 1066
1062 1067
1062 1068
1069 1070
1071 237
1071 425
63 1072
63 1073
644 2
1074 461
1075 791
1075 449
1075 1076
1077 1078
1077 597
1072 653
1079 1080
23 441
1081 1082
1083 1084
1083 1085
1086 1087
1086 1088
1089 1090
1091 1092
1091 1093
676 984
676 410
1094 296
1094 1095
380 988
1039 1096
1097 1098
1097 1099
1097 1100
1097 1101
248 485
248 472
1102 1103
882 1104
991 1105
1106 175
1107 1108
1107 1109
1110 1047
876 1111
1112 1020
604 1091
1113 1114
1115 1116
1115 1117
1115 1118
1115 969
1119 1120
1119 1121
1119 1122
1119 1123
1119 978
625 1124
1125 1126
1127 1128
1127 38
1129 1130
1131 1132
1131 473
741 1133
92 868
1134 1135
1134 1136
1137 1138
1137 256
1139 1140
1139 878
1141 822
1141 1142
1143 1144
1143 1145
1011 829
1011 1146
1011 1147
1011 146
1011 1148
1011 878
1011 1149
1150 1151
1150 418
1152 1153
1154 1155
1154 1156
685 1157
685 1158
685 713
1159 1160
1159 1161
1162 1163
1164 822
1164 856
1164 1003
1164 842
842 44
1165 257
1166 1167
1166 390
1168 1169
1168 1170
1171 153
1172 1173
1174 40
1175 1176
1177 857
1178 668
1179 1180
750 685
750 342
1181 533
249 485
249 1182
1183 921
1184 1185
1184 1135
1184 1186
1184 937
1187 1188
1189 1190
1189 1191
1189 1192
1189 1193
1189 635
1189 583
1189 447
357 1194
1195 1196
1197 648
1197 1198
1199 1123
1200 1201
1202 742
1202 1203
1204 1205
1206 148
832 418
1207 115
1208 1209
1208 1210
1208 684
1211 181
878 4
863 1212
1213 769
1213 1214
1215 1216
1215 1217
1218 1219
1218 1088
967 1220
967 879
1221 1167
1222 1223
1222 1224
1225 1226
1225 233
1227 334
113 1228
113 382
113 166
1229 1230
1229 1231
1232 918
1233 153
1234 1235
1234 1236
1234 1237
2 310
2 330
2 1238
2 515
688 1239
1240 1241
1240 1242
1240 7
1243 1244
1243 765
1245 1246
1245 1247
1248 421
1248 1249
1250 17
1250 1251
1250 1252
1253 979
1254 1255
1256 1257
1258 1259
1258 174
589 1260
1261 1262
1263 732
1263 1181
1264 985
1265 335
1265 206
1266 1267
1266 785
1268 1269
1268 241
1268 1270
1268 484
697 1271
1272 1273
1274 1275
1274 1276
76 102
1277 158
1277 1278
1279 1280
1279 1281
1279 1282
790 1283
1284 1285
1284 1286
1287 1066
1288 1289
1290 1291
1290 1292
1293 1294
1295 894
1295 779
524 1124
524 1296
1297 1298
1297 1299
1300 1214
40 1301
1302 1303
1302 1304
1305 800
1216 1306
1307 120
1308 1309
1308 420
1310 1311
1312 1313
1312 1314
1312 262
1312 1315
1312 644
1316 479
1316 1317
1316 1318
25 976
1319 1058
1320 321
1320 1321
1320 803
758 1322
1323 1324
1325 1326
585 1327
1328 1329
1328 1289
1328 1330
1328 130
1328 1283
1331 1332
1333 333
1333 919
1334 146
1334 1335
1336 1337
1338 1339
1338 29
1340 1341
1340 1342
1340 1208
1278 1343
1278 798
1344 1345
1346 1347
1348 1349
1350 117
1351 576
1352 1353
1354 1355
1356 1138
1356 1192
1357 1358
1185 1359
1360 1361
1362 1363
1364 463
1364 1365
1366 1367
1366 51
1193 1368
1193 1369
1193 63
1193 739
752 892
1370 127
1371 1372
1373 1374
1375 1376
1377 265
1377 347
1378 1379
1378 1137
1378 1193
1378 858
946 462
946 1380
1381 1382
1383 1384
1385 1043
1385 522
1386 835
1386 1387
1386 225
1386 223
1386 53
1388 40
1007 1298
1007 1093
1060 1389
1060 1390
1391 1392
1393 1041
1394 1395
439 1396
1397 1398
1399 1400
1399 1401
1402 965
1402 1403
1249 982
1249 1404
1405 1406
1407 1408
1407 144
1409 1410
1409 1411
1412 1413
1414 1363
1415 930
1415 1416
1417 1008
1417 150
1418 1419
1420 1421
1422 1423
1422 1424
1355 485
1355 1425
1426 1427
1426 833
617 1428
1429 22
1429 459
1067 1430
1067 1431
1067 1432
1067 1433
1067 1434
1435 1436
1437 954
1438 1439
1440 21
1440 1441
1442 1138
1442 1443
1444 1445
1446 1447
1446 913
1448 1449
1450 1413
1451 544
1452 878
1043 1453
1392 1454
1455 370
1455 380
690 1082
1456 784
1456 1348
1457 1394
1458 1459
927 413
927 1460
1461 986
1462 1463
1464 1465
1466 1467
1466 570
1468 952
1469 1470
234 543
234 1471
234 1202
234 717
1472 659
1472 1084
1473 1474
1473 553
1473 1475
899 1476
1477 272
1477 1478
1479 195
1479 1480
1479 1481
1479 642
1482 891
1483 1484
1483 1485
1483 398
1483 1486
1078 598
1078 747
1078 674
1487 1488
1487 1489
1490 1432
1490 1491
1492 1337
34 1146
34 651
1493 186
1494 922
1495 1331
1496 1497
1498 1106
1498 1314
1498 542
1499 1500
1499 1501
1502 1314
1502 150
1503 641
1504 1505
1504 1506
1504 910
1504 1507
1508 2
1508 348
1509 1510
1509 1511
1330 1512
1513 1514
1513 1515
1513 1516
1517 1518
1519 261
1520 1345
1521 1522
566 1523
566 763
566 339
566 1524
1525 1526
1527 1528
1527 1529
707 1411
707 713
1530 1531
1532 578
1532 548
1533 1534
1533 473
1533 41
1535 179
1535 1237
1536 1537
1536 1538
1539 1211
1539 99
1540 804
1540 1222
1541 260
37 232
1542 1543
352 272
352 1544
1545 1546
1547 638
1547 1548
1549 1550
1549 985
662 663
662 800
120 1551
1552 1553
1552 1031
1554 880
1554 1555
1556 1557
1556 1558
1559 1560
1561 1562
347 1563
347 867
1564 1565
1564 765
1566 1223
1566 962
1567 1568
1567 1569
1570 1571
1570 179
1572 226
720 718
1573 1033
1574 461
1575 1576
1387 395
142 423
732 1427
732 362
1577 1485
1578 1579
1580 84
423 345
728 314
728 58
728 53
667 1581
667 1582
1544 1507
1111 1583
1584 1240
1585 1586
1585 1587
1588 1589
1590 1591
1592 954
1592 903
1593 912
1594 1283
674 1595
1596 1597
1596 1421
420 693
1598 50
1599 1521
1599 1600
1599 324
1599 759
1599 688
1599 1601
1602 1018
542 1603
542 391
1604 1230
1604 1253
1605 169
1605 386
1605 1606
1607 1608
1607 788
986 295
986 1445
1609 1610
1609 1611
1612 693
1613 1614
1613 1615
1616 366
1616 960
1616 569
1617 1618
1619 115
1619 1620
1619 1184
1619 1621
1619 118
1622 235
1622 1623
1624 292
1624 1625
1553 602
1553 1626
1553 1627
1628 1629
1628 889
136 461
1587 779
1063 935
250 428
1022 1146
1630 1631
1630 1421
620 621
620 1632
620 1633
1634 1635
1634 1636
436 1046
436 1637
436 717
1638 1586
1638 1469
1639 1640
1639 978
1641 1642
108 248
1643 1246
1643 1383
1644 507
1644 1645
1646 1600
1647 1648
1291 403
1649 532
1649 1650
1649 1651
1649 1652
1649 1653
517 1654
446 1655
1656 578
1656 547
1656 1657
1658 855
1658 1005
1659 489
1660 1281
1661 1662
1661 795
1661 1663
1664 1665
1664 1045
1666 1667
1668 1606
1669 267
1669 1432
1670 1512
1670 1671
1672 1673
1672 1318
1674 1675
1674 1676
1674 1677
1674 1678
1674 1679
1182 1680
1384 1681
1682 1683
1684 248
1684 1685
1686 1687
1688 1689
1690 1691
1690 841
637 1381
464 389
464 1692
1693 826
1693 1531
1693 1442
1694 1024
1694 1654
1695 656
1696 1697
1696 1698
1699 1700
1701 1686
1701 547
1702 1703
1704 293
1704 1349
1705 43
1705 1004
1705 1706
1707 576
1560 1708
1560 718
1709 1710
1711 609
1711 960
1712 1528
1712 1713
1714 1365
1714 1692
1715 1716
1715 748
1717 655
1717 1718
1719 1200
1720 861
1721 1722
1723 1724
1723 1725
1726 1727
1728 1729
997 1730
378 561
1132 1731
1732 1344
1732 1733
1734 1735
1736 1276
1736 1252
1737 1738
1739 625
1740 1741
1742 1743
1742 776
1744 951
1745 1746
1747 1748
1749 101
1749 1750
1751 1752
448 1753
115 1754
115 1755
953 724
1756 576
1757 1758
1750 1759
1760 1353
1760 1761
1762 653
802 1763
1764 609
1765 1112
1765 1766
324 1589
1767 907
1767 1026
1768 1769
1770 913
1771 544
1771 1772
1771 1773
1774 334
1775 1776
1775 1605
1775 290
1777 305
1778 1779
1780 1616
1780 709
1780 1781
1782 1783
1784 611
1784 1785
74 1786
1157 1787
1157 1473
1157 748
1788 1789
1790 1791
1792 1793
1792 1057
1792 1514
1794 1217
1794 257
1098 1795
1796 1662
1796 1797
1798 1578
1798 1579
1759 613
1799 1800
1799 1801
993 1802
1803 175
1783 718
1783 1804
1805 960
1806 1718
501 92
501 263
1807 496
1518 1399
1518 1808
1809 1742
1810 1590
1810 917
1810 1476
1810 1811
1810 1575
1810 1812
1400 1397
1813 1814
1815 1816
322 1267
322 1174
1321 40
1321 839
1817 1818
1817 1372
1430 1819
1820 1651
1820 1352
1821 1716
1821 305
510 1822
510 1823
510 691
1824 1825
1824 1826
1724 1170
1827 1828
1827 1829
1014 1830
1831 687
1831 1589
1201 601
1832 1833
1834 1835
1836 1837
903 1451
1337 570
1337 1741
1368 556
1368 1631
1368 1838
943 1839
942 1839
942 777
1840 1841
1840 1205
1842 378
1843 937
1844 631
1844 1845
1844 1846
1844 1847
1844 1848
1849 513
321 1850
887 1851
887 1019
964 1167
1852 1853
81 1854
81 1195
81 235
81 1545
1855 90
1855 59
1856 427
1857 1665
1857 1745
1857 1858
1857 158
1857 648
1859 884
1681 251
1802 1860
1861 1505
1861 947
1861 104
1862 1347
1862 209
155 1614
155 269
155 153
155 1300
1863 565
1864 1865
1864 500
1557 1866
1867 1833
1867 850
1868 510
1868 1648
1868 1869
1868 1082
1868 1761
1870 994
1870 1871
1872 1873
1872 1874
1875 1180
1875 325
1876 722
1439 1877
1878 767
1878 1852
1879 544
1880 921
1880 1881
709 230
709 525
1882 1075
1882 1883
1423 959
1884 880
896 1885
342 1886
342 1715
342 1158
1887 1888
1887 1315
1887 1889
1890 1679
716 710
716 738
710 1618
710 1891
710 1892
1893 1894
1893 277
1893 914
1893 196
1893 1695
1895 1896
1897 1779
1898 591
1898 1593
1899 659
1899 726
1900 801
1900 817
1900 1901
1900 1273
1304 1774
1304 1902
1903 1337
1903 1904
1147 1905
1906 304
1907 1908
1907 497
1907 1909
1910 1911
1910 542
356 275
1912 1913
1914 289
1914 1915
1916 542
1214 1917
1918 483
1919 1100
1920 1921
1920 1598
58 1922
58 1923
58 1924
1925 1881
1926 1927
921 1928
921 737
921 874
1929 126
1929 26
1930 2
798 742
798 1390
1511 360
1511 39
821 1931
254 345
1932 1933
1318 1934
1318 1935
1318 1936
1318 1209
162 1937
1917 1938
1939 1697
1940 751
1940 1941
1942 1943
1942 220
1942 960
1942 1944
1335 146
1945 32
506 1946
506 1646
1947 397
1947 359
1948 400
1689 570
1949 1950
1949 1233
1951 1952
1951 1147
1550 1953
1954 85
97 369
1955 1223
1956 1957
1956 547
1956 815
1956 1656
1958 1301
1958 1959
1958 1848
1960 1700
1961 1962
1963 1964
1965 118
263 1699
263 712
1640 711
331 1458
1562 1966
1967 1206
1967 1968
1959 299
1969 750
1969 1970
1969 560
1971 1710
1972 1973
1972 419
1972 686
1972 1974
1546 1830
1186 116
1975 1976
1975 1977
1978 1979
1978 1073
1980 1917
1981 1982
1981 614
1983 1984
1985 1986
1853 1375
165 1987
1988 1989
1988 1990
1988 545
1988 234
1988 720
1991 1138
1992 1993
1992 1994
1992 815
1992 1995
1905 879
1996 149
1997 1968
1998 1999
1998 2000
2001 711
2002 1251
2002 2003
2004 198
2004 424
2005 11
1436 1410
1436 1188
1436 1306
1436 2006
26 1061
2007 1951
2007 2008
2009 1051
2009 1494
1173 1101
1424 1231
2010 921
2010 2011
2010 2012
416 272
416 1358
416 2013
2014 1627
1645 303
313 1088
2015 2016
2017 2018
2017 767
2017 750
1121 23
1121 1179
1121 263
2019 1739
2020 131
2020 2021
2022 1442
2023 2024
2023 1869
612 1111
612 470
1886 1314
1886 449
1886 144
2025 57
2025 73
2025 1715
2025 2026
2025 1407
2027 2028
544 986
2029 919
2029 466
1044 2030
885 1489
1752 629
1055 1260
559 2031
1176 153
1176 155
1408 1344
1408 1692
1601 505
1601 758
1601 162
1601 1905
2032 1625
2033 488
2033 986
2034 200
2034 1155
2034 85
2034 2035
2034 2036
2037 1989
2037 2038
2037 1792
2037 1057
653 983
653 1073
2039 981
2040 921
2040 2041
2040 2010
2040 2042
2040 1986
2043 1675
2043 1895
2043 297
2044 1440
2045 195
2046 2047
2046 296
2046 1602
2046 504
2046 2048
2049 82
2049 2050
2049 1328
2049 130
2051 2052
2051 2053
2051 235
2054 2055
2054 378
301 793
301 771
2056 2057
2056 1520
1425 2058
47 1574
47 1361
47 2059
47 2060
1946 2061
1946 1719
1080 388
1623 1594
237 1157
237 1715
1342 1157
1342 1630
2062 1541
2062 585
2063 293
2064 2065
310 978
547 1052
547 1470
174 2066
2067 2068
2069 544
2070 1372
1326 646
2071 1838
2072 2073
1241 110
2074 1480
2074 1405
2075 929
2076 1382
928 125
38 2077
38 2078
2079 1816
2080 81
1390 2081
816 2082
1579 2083
2084 2085
822 2086
822 2087
2088 792
2089 283
2089 1935
2090 2091
2090 2092
2090 1381
2093 1165
1146 2016
605 1299
2094 2095
2096 827
2097 1264
2097 2098
1534 474
2099 2009
2099 1901
2100 121
2100 305
2101 2102
2101 1884
400 1807
400 2103
400 1966
400 302
400 347
403 2104
745 561
1242 834
779 2105
2106 742
2106 2107
2106 1792
2108 732
2108 1308
2109 2110
2111 1016
2112 463
2112 2113
2114 175
2115 1866
2115 1337
2116 171
861 2064
861 634
861 1762
2117 2118
2119 1372
1687 2120
107 2121
2122 1700
2123 2124
2125 925
2125 2126
2125 1632
2127 55
2127 865
1990 1471
1990 2128
1773 632
2129 1418
2130 2131
2130 2132
282 347
282 2133
1873 2134
1933 993
1259 2066
2135 2118
2135 460
2135 2136
2137 2138
659 596
2139 477
2139 15
1944 2140
2141 319
2141 255
2141 1524
17 1997
2142 1400
2142 405
714 2143
714 1666
1871 1932
2144 2145
1691 1250
2146 2140
2147 1522
2147 2148
2149 143
2150 2151
2152 608
433 21
433 1821
2153 2154
2153 1924
1500 1858
1500 1504
1500 947
1500 2035
418 2155
2156 2157
576 542
958 1027
1145 56
1145 768
742 1813
681 714
1964 646
1964 2158
1964 2159
1964 2160
215 23
2161 2162
2163 164
2163 39
881 980
128 2084
135 621
2164 1199
1603 755
1891 70
849 821
849 1454
849 1635
849 2165
849 2166
211 1226
2167 1079
2167 1150
1703 1069
1703 2168
2169 1857
2169 2170
2171 431
316 552
2172 1595
2172 1961
2173 236
2173 2017
2173 1969
2173 1893
2173 1379
2174 827
2174 476
354 813
2175 1076
2175 699
2176 2177
2176 354
2178 905
2178 2179
2180 2181
20 1287
20 2182
1677 1614
1677 1615
1677 1678
1677 2183
1677 64
2003 1252
2184 2185
2184 2186
2187 632
2187 2069
1865 2188
1874 2189
2190 2055
2190 1530
49 465
2191 986
2192 2092
2192 1323
2193 172
1120 2194
2195 2196
2195 1990
2195 1857
1198 1506
1198 2197
2198 2047
2199 2200
2201 698
2202 223
2203 2204
1692 1344
2205 2206
2205 2207
2205 1146
2205 2208
2209 2210
2209 1553
2209 1326
2209 484
2209 240
385 524
385 212
2211 2212
2211 484
1136 2213
1136 2214
1735 2215
1727 1711
1727 31
2185 2216
2185 521
2185 918
118 2217
118 1020
118 937
2218 595
1797 2046
1797 675
1797 410
1797 2189
539 2116
539 170
539 1740
2026 463
2219 1386
2219 314
2220 2221
2220 346
2220 2222
1158 748
2223 807
1766 2224
1238 141
2225 2226
2227 2228
2227 21
2229 2230
2229 1843
2145 170
2231 1388
2231 1926
2231 2030
705 249
705 852
1841 2232
192 462
1317 1340
1317 1321
606 605
2233 765
1210 1175
1210 2234
2235 45
2235 187
2235 551
2236 1807
2236 1450
2237 2238
1203 2239
1203 1371
2240 1816
2240 180
1943 2241
1943 2242
2243 786
2243 2233
2244 1621
2245 2246
2245 2247
2248 1795
2248 629
2154 728
2154 2249
2250 1596
2250 2186
2251 2252
2253 1376
2253 2254
2255 2104
2256 1911
2257 1120
2258 2086
1953 1851
2259 2260
2222 1312
2261 580
2261 2262
2263 2264
1626 2194
2265 2032
2266 2267
2266 2268
2269 1015
2269 942
2270 1688
2270 2271
2272 146
2272 1010
2272 2273
1706 842
154 1950
2274 2053
2274 1271
2275 2276
2275 2277
2275 1049
2275 2278
1811 1257
1811 1576
1811 227
1811 2279
1811 874
2280 217
2280 660
2280 1730
2281 2282
1678 1233
2283 2284
2283 2285
2283 2286
2287 1422
2276 1526
2288 865
2288 1913
2289 1269
2289 1090
1467 170
2290 2027
2290 1958
2291 1156
2291 2292
2293 2294
2293 1588
2295 2276
2295 2271
2296 1550
2296 887
1758 2013
2018 237
2018 2141
2018 38
2297 2298
2297 2299
2300 129
2300 2241
2300 1944
2301 2302
2303 1983
2303 1089
383 2304
2138 2305
737 2306
737 1001
737 1102
737 837
1835 352
774 2085
2307 1805
2307 819
1979 2152
80 698
80 765
2308 55
2308 2111
2308 2309
2310 1028
2311 1934
2311 1232
2312 2313
908 2314
1126 1680
1904 713
1994 1763
1994 2009
1994 2082
1994 2315
1994 1900
1989 1202
1989 798
2316 575
2316 175
214 2006
214 150
214 441
214 2223
214 2317
214 460
2318 1149
2319 205
2320 2321
2322 266
1363 1113
444 2052
444 2080
444 2323
1138 1915
1138 2324
1828 1710
1828 2325
1828 2326
1828 2327
178 1787
178 2328
178 186
2329 483
2329 2330
2331 200
2331 2332
2331 105
2331 84
2331 1759
2196 1665
2196 2333
2334 2335
2334 1517
2334 1826
2336 145
2336 2337
1665 580
1665 2338
1665 489
1665 989
1665 2123
1889 1716
1889 891
2339 2340
2339 960
2341 74
2341 223
2342 2186
2342 536
455 353
2343 2004
2343 2344
2343 425
2345 421
2345 2346
2345 1919
2345 109
2347 2134
2347 539
2348 1311
2349 1110
2349 717
2350 2351
2350 2000
1367 2352
2353 1419
2354 2095
2354 1777
824 95
169 1103
2355 1448
2355 1984
2356 394
2356 2076
2356 2309
2357 2326
2357 944
2358 889
2358 2359
2360 1374
28 630
2361 1902
2361 2362
167 1359
2230 1036
1608 1847
2363 890
2363 674
2364 2156
2364 2327
2365 681
1298 1091
1298 2366
2095 429
2367 2267
2367 392
2367 922
2367 1656
2368 1911
2346 1832
2346 1172
1255 21
553 1475
2133 508
2369 2370
382 1155
382 1621
2371 2372
2373 1449
1292 1296
2374 124
2375 722
2376 1647
2376 2377
2376 317
2376 2378
2379 1676
2379 56
2379 1909
2380 1119
2380 695
2380 2381
2380 1463
2380 2117
1311 195
1311 1337
471 1618
270 1676
2340 1939
2382 1597
2151 2224
2328 2344
492 2383
2384 805
2384 619
1748 2155
85 1981
557 2385
2091 296
2315 1053
2386 1512
1068 2218
1993 1570
1993 2387
2388 118
1894 767
2389 1261
2389 2215
2390 1092
1785 1941
1286 1453
2160 487
2391 340
435 753
2392 434
2392 2393
2392 720
2394 486
1825 397
1825 2395
2396 1757
2396 1713
2397 13
2398 195
2399 2067
2399 1038
2400 1148
2400 2401
2226 2402
2157 1501
2403 429
2404 2245
1096 2275
452 683
1922 52
2405 1171
2405 1282
318 420
318 2406
318 45
42 305
1050 1525
2210 1963
1247 2181
2273 967
2273 1616
2273 1601
1270 2159
2407 2408
2407 2253
2407 425
373 2409
373 891
373 1449
373 1542
373 1606
627 2410
2411 1336
2411 1107
2412 2383
2412 1977
2413 2171
2413 2414
2415 2247
2415 381
703 208
974 1755
2416 516
1793 1416
2417 2418
2419 921
153 1614
2420 2166
2420 2421
1902 2422
1902 1629
2423 2381
2424 200
2424 103
2410 2425
273 2426
2050 1993
2050 2427
2050 2387
2050 1956
2428 2358
2428 2429
1491 268
2234 2341
2234 836
2430 158
146 402
146 1146
146 2073
146 1837
2431 1331
2431 814
338 2432
2433 1735
1952 2434
1262 1583
1987 2030
2435 2436
2435 870
2437 1817
2437 2438
2439 982
103 1505
103 77
1341 397
1341 2440
2441 806
657 71
2442 678
2442 1369
2443 848
2443 2444
2445 1307
2421 2446
2421 822
2421 1636
2421 2447
2421 2448
1654 378
2449 2284
2449 2320
1713 669
2450 2010
2450 891
2451 778
2451 2452
1085 2453
2036 2292
2036 84
2036 2454
1313 1010
1313 1502
1313 2455
1313 2149
365 2456
365 2028
1411 714
1411 376
1471 2128
1662 2457
1662 2458
1476 2459
2460 1292
866 722
866 2461
2200 2180
2200 682
1219 65
1685 486
1403 1344
2462 2450
2463 2446
2463 534
2464 2465
2464 285
2464 1313
2464 1220
2466 832
2466 1748
4 204
2467 645
2467 387
2468 39
2468 2469
2338 2251
2470 114
2470 2471
443 1160
2472 2473
2472 2474
1743 793
1743 2475
891 1985
891 2476
891 725
2477 671
2477 2478
2477 2360
2479 1308
2479 1141
2479 2087
1244 2480
476 2481
2482 2456
2482 30
2483 2484
374 2110
1040 933
2337 445
2485 742
2485 2070
2485 2486
230 403
2124 2487
2488 1297
2488 2202
2489 2490
2489 72
1973 1791
1973 2491
1973 2345
1973 2346
1475 1744
1475 2280
1478 2492
2304 2493
718 564
1332 2494
2495 408
2495 410
2495 1324
1725 260
1725 305
2496 2238
2496 1362
1239 2497
421 2131
421 573
937 1020
2498 1174
2498 1511
1655 730
1122 1699
1122 1459
1122 1121
1122 156
2499 1457
2499 869
2500 2166
2500 2501
2500 2502
1339 1790
1339 1099
1339 2503
2024 2504
2505 137
2506 1437
2246 1070
2246 811
2246 1770
2246 2438
1663 1408
1663 1091
413 2507
1486 397
1486 2508
1486 2225
2509 774
2510 766
2510 196
1235 2501
1235 44
1235 842
860 57
860 1400
860 1855
860 89
860 1175
328 278
328 1911
328 172
2511 2512
2513 809
2513 1519
2514 767
2515 1371
2515 201
2409 1776
2516 1614
2516 1613
2517 2402
2517 1850
2518 441
2518 2164
2048 2519
160 139
2377 1178
2377 2391
2377 1610
2377 1976
1631 2382
69 2484
2121 770
2121 485
2520 561
2521 570
346 400
2254 424
2522 1309
46 47
2523 2524
2523 2083
55 722
55 1095
2525 1275
2525 1997
2385 1190
2526 496
2526 2527
2528 1109
2528 1163
762 129
2529 17
2529 812
2529 2177
2529 1996
2530 226
2530 639
2228 994
1460 781
1460 2531
188 2532
188 1349
188 962
2533 1020
2214 115
2214 2534
1708 1804
2535 2126
2535 2312
2535 47
2536 2537
2536 200
2536 1989
2536 2331
1151 2352
1151 1294
1837 2104
1800 2013
2538 859
2260 1794
2539 2519
2539 2495
845 2390
845 1406
395 296
395 1130
2540 2357
2540 1373
2541 1424
733 2542
1683 890
367 960
2543 112
2008 2016
2008 879
2544 692
2544 2545
2546 2477
2546 545
2546 1828
1280 1400
2455 1106
2455 644
856 2258
856 2547
2494 1236
2370 2548
2473 2070
453 519
2549 578
2549 1465
293 188
220 781
679 2432
1610 1074
1610 2550
1610 2353
1610 510
2551 2552
2551 182
491 2553
491 743
2554 986
1819 952
2555 2556
2555 279
2557 1660
2557 1808
2557 2558
2557 1917
1 174
2559 2560
2559 132
2559 1587
2492 416
1571 2478
817 816
2561 798
239 831
239 2408
2475 147
2474 2562
2474 798
2558 1980
2558 1808
2563 472
432 1194
2564 2565
2564 1846
1056 207
1056 310
2566 540
2566 913
2567 1452
2567 1322
2568 2078
2569 2332
2569 137
2132 109
2570 2022
2570 1396
1524 1975
1524 1529
1524 2571
2572 905
2572 941
2573 1579
2573 1032
1105 2574
1105 20
1105 1472
2575 2168
2575 1372
2487 2252
2487 1445
643 1479
643 1502
2429 691
246 2366
1118 1308
1118 318
1118 1868
1447 112
415 1504
415 1500
415 2333
673 17
673 1142
2576 542
2577 1189
2577 1630
1481 1558
854 2547
1347 2093
1347 1794
1347 2006
2578 1145
2579 2284
2579 1516
671 543
671 942
2580 21
2580 258
2581 16
2581 8
2582 2120
2583 1029
2583 1400
2584 1329
2584 2452
2585 767
2585 2514
1128 2586
1128 2568
2587 1428
2587 811
2587 2588
2589 1877
2589 2140
1236 1815
1236 2003
581 137
2590 1270
193 1976
1551 2591
999 1129
2592 2511
2592 2593
1642 834
883 872
260 1126
260 2095
1568 333
2594 1535
2594 1142
2595 576
2595 2596
812 1495
2597 189
2597 2563
1433 2397
738 682
738 1889
2215 1583
2598 1222
693 1641
693 1650
693 2599
2600 90
2600 1677
2600 795
2600 2127
1772 986
2418 722
2601 2031
2601 2602
1474 415
1474 2603
1474 1619
1474 1184
1474 567
2604 626
1913 56
1913 1145
1913 1908
2605 1000
2606 1235
2606 849
2606 686
2606 2500
1786 707
1786 1903
1786 2607
1786 664
1786 2495
2608 1188
319 1610
319 1118
319 2550
319 2360
2508 1510
2609 848
1398 1737
2136 2014
2136 22
1892 2255
1892 709
59 728
933 931
2282 1114
2282 249
2610 1037
2610 912
1058 2611
2612 2416
2612 516
2612 2077
2613 1051
2613 1272
2614 518
2614 611
2302 1200
2302 1462
18 2120
2615 1581
2615 1897
326 2616
2617 510
2618 969
2448 2619
2448 2620
2448 2165
2621 2255
2622 112
2622 1203
2622 115
2622 1781
235 1538
235 2369
2623 1561
129 1438
2624 1062
2624 1715
2625 544
756 2483
2626 1002
2626 2158
2504 1822
2504 2313
2504 2627
1729 1497
1823 2542
1823 2359
1738 1923
2628 2231
2628 359
642 2629
642 1025
642 1311
642 2039
2630 1770
1374 905
1374 1009
406 2631
1839 335
1030 2249
1731 474
409 2198
2632 1991
2632 2633
157 2188
2634 1246
1315 2303
2635 725
2636 1088
2637 2490
2637 2583
2454 910
1970 2586
1970 657
1970 2638
1970 371
1528 1800
527 1124
527 1370
1746 1773
2639 2635
2639 2476
2484 1226
1380 2503
2640 1774
2640 893
2640 941
2641 2053
100 514
2593 133
2593 1161
2642 224
2642 53
1188 2212
1188 150
2643 746
2643 2105
2207 2644
2207 956
2207 2645
2268 2427
2268 2512
2268 2646
2647 737
1153 819
1153 761
2087 2372
2087 2620
2087 2602
2087 1177
2087 530
2087 2648
2087 2649
268 1255
2650 2422
2650 843
897 2651
897 618
897 572
2652 1997
2652 1252
2552 2001
1296 367
1296 960
2148 2623
2221 2380
2221 694
2221 2294
2221 2616
2221 1122
2221 2423
1569 1420
2653 2129
2653 1834
2653 1357
2565 521
2021 1288
2654 2655
2654 2476
2654 481
2654 723
2654 1779
2656 2071
2656 2633
1059 1793
1059 932
1059 2657
2658 698
2658 633
2659 2159
478 2545
2242 1230
2242 1104
2660 1436
2661 2662
2661 1371
2661 1516
2661 1319
2478 2663
2478 942
2478 941
611 1731
611 1131
611 751
611 680
611 1667
2065 1401
2664 576
2664 2005
729 1294
1620 2471
2665 105
2665 2424
1303 622
1303 2319
1303 1227
985 2098
522 2666
2422 1303
2422 206
2422 2179
2667 1563
2648 2351
2668 851
2669 878
1637 2393
2166 2351
2166 558
2166 2444
2166 2448
2166 2670
2217 1035
698 765
1379 1368
1379 479
2502 2063
2671 582
2671 2186
1896 65
2102 1021
2102 1698
2672 373
2673 2305
2673 2674
2675 701
2675 2324
2676 1537
2676 765
2677 462
2677 1360
2335 1927
1309 1653
1309 2439
1309 1404
1309 693
1322 4
2057 1933
1497 960
2678 2294
2434 1555
2434 1905
2679 2134
2679 97
2680 1144
2680 1913
1974 95
1974 426
2681 985
2682 470
550 949
1196 2548
1769 1739
1769 125
638 985
2683 1813
2683 2684
2683 2561
2683 2685
2066 2686
2066 310
2066 1133
2314 570
467 653
2362 1682
977 2667
2687 1828
2687 351
841 2374
1523 2571
535 2372
2674 2193
594 1729
2688 10
2688 2673
1789 2238
1789 682
2689 2690
2689 640
2691 1271
2691 2480
35 1655
2692 2417
2692 721
2693 1393
2693 1874
1673 652
664 2607
664 410
1999 111
2694 1659
2694 2252
2695 1862
2262 159
2596 175
847 2265
847 950
2414 1619
1548 2696
1548 2375
2697 964
2698 942
2698 1806
93 2122
1829 2298
2699 311
2699 2278
2700 942
2700 904
1888 2303
2556 174
646 838
2061 2497
2061 1719
284 222
1169 486
1169 122
2701 74
2701 1904
327 2686
2330 2110
2038 1988
2038 929
425 2328
425 15
2277 1488
2277 2144
2277 2702
2277 1337
531 1454
2703 2068
2703 1492
2704 2183
2704 1890
1581 878
859 972
859 861
859 1753
1801 216
2395 1577
218 772
2459 2524
99 515
1754 912
1733 2113
2705 401
1116 2481
1116 2232
1116 1205
2006 888
2006 150
2706 2598
2706 1752
2436 1910
1140 2401
1962 16
2707 2299
2707 2179
1911 175
289 365
1142 1997
2708 1754
2709 2477
2709 1304
2709 318
2710 720
2710 2075
1921 52
1565 1709
1565 698
2711 289
2711 1443
2058 1262
1191 60
2712 2264
2712 1880
2712 1591
2204 737
2204 2445
1209 2713
1209 222
1209 521
1209 406
2714 2715
2714 997
2714 499
1611 2299
2716 19
2717 2491
2717 109
358 996
358 2453
358 2150
1108 2521
2718 1087
2718 1399
337 608
2719 455
2719 577
2457 603
2457 2690
2457 998
2457 605
2720 98
2721 410
2721 607
2722 2433
2722 108
2723 2591
2723 600
1163 345
2724 1845
2724 587
2724 537
2103 1212
2103 26
2725 1189
2725 1378
2725 860
2725 1115
1353 2627
940 1124
940 1727
67 1296
1257 1881
1671 1657
2726 330
2726 2727
1543 375
2286 1371
2286 2728
2729 2334
2729 2631
686 2345
2730 1582
2730 2264
458 2727
2162 67
2162 2104
2527 1412
2731 1615
2731 155
916 1937
2458 1663
2458 2701
2458 641
2073 775
1149 1722
472 1743
472 1327
1928 1778
1822 2425
1822 1353
1822 2542
437 2732
1883 1860
2733 2401
2733 1721
628 734
2734 149
2734 1656
2713 521
2735 2715
2735 2426
2735 1504
2735 2292
593 1945
1722 1395
2736 1948
2736 263
