229 774
0 1
2 3
4 5
6 7
8 9
10 11
12 13
14 15
16 17
18 19
20 21
22 23
24 25
26 27
28 29
30 19
31 32
33 34
35 13
36 37
38 39
40 41
42 43
44 45
29 46
47 48
8 49
26 50
51 52
53 54
55 56
57 13
58 59
27 60
61 5
36 62
63 64
65 66
67 68
69 47
70 64
71 43
72 73
69 74
75 50
14 63
76 26
77 78
79 80
23 81
82 83
84 85
86 56
61 87
88 70
89 70
48 90
91 29
59 43
3 92
93 94
89 64
83 95
96 97
98 99
100 101
23 85
102 103
104 105
106 13
79 20
79 107
108 82
75 26
109 94
101 81
110 111
57 112
113 14
114 115
55 116
117 118
119 12
120 20
79 121
32 11
109 122
15 50
31 10
123 56
124 125
126 127
23 128
47 62
129 130
67 131
132 133
58 134
50 27
78 92
12 135
136 89
14 75
83 136
137 138
139 140
81 106
141 142
143 46
144 5
145 141
146 8
19 147
110 148
149 150
151 145
2 77
152 87
47 153
119 154
118 155
113 138
59 156
114 137
58 157
158 17
159 148
68 160
131 29
130 38
84 2
29 143
76 75
83 116
144 32
82 161
154 12
117 162
120 157
121 128
36 48
137 111
76 14
163 164
58 26
165 16
30 143
28 30
166 63
143 167
91 168
169 163
108 33
71 42
139 162
130 170
141 171
93 9
135 172
71 173
0 174
45 47
101 98
91 175
23 66
151 176
113 164
145 177
101 106
178 34
16 39
134 179
180 128
120 80
151 155
118 174
62 48
181 143
139 182
148 183
91 184
59 185
26 179
186 16
187 188
2 124
76 189
84 3
17 140
23 100
134 65
0 190
145 62
159 163
191 42
127 49
2 125
77 119
58 43
140 1
16 1
167 178
117 69
173 122
132 192
171 135
29 178
130 107
24 79
136 63
123 180
30 147
93 111
118 74
18 147
139 150
193 54
46 178
87 11
1 125
110 194
167 33
153 90
146 194
100 84
58 56
10 97
179 60
158 117
5 90
75 27
85 124
18 169
195 69
37 68
0 196
197 151
59 134
26 185
80 104
52 125
33 166
144 168
17 174
129 51
189 185
134 198
68 131
199 56
92 154
28 184
67 37
4 168
200 128
201 3
202 122
118 69
53 103
99 41
150 162
4 31
160 6
110 93
203 126
44 204
126 96
61 90
60 205
38 104
108 136
170 51
106 206
197 177
207 208
30 167
92 13
80 73
79 130
80 21
15 35
149 209
71 109
64 57
210 6
62 153
151 141
185 179
211 54
22 170
65 98
107 121
70 13
171 212
203 163
83 163
203 102
4 19
4 10
213 214
179 215
196 190
134 40
136 166
81 207
16 139
181 33
3 208
201 176
8 216
156 65
146 164
201 77
31 18
181 147
84 207
34 70
167 34
17 1
108 147
31 19
58 185
179 198
105 73
104 73
82 169
1 174
191 109
129 170
131 160
82 136
130 80
66 128
144 217
34 7
184 168
67 175
16 51
218 39
52 85
32 10
144 90
51 124
217 219
100 85
183 94
39 182
110 137
139 17
203 127
220 116
198 99
20 72
161 166
148 9
46 7
203 169
191 138
216 9
34 88
201 125
59 157
22 121
5 32
207 78
18 126
117 132
111 202
111 109
84 125
197 74
191 43
55 115
221 190
65 198
0 201
110 164
158 192
141 222
142 12
189 58
0 155
198 205
27 179
155 74
36 175
166 64
18 203
77 154
36 67
129 121
7 88
149 182
53 116
189 75
173 21
84 124
28 143
198 215
174 155
45 152
30 181
44 47
11 96
47 74
40 215
123 25
123 223
167 89
99 13
185 134
18 127
189 26
209 182
156 157
129 39
191 111
16 149
5 152
22 107
148 216
145 37
71 20
16 52
137 42
171 224
0 176
146 163
158 162
170 85
193 225
203 103
2 207
156 22
146 148
49 216
15 112
44 153
186 165
89 88
205 13
65 40
191 71
148 93
136 161
137 109
218 51
83 161
10 96
28 19
166 70
30 211
187 190
151 62
193 219
52 124
184 90
129 104
2 201
36 214
137 194
146 93
27 35
66 101
34 89
45 226
198 40
51 128
172 13
55 86
22 66
193 214
164 194
215 99
111 94
28 168
63 15
168 19
117 140
129 218
197 155
188 190
225 54
61 226
36 68
67 48
58 199
15 57
128 85
160 224
156 134
33 136
176 119
159 169
76 138
120 43
218 16
207 3
149 139
98 41
5 11
95 116
100 124
171 172
218 52
109 173
144 219
4 184
221 227
189 138
179 205
197 176
46 210
115 137
132 204
203 147
67 91
101 41
18 10
228 195
153 48
181 169
126 49
185 198
119 222
210 13
46 6
177 142
185 27
66 40
20 80
120 173
7 13
66 98
84 81
222 142
30 29
76 42
82 163
227 214
3 77
75 15
20 122
21 72
113 75
45 61
23 101
144 184
175 90
71 120
212 160
137 93
35 60
194 138
200 180
51 85
108 167
187 165
162 192
50 35
105 209
208 13
126 97
120 107
182 150
83 113
206 208
36 213
192 204
151 74
127 216
170 121
5 87
170 128
23 98
39 149
158 150
109 202
181 108
212 172
222 154
176 77
153 175
100 207
174 125
145 36
113 161
178 6
45 153
140 174
176 222
156 107
139 158
173 20
161 14
144 175
44 133
129 38
160 46
68 171
127 8
45 133
181 167
104 72
145 74
156 66
50 60
117 204
91 68
31 147
127 97
83 14
158 118
40 99
25 79
0 197
89 166
189 43
147 169
119 92
52 1
142 135
138 42
4 32
143 178
63 57
38 105
149 17
144 4
157 107
142 171
181 19
131 212
142 172
197 201
146 110
36 141
91 28
141 37
218 170
106 41
1 124
132 69
132 118
113 194
187 180
161 15
222 12
74 62
0 2
156 121
111 183
37 171
223 180
71 157
82 33
67 184
132 47
38 209
108 163
9 183
28 131
0 125
31 168
63 112
14 50
173 202
224 210
53 220
76 194
221 195
68 212
45 90
81 208
203 159
159 146
82 164
176 177
50 112
208 78
48 175
130 104
130 121
132 44
191 173
37 142
32 87
79 104
207 206
222 135
221 214
160 210
112 35
158 140
97 49
93 183
228 69
218 38
27 205
122 21
144 61
80 72
177 222
30 54
110 138
133 226
201 119
43 157
189 42
8 148
117 192
39 105
204 133
33 89
69 155
39 209
100 81
161 63
145 48
44 226
22 65
159 164
44 69
151 177
31 126
40 98
79 157
137 191
203 8
61 152
108 169
218 149
83 194
172 224
69 62
59 65
177 141
178 7
22 128
29 160
113 76
159 8
212 210
91 131
175 184
140 155
17 52
205 215
30 168
83 164
143 34
10 126
81 206
101 206
3 78
61 153
120 79
38 73
59 107
77 92
178 88
98 106
32 96
177 119
94 202
37 212
212 224
166 57
140 118
159 127
100 128
131 46
197 174
58 42
226 152
