56 739
0 1
2 3
4 5
6 7
8 9
10 11
12 13
14 15
16 17
18 4
19 4
20 21
22 23
24 9
25 3
26 27
4 28
4 1
10 24
29 25
30 20
31 32
11 33
16 1
20 27
34 3
23 35
16 28
31 15
36 37
36 8
33 13
38 25
39 13
18 25
12 16
18 15
12 15
14 20
18 1
35 32
32 16
31 11
19 33
35 25
19 23
12 24
35 3
4 13
31 13
10 2
40 8
12 23
30 9
22 41
11 13
23 42
40 24
15 20
30 27
11 15
18 14
35 1
6 42
33 20
43 14
12 1
22 15
23 27
18 34
23 24
36 42
33 27
14 28
16 8
37 4
2 25
36 44
45 23
39 1
24 1
30 41
10 46
36 28
24 7
12 37
22 43
26 30
40 39
37 42
45 14
44 31
10 39
23 41
4 9
4 25
19 30
24 15
31 9
10 32
36 2
33 7
25 1
24 47
23 7
23 48
38 3
33 46
49 0
48 47
10 3
45 8
40 41
36 25
1 50
12 45
45 1
13 3
45 38
30 8
10 38
39 16
18 28
36 10
11 1
36 32
49 14
24 30
42 4
42 3
2 41
15 8
48 33
18 33
22 45
13 17
38 15
46 41
26 11
13 27
18 7
13 21
38 40
35 13
22 9
26 48
14 11
36 14
11 9
51 4
19 38
33 1
19 15
10 22
1 9
18 12
39 27
45 39
45 9
2 42
24 20
15 9
10 16
10 33
36 9
45 15
38 7
32 4
39 30
18 42
22 14
48 27
45 25
36 35
38 31
24 13
12 38
36 41
7 1
16 25
38 4
48 1
38 27
23 32
41 3
37 30
42 9
40 42
16 21
1 28
7 15
40 4
23 39
16 27
48 30
48 11
26 42
13 20
2 20
31 37
36 31
18 8
10 9
36 45
39 26
4 20
28 47
38 46
14 2
44 33
18 16
26 7
15 25
32 28
36 23
14 7
36 30
39 15
7 20
36 18
36 20
51 27
12 25
40 3
35 26
45 30
22 51
27 46
52 42
15 46
35 42
40 31
46 1
12 14
42 33
11 28
27 28
12 22
34 47
37 13
48 3
12 7
31 51
19 51
37 27
19 26
18 39
7 27
12 27
23 14
42 51
47 50
19 14
36 1
12 48
36 3
33 5
32 13
8 3
22 28
37 11
10 20
2 51
11 25
31 20
20 9
18 27
30 5
20 8
45 31
40 13
31 30
27 17
43 0
42 1
36 17
10 13
6 48
22 24
39 9
12 20
10 27
4 47
15 28
36 11
18 41
27 3
51 13
2 33
24 25
28 17
10 5
13 25
1 17
6 13
51 41
31 41
10 30
35 28
18 2
35 7
23 37
26 41
46 17
33 41
12 32
10 45
51 33
38 23
14 33
49 43
24 27
36 22
11 27
14 25
25 46
38 2
45 3
38 48
31 4
12 40
18 21
14 37
36 13
40 35
31 33
22 7
25 47
5 27
25 41
32 20
40 2
24 32
40 7
38 30
11 3
26 9
2 4
22 48
7 13
51 1
40 25
38 35
30 15
53 27
11 46
19 42
41 21
52 28
35 11
14 24
12 4
45 11
32 41
36 46
18 35
38 51
10 31
42 13
22 54
32 30
45 7
48 13
15 47
25 27
40 15
32 3
2 7
35 30
30 46
46 9
19 12
7 3
32 25
37 26
44 2
1 8
24 8
45 40
8 21
32 11
18 23
4 27
15 21
36 4
45 28
42 27
48 42
52 13
22 40
32 51
39 3
19 45
7 21
37 39
35 15
42 21
10 1
14 1
39 48
18 30
31 46
38 1
38 9
15 27
40 16
12 42
31 2
8 47
44 41
12 10
20 41
35 21
14 4
37 48
45 48
11 21
4 8
18 24
23 28
7 46
45 47
30 25
14 30
27 9
39 33
25 17
2 13
12 41
48 41
52 11
45 42
12 31
35 39
32 27
36 21
23 4
30 3
38 26
2 48
12 39
18 48
33 30
15 16
18 20
42 11
39 7
33 4
45 2
36 26
51 7
18 45
14 0
16 46
40 30
24 4
14 27
24 28
37 51
14 5
2 39
18 13
25 8
33 15
23 11
22 25
51 15
26 1
48 15
23 33
19 37
4 17
11 4
19 2
42 15
42 41
6 15
39 41
45 46
13 8
24 11
18 3
42 8
36 51
32 1
31 3
11 41
4 3
2 28
39 8
10 25
12 30
36 48
12 33
14 32
15 1
32 46
18 11
48 32
32 15
38 32
37 55
51 30
14 35
15 0
13 47
38 28
23 13
38 20
51 11
24 42
31 8
39 20
14 41
7 9
10 8
2 26
24 17
40 33
23 25
48 28
37 9
35 34
12 8
38 37
36 24
45 26
22 33
20 3
38 13
51 28
45 37
7 8
23 15
15 3
18 10
1 21
1 3
39 11
38 11
23 5
20 1
10 42
48 9
46 8
23 26
11 30
32 7
18 40
12 11
46 3
13 9
10 51
23 47
18 9
13 28
2 30
22 4
42 32
22 27
39 25
36 39
32 33
10 41
22 38
52 15
20 25
22 13
14 13
22 1
35 48
13 41
37 15
45 35
26 3
25 28
33 25
40 53
35 20
28 21
45 27
48 25
36 40
38 8
38 24
22 30
31 48
7 17
15 17
24 3
26 13
30 1
35 24
33 3
37 33
51 3
23 1
48 4
14 9
37 41
45 32
18 32
23 40
28 9
22 0
13 46
11 7
39 51
2 15
4 41
27 8
40 14
22 16
12 2
30 13
36 16
4 46
35 41
53 47
35 51
31 1
37 2
23 20
23 8
40 48
36 33
16 47
39 42
45 4
16 13
32 8
40 1
31 25
35 47
31 26
48 24
36 12
27 1
18 38
31 7
26 15
10 23
19 31
23 2
33 9
14 39
36 38
29 1
31 24
45 41
36 27
45 20
26 4
7 25
35 9
37 7
25 9
31 39
10 4
6 31
38 5
18 47
38 16
12 3
36 15
10 35
10 14
48 8
38 33
31 28
45 13
26 33
22 49
42 7
2 11
23 31
38 21
45 24
2 27
24 33
4 30
42 25
39 28
7 41
48 7
15 13
15 41
2 1
18 51
31 27
38 14
14 31
31 42
22 35
46 28
10 15
33 28
35 31
36 7
3 9
42 46
14 42
23 30
45 33
35 4
41 8
13 1
42 20
18 46
37 1
18 31
35 27
4 15
24 41
19 41
27 41
7 28
39 4
40 27
10 28
38 41
51 47
42 28
4 7
42 30
32 9
41 1
2 9
38 42
38 39
14 47
22 42
41 9
23 9
10 7
30 7
30 28
39 24
12 47
