406 1155
0 1
2 3
4 5
6 7
8 9
10 11
12 13
14 15
15 16
17 18
19 20
21 22
23 24
25 26
27 28
29 30
31 32
22 33
34 35
36 37
38 39
40 41
42 43
44 45
46 47
48 49
50 51
52 53
54 55
56 57
58 59
60 61
62 63
64 65
19 66
67 40
34 68
30 69
70 71
72 73
74 75
76 15
77 78
33 79
80 66
81 43
82 83
84 85
86 87
54 88
69 89
90 91
92 93
94 95
77 96
97 98
99 87
100 101
12 102
103 104
105 106
77 47
107 61
108 109
110 96
111 33
77 112
113 114
26 115
116 117
118 119
120 121
21 122
92 123
124 125
75 126
127 128
129 130
131 98
15 132
133 134
102 135
136 137
138 118
90 139
33 140
141 142
143 144
145 146
97 147
83 118
143 128
148 149
46 78
150 151
152 62
153 154
122 22
155 82
156 157
158 159
160 124
112 161
16 162
163 164
121 165
166 167
168 59
169 170
99 24
21 171
172 173
174 61
175 176
177 119
178 179
141 44
180 181
182 150
183 184
185 186
37 187
188 189
190 191
100 192
156 193
109 194
195 196
197 198
73 199
159 200
201 159
111 140
202 203
133 80
155 204
205 206
207 208
209 210
211 212
34 213
214 215
59 174
216 217
218 219
218 220
221 145
222 223
224 89
67 225
103 141
223 226
142 193
227 228
229 230
93 98
231 232
108 233
234 171
88 235
236 225
237 63
110 154
238 239
149 230
240 71
224 162
72 241
242 243
0 172
116 209
244 155
245 164
169 244
246 22
123 247
248 249
250 251
252 60
182 151
233 109
56 118
253 57
196 192
16 132
254 217
167 255
254 51
219 256
202 214
180 257
99 98
173 195
256 258
259 52
158 260
261 249
262 126
182 263
19 113
264 265
266 267
268 269
133 66
270 243
271 272
273 274
275 37
17 276
257 277
278 279
65 280
281 282
283 284
238 285
7 232
12 286
209 54
287 238
227 288
289 290
235 291
292 95
0 157
176 293
138 83
171 294
30 295
296 95
86 99
297 206
298 299
32 300
38 265
258 220
269 126
135 89
244 170
195 147
301 11
302 35
23 303
32 290
304 305
31 29
237 292
285 57
76 70
289 8
306 251
294 307
146 85
177 137
104 308
309 255
204 118
183 46
194 310
311 134
312 313
314 249
315 55
106 286
90 296
251 197
316 276
317 318
319 320
214 64
321 125
322 323
153 324
325 83
188 274
326 264
190 41
24 303
327 325
84 328
34 305
138 253
15 71
55 329
10 330
287 57
189 193
80 234
239 38
331 98
332 14
324 301
84 178
268 106
318 67
248 333
152 304
13 162
173 45
73 334
335 170
93 327
152 305
311 336
209 315
337 338
339 126
320 63
340 79
341 249
5 104
91 342
72 199
312 72
163 288
161 154
219 124
200 41
326 115
337 61
343 229
344 315
185 276
203 211
261 345
243 39
122 279
262 346
180 28
32 347
348 246
29 130
344 210
216 191
32 289
82 204
88 43
311 272
110 112
323 349
350 351
287 119
191 352
353 208
354 136
284 31
213 355
356 357
6 271
48 358
353 359
347 130
213 58
340 348
64 203
20 66
360 249
218 49
82 361
231 272
47 112
348 298
138 123
102 89
244 362
78 363
318 316
343 132
281 364
207 269
31 332
135 146
148 13
136 239
365 23
366 35
84 364
134 336
45 147
284 290
173 196
76 14
282 85
217 367
169 368
350 58
298 307
94 88
120 369
354 287
255 193
196 361
94 43
176 370
21 371
131 372
373 250
324 280
226 374
101 375
88 329
4 18
184 106
182 366
209 95
376 27
18 331
131 24
58 168
2 201
309 367
350 59
125 307
2 158
295 162
231 376
62 296
217 51
256 220
137 165
265 113
213 351
273 104
304 351
183 339
149 162
29 14
347 300
315 210
99 23
257 128
55 356
72 341
369 119
330 166
346 215
183 346
36 333
214 262
80 49
74 269
233 241
377 362
257 181
205 230
371 234
213 68
372 123
65 161
378 222
139 43
204 369
172 100
108 338
184 339
144 379
246 307
243 20
26 322
65 215
121 369
364 179
132 162
60 107
372 247
218 171
105 206
101 192
224 12
345 380
228 381
40 190
41 225
158 216
289 197
131 93
175 293
25 115
303 210
300 382
383 272
177 354
136 265
384 160
84 281
382 179
4 273
116 210
149 13
385 247
315 356
270 386
195 45
244 377
138 247
387 361
108 241
109 139
74 126
383 271
386 57
388 358
254 11
351 305
10 50
279 127
50 254
285 270
36 187
81 258
105 205
72 314
264 383
68 186
318 273
183 47
14 16
275 310
96 370
329 242
178 364
325 387
321 384
73 198
222 229
165 52
86 365
190 159
374 206
237 117
333 249
241 338
332 76
251 290
163 355
134 114
264 137
59 179
360 341
176 200
78 12
377 52
150 86
60 337
308 389
316 225
320 365
302 390
360 391
392 53
153 260
393 371
236 381
252 107
394 53
5 97
320 237
363 135
63 292
308 44
188 352
7 323
172 44
250 334
59 364
264 394
208 359
246 21
279 27
192 375
327 387
92 327
395 301
353 396
270 356
295 16
19 133
395 217
30 14
186 35
101 335
397 68
173 192
295 69
377 259
97 389
302 186
248 36
3 175
243 358
137 394
371 122
299 307
281 164
187 256
65 153
120 52
355 58
13 286
128 144
38 20
398 282
278 371
104 389
238 57
262 183
263 320
328 85
130 69
124 294
252 342
117 303
241 341
190 216
94 42
280 212
188 367
60 342
5 389
26 6
373 313
228 41
284 32
259 392
105 230
90 342
148 286
357 253
399 11
393 234
366 319
6 115
400 172
322 6
226 205
175 159
245 282
211 399
37 256
185 18
229 205
281 85
42 296
358 66
309 188
263 319
254 395
289 382
401 313
245 163
129 178
8 197
394 115
91 109
254 301
335 169
36 384
365 117
89 146
227 398
399 212
402 22
167 156
113 272
316 17
403 51
390 87
7 271
152 252
247 253
237 365
82 387
373 306
122 402
107 350
221 370
199 334
320 150
309 189
40 225
195 387
360 248
2 260
346 161
311 114
86 151
240 378
3 154
393 80
238 39
153 2
56 253
327 147
87 331
389 45
326 383
148 106
207 74
261 314
316 236
165 53
93 147
75 214
338 198
368 259
393 133
279 336
48 66
231 271
19 114
336 376
361 170
393 134
399 10
81 275
224 13
395 158
299 321
8 198
263 150
386 253
302 151
296 292
401 380
54 315
123 83
68 35
375 170
121 119
342 296
322 7
350 174
252 62
370 398
3 293
278 122
121 137
191 367
395 260
366 305
152 63
354 239
388 242
400 1
42 95
140 79
319 305
233 360
403 166
53 115
334 197
270 242
232 28
141 308
201 3
393 278
317 67
366 34
226 206
116 95
343 230
344 356
400 100
344 303
289 300
374 396
6 326
69 328
219 187
153 161
349 180
103 274
184 286
355 164
349 28
404 229
107 304
266 397
325 123
165 394
112 154
267 397
358 20
300 178
388 291
187 160
142 157
228 200
177 136
150 365
313 250
27 181
88 81
127 181
371 171
263 366
110 293
51 367
196 375
50 11
97 93
159 216
8 405
69 146
28 181
236 276
236 266
87 98
164 168
266 288
92 372
348 79
42 139
129 300
343 71
389 147
368 377
326 394
285 243
214 126
383 113
116 292
348 33
195 327
105 297
129 84
312 199
30 130
404 343
388 329
368 244
338 73
131 92
220 49
260 301
385 344
248 37
1 157
97 331
201 175
356 386
199 250
267 68
139 310
318 17
48 388
306 250
355 168
310 391
190 200
86 23
105 148
345 314
224 102
37 391
129 328
143 127
176 228
167 193
291 49
223 229
359 297
213 267
329 235
188 317
194 391
274 189
347 129
177 287
204 362
283 290
155 361
127 27
277 144
189 142
258 291
363 96
372 385
141 157
302 182
221 135
179 9
239 39
377 120
22 111
314 341
381 41
178 382
311 376
46 286
81 310
143 379
67 316
56 119
355 267
276 186
295 89
246 294
30 16
231 311
319 63
330 50
380 312
121 177
71 132
54 94
187 384
333 261
78 102
334 198
318 4
185 390
288 228
363 221
29 332
43 310
75 202
5 331
145 85
306 283
246 33
56 138
387 196
385 357
251 334
239 265
402 143
118 369
0 44
23 117
77 363
223 205
245 398
209 94
275 256
317 273
124 171
50 403
227 245
293 370
266 381
290 197
64 280
82 325
281 168
40 352
117 210
340 298
278 134
240 404
46 184
339 269
404 71
380 313
108 337
199 313
324 212
70 240
268 208
203 280
143 111
99 131
21 294
328 146
317 274
268 339
96 293
212 11
70 15
103 308
163 267
330 403
211 280
40 191
301 212
275 258
308 45
208 269
58 351
317 352
185 302
0 400
262 339
78 47
299 125
319 152
362 369
344 357
219 160
155 362
5 18
17 185
227 370
361 375
233 341
141 0
266 163
288 381
376 232
67 352
309 51
103 142
61 9
220 291
120 165
130 328
110 77
388 235
125 294
3 110
348 307
390 331
283 251
274 142
221 398
336 27
382 9
60 91
62 292
17 4
376 28
55 242
208 297
90 109
234 218
297 106
65 324
91 108
390 18
270 55
233 194
321 160
135 145
287 56
48 291
120 362
404 222
285 39
347 29
335 375
395 216
402 127
81 235
323 232
349 232
357 386
374 359
268 297
2 154
83 204
133 114
80 48
42 90
379 140
359 206
350 304
182 35
156 1
403 255
7 231
38 113
397 276
234 49
92 325
367 352
184 268
385 24
273 103
402 111
272 114
174 9
342 62
189 255
353 207
47 346
175 200
405 337
64 215
237 116
278 336
241 73
392 25
217 191
405 9
96 221
139 194
111 379
176 227
245 288
385 303
25 53
381 225
258 235
31 347
172 192
285 386
202 64
4 104
39 20
107 174
164 282
38 19
91 337
405 61
215 161
363 102
173 44
260 324
166 255
343 149
295 224
155 170
402 279
128 277
46 12
326 271
248 391
8 382
145 282
345 312
148 230
392 52
262 215
354 238
372 24
54 329
401 373
265 383
396 359
236 397
151 87
149 132
357 247
398 145
151 390
168 364
181 128
252 304
193 157
405 338
34 351
378 404
218 124
405 198
201 158
174 179
242 358
397 186
346 112
264 136
403 309
360 194
312 314
275 391
160 125
219 220
