149 193
0 1
2 3
4 5
4 6
6 7
8 9
8 10
10 11
11 12
12 13
13 14
14 1
15 9
15 16
17 18
17 19
17 20
21 22
23 24
1 25
26 27
26 7
9 20
3 28
3 25
29 30
29 31
32 33
32 34
35 36
35 37
35 38
35 39
35 40
35 41
42 43
42 44
45 34
45 44
46 41
46 47
46 48
48 49
48 50
43 47
47 36
51 52
51 34
53 54
53 55
53 34
56 57
58 59
58 60
61 62
61 63
64 62
64 65
66 59
66 67
63 67
68 69
68 70
71 72
71 69
73 74
73 75
70 76
77 78
77 79
77 80
77 81
30 18
30 82
30 83
30 84
30 85
30 86
30 87
88 89
88 90
89 91
86 92
86 93
93 92
93 5
94 5
94 95
50 96
54 97
54 98
54 22
99 100
99 101
99 102
101 103
52 100
104 96
104 33
103 34
103 22
105 106
65 106
65 60
60 27
78 79
78 57
80 107
108 109
108 107
110 106
110 111
112 106
76 113
76 7
76 75
76 114
115 116
115 62
59 117
118 119
118 120
74 72
75 121
122 62
122 123
124 40
124 41
124 125
41 126
126 123
111 127
111 106
127 106
125 62
97 119
97 120
97 22
116 49
128 98
128 129
130 131
130 132
131 25
133 134
133 19
133 25
25 135
20 134
136 19
136 31
135 31
82 107
31 85
84 137
109 137
109 138
132 138
138 139
129 119
119 120
119 140
141 113
141 121
142 113
142 106
142 143
143 121
121 139
114 144
144 113
113 106
117 27
117 145
145 27
145 39
7 28
7 27
57 95
106 27
37 90
37 39
38 39
140 146
140 147
146 24
91 148
148 98
55 36
98 36
36 90
120 147
147 24
