5534 8472
0 1
0 2
0 3
0 4
0 5
0 6
0 7
0 8
0 9
0 10
0 11
0 12
0 13
0 14
0 15
0 16
0 17
0 18
0 19
0 20
0 21
0 22
0 23
0 24
25 26
25 27
25 28
25 29
25 30
25 31
25 32
25 33
25 34
25 35
25 36
25 37
25 38
25 39
25 40
25 41
25 42
25 43
25 44
25 45
25 46
25 47
25 48
25 49
25 50
25 24
51 52
51 53
51 54
51 55
51 56
51 24
57 58
57 59
57 60
57 61
57 62
57 63
57 64
57 65
57 66
57 67
57 68
57 69
57 70
57 71
57 72
57 73
57 74
57 75
57 76
57 77
57 78
57 79
57 80
57 81
57 82
57 83
57 84
57 85
57 86
57 87
57 88
57 89
57 90
57 91
57 92
57 93
57 24
94 95
94 96
94 97
94 98
94 99
94 100
94 101
94 102
94 103
94 104
94 105
94 106
94 107
94 108
94 109
94 110
94 111
94 112
94 113
94 114
94 115
94 24
116 117
116 118
116 119
116 120
116 63
116 121
116 122
116 123
116 124
116 125
116 126
116 127
116 128
116 129
116 130
116 131
116 132
116 133
116 74
116 134
116 135
116 136
116 137
116 138
116 139
116 140
116 141
116 142
116 143
116 144
116 145
116 146
116 147
116 148
116 149
116 150
116 151
116 152
116 153
116 24
154 155
154 156
154 24
157 158
157 159
157 160
157 161
157 162
157 163
157 164
157 165
157 166
157 167
157 168
157 169
157 170
157 68
157 171
157 172
157 173
157 174
157 175
157 176
157 177
157 178
157 179
157 180
157 181
157 182
157 183
157 184
157 185
157 186
157 187
157 188
157 24
189 190
189 191
189 192
189 193
189 194
189 195
189 196
189 197
189 198
189 24
117 199
117 200
117 201
117 202
117 203
117 23
117 204
117 205
117 24
206 207
206 208
206 209
206 210
206 211
206 212
206 213
206 214
206 215
206 216
206 217
206 218
206 219
206 220
206 221
206 222
206 223
206 224
206 225
206 226
206 227
206 228
206 229
206 230
206 231
206 232
206 233
206 234
206 235
206 236
206 237
206 238
206 239
206 240
206 241
206 242
206 243
206 24
244 245
244 24
246 247
246 248
246 249
246 250
246 251
246 252
246 253
246 254
246 24
255 24
256 257
256 258
256 191
256 259
256 260
256 261
256 262
256 263
256 264
256 265
256 266
256 267
256 268
256 269
256 24
257 258
257 270
257 271
257 261
257 272
257 262
257 273
257 263
257 264
257 265
257 266
257 267
257 274
257 275
257 276
257 269
257 24
277 24
278 279
278 211
278 280
278 281
278 282
278 283
278 284
278 285
278 286
278 287
278 288
278 289
278 290
278 291
278 292
278 293
278 294
278 295
278 296
278 297
278 298
278 299
278 300
278 301
278 302
278 303
278 24
304 305
304 306
304 307
304 308
304 309
304 24
310 119
310 311
310 312
310 313
310 314
310 315
310 316
310 317
310 318
310 319
310 320
310 321
310 322
310 323
310 324
310 325
310 326
310 327
310 328
310 329
310 330
310 331
310 332
310 333
310 334
310 335
310 336
310 337
310 338
310 143
310 339
310 340
310 341
310 342
310 343
310 344
310 345
310 346
310 347
310 348
310 349
310 350
310 351
310 352
310 24
118 353
118 354
118 355
118 356
118 357
118 358
118 359
118 360
118 145
118 361
118 362
118 363
118 364
118 365
118 366
118 367
118 368
118 369
118 370
118 371
118 372
118 373
118 374
118 375
118 150
118 376
118 153
118 24
377 378
377 379
377 380
377 381
377 382
377 383
377 384
377 385
377 386
377 387
377 388
377 389
377 390
377 391
377 392
377 393
377 394
377 395
377 396
377 397
377 398
377 399
377 400
377 401
377 402
377 403
377 404
377 405
377 24
406 407
406 408
406 409
406 286
406 410
406 411
406 412
406 413
406 414
406 415
406 416
406 24
417 418
417 419
417 420
417 421
417 422
417 124
417 423
417 424
417 425
417 426
417 427
417 428
417 429
417 430
417 431
417 432
417 433
417 434
417 144
417 435
417 24
436 437
436 24
438 439
438 440
438 441
438 442
438 443
438 444
438 445
438 446
438 447
438 448
438 449
438 450
438 451
438 133
438 452
438 453
438 454
438 455
438 456
438 457
438 458
438 459
438 460
438 461
438 462
438 463
438 464
438 24
465 247
465 466
465 467
465 419
465 468
465 469
465 260
465 470
465 471
465 472
465 473
465 474
465 475
465 476
465 477
465 478
465 479
465 480
465 481
465 482
465 483
465 484
465 24
485 486
485 58
485 487
485 61
485 488
485 489
485 67
485 490
485 491
485 492
485 493
485 494
485 495
485 496
485 497
485 498
485 499
485 500
485 501
485 88
485 502
485 503
485 504
485 505
485 506
485 507
485 508
485 509
485 24
510 511
510 512
510 513
510 514
510 515
510 516
510 517
510 518
510 519
510 520
510 521
510 522
510 523
510 524
510 525
510 526
510 527
510 528
510 529
510 530
510 531
510 532
510 533
510 534
510 24
535 536
535 537
535 538
535 539
535 540
535 541
535 24
158 160
158 542
158 164
158 165
158 543
158 544
158 545
158 176
158 546
158 547
158 179
158 548
158 182
158 549
158 550
158 187
158 24
536 537
536 24
551 552
551 553
551 554
551 24
555 556
555 557
555 558
555 559
555 560
555 421
555 561
555 562
555 563
555 564
555 565
555 566
555 567
555 568
555 569
555 570
555 571
555 572
555 573
555 574
555 575
555 576
555 577
555 578
555 579
555 24
580 581
580 582
580 60
580 583
580 584
580 585
580 586
580 587
580 588
580 24
589 190
589 590
589 591
589 592
589 97
589 430
589 593
589 594
589 24
595 559
595 5
595 596
595 597
595 598
595 599
595 10
595 600
595 601
595 602
595 603
595 604
595 605
595 202
595 24
556 542
556 558
556 67
556 490
556 606
556 607
556 608
556 609
556 11
556 610
556 494
556 611
556 612
556 133
556 613
556 614
556 615
556 616
556 617
556 618
556 619
556 620
556 621
556 622
556 623
556 624
556 625
556 626
556 627
556 628
556 629
556 630
556 631
556 632
556 633
556 24
634 635
634 469
634 636
634 637
634 638
634 639
634 640
634 641
634 24
642 643
642 644
642 645
642 646
642 479
642 647
642 648
642 649
642 650
642 651
642 24
159 160
159 168
159 652
159 653
159 654
159 655
159 656
159 657
159 658
159 659
159 660
159 661
159 662
159 663
159 24
664 511
664 665
664 666
664 437
664 667
664 668
664 669
664 670
664 671
664 672
664 673
664 674
664 675
664 676
664 677
664 678
664 679
664 680
664 681
664 682
664 683
664 684
664 685
664 686
664 687
664 688
664 689
664 690
664 691
664 692
664 24
693 694
693 695
693 696
693 697
693 698
693 699
693 700
693 701
693 702
693 703
693 704
693 705
693 706
693 707
693 708
693 709
693 710
693 711
693 712
693 713
693 714
693 715
693 716
693 717
693 24
718 719
718 720
718 721
718 722
718 723
718 724
718 725
718 726
718 727
718 728
718 570
718 729
718 730
718 731
718 732
718 733
718 734
718 735
718 736
718 737
718 738
718 739
718 740
718 741
718 742
718 743
718 462
718 744
718 745
718 746
718 747
718 748
718 749
718 750
718 751
718 752
718 151
718 753
718 754
718 755
718 756
718 757
718 758
718 759
718 24
760 761
760 408
760 218
760 762
760 763
760 24
764 119
764 765
764 766
764 767
764 768
764 769
764 770
764 771
764 68
764 97
764 772
764 721
764 773
764 75
764 774
764 775
764 776
764 777
764 778
764 779
764 780
764 781
764 782
764 24
783 67
783 784
783 785
783 786
783 102
783 87
783 787
783 788
783 789
783 24
790 791
790 582
790 792
790 793
790 794
790 795
790 796
790 797
790 798
790 799
790 800
790 801
790 802
790 803
790 804
790 805
790 806
790 24
807 808
807 809
807 810
807 811
807 812
807 813
807 24
814 815
814 514
814 816
814 817
814 818
814 819
814 820
814 821
814 24
511 822
511 823
511 513
511 514
511 824
511 825
511 826
511 827
511 828
511 515
511 829
511 830
511 831
511 832
511 833
511 516
511 834
511 835
511 836
511 837
511 838
511 839
511 840
511 841
511 842
511 843
511 844
511 845
511 846
511 847
511 848
511 849
511 850
511 851
511 17
511 852
511 853
511 854
511 855
511 21
511 856
511 24
635 857
635 858
635 859
635 469
635 471
635 829
635 636
635 637
635 860
635 861
635 862
635 863
635 864
635 865
635 866
635 867
635 868
635 869
635 870
635 24
871 872
871 421
871 873
871 874
871 875
871 876
871 877
871 878
871 879
871 880
871 881
871 882
871 883
871 884
871 885
871 886
871 887
871 888
871 889
871 890
871 24
891 161
891 892
891 162
891 767
891 121
891 893
891 894
891 895
891 896
891 13
891 897
891 898
891 899
891 900
891 901
891 902
891 903
891 904
891 905
891 24
822 542
822 3
822 770
822 245
822 906
822 907
822 24
665 667
665 908
665 24
909 910
909 911
909 912
909 913
909 24
258 914
258 915
258 916
258 917
258 162
258 918
258 919
258 542
258 270
258 920
258 769
258 808
258 121
258 921
258 922
258 245
258 123
258 261
258 923
258 924
258 925
258 926
258 927
258 267
258 928
258 929
258 930
258 931
258 24
932 24
933 934
933 512
933 935
933 936
933 937
933 938
933 939
933 940
933 941
933 942
933 943
933 944
933 945
933 946
933 947
933 721
933 75
933 948
933 949
933 950
933 951
933 952
933 953
933 954
933 955
933 956
933 957
933 958
933 959
933 960
933 961
933 24
962 963
962 964
962 52
962 965
962 966
962 967
962 968
962 969
962 970
962 971
962 972
962 973
962 974
962 975
962 24
963 976
963 977
963 978
963 979
963 980
963 981
963 112
963 982
963 983
963 197
963 984
963 985
963 986
963 987
963 988
963 504
963 989
963 198
963 990
963 991
963 992
963 757
963 24
964 965
964 419
964 993
964 994
964 995
964 996
964 997
964 998
964 999
964 1000
964 1001
964 1002
964 1003
964 1004
964 1005
964 975
964 1006
964 1007
964 24
761 408
761 218
761 762
761 763
761 1008
761 1009
761 1010
761 1011
761 1012
761 1013
761 24
1014 486
1014 1015
1014 1016
1014 1017
1014 1018
1014 24
1019 558
1019 1020
1019 1021
1019 1022
1019 24
1023 792
1023 1024
1023 1025
1023 1026
1023 1027
1023 926
1023 1028
1023 1029
1023 1030
1023 1031
1023 1032
1023 1033
1023 24
1034 248
1034 1035
1034 1036
1034 1037
1034 1038
1034 24
160 1039
160 178
160 731
160 86
160 1040
160 179
160 659
160 1041
160 1042
160 1043
160 1044
160 1045
160 928
160 180
160 1046
160 1047
160 1048
160 1049
160 1050
160 660
160 1051
160 183
160 1052
160 661
160 550
160 1053
160 1054
160 663
160 1055
160 1056
160 188
160 24
1057 119
1057 1058
1057 1059
1057 1060
1057 894
1057 1061
1057 1062
1057 1063
1057 1064
1057 1065
1057 1066
1057 1067
1057 1068
1057 1069
1057 1070
1057 1071
1057 1072
1057 1073
1057 1074
1057 1075
1057 1076
1057 1077
1057 1078
1057 1079
1057 1080
1057 1081
1057 24
1082 915
1082 917
1082 919
1082 1083
1082 270
1082 1084
1082 1085
1082 934
1082 921
1082 922
1082 1086
1082 771
1082 98
1082 937
1082 1087
1082 1088
1082 100
1082 1089
1082 1090
1082 1091
1082 1092
1082 1093
1082 1094
1082 1095
1082 1096
1082 1097
1082 1098
1082 176
1082 1099
1082 1100
1082 1101
1082 1102
1082 1103
1082 1104
1082 1105
1082 1106
1082 742
1082 1107
1082 1108
1082 1109
1082 1110
1082 1111
1082 1112
1082 24
1113 1114
1113 167
1113 169
1113 1115
1113 24
1116 859
1116 1117
1116 1118
1116 1119
1116 1120
1116 1121
1116 1122
1116 1123
1116 1124
1116 1125
1116 1126
1116 1127
1116 1128
1116 1129
1116 1130
1116 1131
1116 1132
1116 1133
1116 24
1134 161
1134 162
1134 542
1134 1135
1134 1136
1134 1137
1134 896
1134 1138
1134 1139
1134 1140
1134 1141
1134 1142
1134 1143
1134 1144
1134 1145
1134 1146
1134 1147
1134 1148
1134 1149
1134 1150
1134 1151
1134 1152
1134 1153
1134 1154
1134 1155
1134 1156
1134 1157
1134 662
1134 1158
1134 1159
1134 24
1160 120
1160 1161
1160 124
1160 24
247 1162
247 1163
247 1037
247 1164
247 1165
247 1166
247 1167
247 1168
247 1169
247 1170
247 1171
247 24
791 1172
791 1173
791 1174
791 1175
791 805
791 1176
791 1177
791 1178
791 1179
791 1180
791 1181
791 1182
791 1183
791 1184
791 1185
791 1186
791 24
161 1187
161 1188
161 1189
161 1190
161 1191
161 1192
161 1193
161 1194
161 1195
161 1196
161 1197
161 1198
161 1199
161 1200
161 1201
161 1202
161 1203
161 1204
161 1205
161 1206
161 1207
161 1208
161 1209
161 1210
161 1211
161 1212
161 1213
161 1214
161 1215
161 1216
161 594
161 1217
161 1218
161 24
1219 1220
1219 208
1219 1221
1219 666
1219 667
1219 1222
1219 1223
1219 1224
1219 1225
1219 1226
1219 1227
1219 1228
1219 1229
1219 1230
1219 1231
1219 1232
1219 897
1219 1233
1219 1234
1219 1235
1219 1236
1219 1237
1219 1238
1219 1239
1219 1240
1219 1241
1219 1242
1219 1243
1219 1244
1219 1245
1219 24
119 24
1246 1247
1246 1248
1246 24
1249 765
1249 167
1249 2
1249 3
1249 1250
1249 1251
1249 97
1249 995
1249 1252
1249 1253
1249 1254
1249 1255
1249 1256
1249 1257
1249 1258
1249 1259
1249 1260
1249 1261
1249 1262
1249 1263
1249 1264
1249 1265
1249 1266
1249 1267
1249 1268
1249 1269
1249 1270
1249 1271
1249 1077
1249 1272
1249 1273
1249 1274
1249 24
1275 1276
1275 1277
1275 24
207 1278
207 1279
207 211
207 217
207 218
207 1280
207 222
207 1281
207 1282
207 1283
207 1284
207 1285
207 1286
207 1287
207 1288
207 1289
207 1290
207 1291
207 1292
207 237
207 684
207 1293
207 239
207 1294
207 240
207 1295
207 1296
207 1297
207 1298
207 1299
207 1300
207 24
1301 1161
1301 1302
1301 1303
1301 1304
1301 1305
1301 1306
1301 1307
1301 611
1301 1308
1301 1309
1301 1310
1301 1311
1301 1312
1301 1313
1301 1314
1301 802
1301 1315
1301 1316
1301 902
1301 1317
1301 1318
1301 1319
1301 24
1247 1320
1247 1321
1247 1322
1247 1323
1247 1324
1247 1325
1247 1326
1247 1327
1247 1328
1247 1329
1247 1330
1247 1077
1247 1331
1247 1332
1247 1333
1247 1334
1247 1335
1247 1336
1247 1337
1247 1338
1247 1339
1247 1340
1247 1341
1247 1342
1247 1343
1247 1344
1247 960
1247 1345
1247 1346
1247 1347
1247 1348
1247 1349
1247 1350
1247 1351
1247 1352
1247 1353
1247 1354
1247 1355
1247 813
1247 24
1356 1357
1356 1358
1356 1359
1356 859
1356 1360
1356 1361
1356 1362
1356 1363
1356 1364
1356 1365
1356 1366
1356 1367
1356 1368
1356 1369
1356 1370
1356 1371
1356 1372
1356 1373
1356 1374
1356 1375
1356 1376
1356 1377
1356 1378
1356 1379
1356 1380
1356 1381
1356 1382
1356 1383
1356 1384
1356 1385
1356 1386
1356 1387
1356 1388
1356 1389
1356 1390
1356 1391
1356 1392
1356 931
1356 1393
1356 1394
1356 1395
1356 1396
1356 24
1397 542
1397 1398
1397 1399
1397 1400
1397 1401
1397 24
1357 1358
1357 1359
1357 1402
1357 1403
1357 1404
1357 1405
1357 24
1406 1407
1406 120
1406 1408
1406 1409
1406 1410
1406 1411
1406 1412
1406 1413
1406 1414
1406 1415
1406 1416
1406 1417
1406 1418
1406 1419
1406 1420
1406 1421
1406 1422
1406 1423
1406 1424
1406 1425
1406 151
1406 24
1426 120
1426 769
1426 1427
1426 219
1426 1428
1426 1429
1426 1430
1426 1431
1426 1432
1426 1433
1426 1434
1426 1435
1426 1436
1426 1437
1426 1438
1426 1439
1426 1440
1426 1441
1426 151
1426 24
1442 1443
1442 58
1442 1444
1442 1445
1442 1446
1442 1447
1442 24
1448 666
1448 1449
1448 1399
1448 1450
1448 1451
1448 1452
1448 1453
1448 1454
1448 24
694 667
694 1455
694 1456
694 1457
694 1458
694 1459
694 1460
694 1461
694 1462
694 1463
694 1464
694 1465
694 1466
694 1467
694 1468
694 1469
694 1470
694 24
1471 1472
1471 1473
1471 1474
1471 248
1471 1475
1471 1476
1471 1477
1471 1478
1471 1479
1471 1480
1471 1481
1471 1482
1471 251
1471 1483
1471 1484
1471 682
1471 1485
1471 1486
1471 885
1471 1405
1471 1487
1471 1488
1471 24
1489 542
1489 248
1489 1490
1489 1491
1489 1492
1489 1493
1489 1494
1489 1495
1489 1496
1489 1459
1489 1497
1489 1498
1489 231
1489 812
1489 1499
1489 1500
1489 1501
1489 1502
1489 1503
1489 1504
1489 1505
1489 1506
1489 1507
1489 1508
1489 1509
1489 1510
1489 1511
1489 1512
1489 24
1058 916
1058 96
1058 769
1058 1513
1058 98
1058 1427
1058 1514
1058 1515
1058 1516
1058 1517
1058 1518
1058 1519
1058 1520
1058 1521
1058 1522
1058 1523
1058 1524
1058 1525
1058 721
1058 1000
1058 1065
1058 1526
1058 1527
1058 1381
1058 1528
1058 1529
1058 1530
1058 1531
1058 24
1532 1533
1532 1534
1532 1535
1532 1536
1532 1537
1532 1538
1532 1539
1532 1540
1532 1541
1532 1542
1532 984
1532 1543
1532 1544
1532 1545
1532 1546
1532 975
1532 1547
1532 1548
1532 24
1549 1550
1549 1551
1549 512
1549 1251
1549 995
1549 1552
1549 518
1549 1553
1549 1554
1549 1555
1549 1556
1549 520
1549 1557
1549 1558
1549 1559
1549 1560
1549 1561
1549 1562
1549 1563
1549 1564
1549 1565
1549 1325
1549 1566
1549 1567
1549 1568
1549 24
1569 1570
1569 1571
1569 1572
1569 1573
1569 1574
1569 798
1569 1575
1569 1576
1569 1577
1569 24
1578 792
1578 24
1579 1407
1579 1408
1579 1580
1579 1581
1579 1582
1579 1411
1579 1412
1579 322
1579 1583
1579 1584
1579 1585
1579 1414
1579 1586
1579 1587
1579 1588
1579 1589
1579 1590
1579 1591
1579 1592
1579 398
1579 1593
1579 1594
1579 1595
1579 1596
1579 1597
1579 1598
1579 1599
1579 24
1600 1601
1600 1602
1600 24
1603 542
1603 1604
1603 1605
1603 1606
1603 1607
1603 1608
1603 1314
1603 1609
1603 1610
1603 1611
1603 1612
1603 1613
1603 1614
1603 1615
1603 1616
1603 24
418 1617
418 52
418 1618
418 419
418 422
418 245
418 423
418 1619
418 1620
418 1621
418 1622
418 1623
418 1624
418 1625
418 1626
418 1627
418 1628
418 1629
418 1630
418 136
418 1631
418 1632
418 1633
418 1634
418 1635
418 1636
418 1637
418 1638
418 1639
418 1640
418 1641
418 1642
418 1643
418 24
557 162
557 1644
557 558
557 1645
557 559
557 1646
557 1020
557 1647
557 770
557 245
557 1648
557 1649
557 1650
557 570
557 1651
557 1652
557 1653
557 1654
557 1655
557 1656
557 24
311 916
311 1657
311 1658
311 1659
311 1660
311 1661
311 1662
311 1663
311 1664
311 1665
311 321
311 1666
311 323
311 1667
311 1668
311 945
311 327
311 328
311 1669
311 1670
311 1671
311 1672
311 1673
311 1674
311 1675
311 1676
311 1677
311 1678
311 336
311 1679
311 1680
311 1681
311 1682
311 1683
311 1684
311 1505
311 364
311 1685
311 1686
311 1687
311 1688
311 1689
311 1341
311 24
466 419
466 211
466 192
466 1690
466 1691
466 1692
466 1693
466 1481
466 1694
466 1695
466 1696
466 1697
466 24
1698 1699
1698 68
1698 1700
1698 1701
1698 1702
1698 20
1698 24
1703 1601
1703 1704
1703 1705
1703 1706
1703 1707
1703 1708
1703 1709
1703 1710
1703 1711
1703 1712
1703 1713
1703 1714
1703 1715
1703 1716
1703 1717
1703 1718
1703 1719
1703 1720
1703 24
1721 1722
1721 1723
1721 1724
1721 24
1725 1550
1725 488
1725 1726
1725 1727
1725 1728
1725 1729
1725 1730
1725 1731
1725 1732
1725 1733
1725 1734
1725 983
1725 1735
1725 1736
1725 960
1725 24
1737 1738
1737 1739
1737 24
914 1740
914 542
914 559
914 1741
914 121
914 1742
914 1743
914 1744
914 1745
914 1746
914 202
914 24
1747 1748
1747 1749
1747 248
1747 1490
1747 1750
1747 1751
1747 1752
1747 1753
1747 1754
1747 1755
1747 1451
1747 1756
1747 1242
1747 24
1757 1758
1757 469
1757 1759
1757 1760
1757 1761
1757 1762
1757 1763
1757 1764
1757 1765
1757 1766
1757 1767
1757 1768
1757 1769
1757 24
1278 208
1278 1770
1278 1771
1278 1772
1278 1773
1278 1774
1278 1775
1278 1296
1278 1776
1278 1777
1278 1778
1278 1779
1278 1780
1278 24
1758 582
1758 1359
1758 1059
1758 1781
1758 469
1758 1782
1758 1783
1758 1784
1758 1785
1758 1786
1758 1787
1758 1788
1758 1789
1758 1790
1758 1791
1758 1792
1758 1330
1758 1793
1758 960
1758 24
1794 5
1794 1795
1794 1796
1794 1797
1794 1798
1794 1799
1794 16
1794 740
1794 1800
1794 1801
1794 1802
1794 24
1803 58
1803 61
1803 1161
1803 421
1803 1804
1803 363
1803 24
1805 1806
1805 422
1805 1807
1805 1808
1805 1481
1805 801
1805 1809
1805 1810
1805 24
765 1114
765 162
765 1811
765 1812
765 96
765 167
765 2
765 3
765 468
765 6
765 1250
765 170
765 1251
765 97
765 1254
765 1813
765 1257
765 1814
765 1815
765 1258
765 1816
765 1259
765 1261
765 1817
765 1818
765 1819
765 1820
765 1821
765 1822
765 1823
765 1265
765 1824
765 1825
765 1826
765 1827
765 1269
765 1828
765 1829
765 1830
765 1271
765 1077
765 1831
765 1832
765 1833
765 1834
765 24
1835 1836
1835 1837
1835 1838
1835 1839
1835 1840
1835 1841
1835 1842
1835 1843
1835 1844
1835 1845
1835 1846
1835 1847
1835 1848
1835 1849
1835 1850
1835 1851
1835 1852
1835 1853
1835 1854
1835 1855
1835 1856
1835 1857
1835 24
1858 1859
1858 1620
1858 1860
1858 1861
1858 1862
1858 1863
1858 1864
1858 177
1858 1865
1858 1866
1858 24
1867 1868
1867 1869
1867 24
766 59
766 1870
766 771
766 1871
766 1872
766 1873
766 1874
766 1875
766 1876
766 1877
766 1878
766 500
766 647
766 1879
766 1880
766 1881
766 1882
766 1883
766 1884
766 24
915 1885
915 24
643 1886
643 5
643 1887
643 1365
643 1888
643 1889
643 1890
643 1891
643 1892
643 1893
643 24
1894 24
1220 667
1220 1895
1220 1896
1220 1897
1220 1898
1220 1899
1220 24
581 582
581 60
581 96
581 1900
581 1901
581 1902
581 24
1903 248
1903 1904
1903 1365
1903 1905
1903 24
537 1906
537 1907
537 1908
537 1909
537 1910
537 1911
537 1912
537 35
537 1913
537 1914
537 1915
537 1128
537 931
537 1916
537 1917
537 1918
537 1919
537 1920
537 594
537 757
537 1921
537 24
1922 58
1922 489
1922 1923
1922 24
1924 1645
1924 97
1924 1925
1924 1926
1924 1927
1924 1928
1924 1929
1924 1930
1924 1931
1924 740
1924 1685
1924 1932
1924 1567
1924 757
1924 24
1740 1741
1740 245
1740 1933
1740 24
1934 1935
1934 1936
1934 1937
1934 24
582 1107
582 1938
582 1939
582 1940
582 1941
582 1330
582 1942
582 1943
582 1944
582 1945
582 1946
582 1947
582 1948
582 1949
582 1950
582 1951
582 24
916 1952
916 369
916 1953
916 1954
916 1955
916 24
892 1956
892 1957
892 1958
892 841
892 1959
892 1960
892 1961
892 1962
892 24
1617 590
1617 421
1617 596
1617 245
1617 1963
1617 1964
1617 1965
1617 1966
1617 1967
1617 1968
1617 1969
1617 1481
1617 1891
1617 1970
1617 1971
1617 1972
1617 1973
1617 1635
1617 1974
1617 978
1617 1975
1617 1641
1617 1976
1617 1977
1617 1978
1617 1642
1617 24
1443 209
1443 668
1443 1979
1443 1980
1443 1981
1443 1982
1443 1983
1443 1984
1443 1985
1443 1986
1443 1987
1443 1988
1443 1989
1443 1990
1443 1991
1443 1992
1443 1993
1443 684
1443 1994
1443 1995
1443 1996
1443 1997
1443 24
1998 1999
1998 2000
1998 24
2001 58
2001 66
2001 2000
2001 245
2001 2002
2001 1063
2001 2003
2001 2004
2001 2005
2001 2006
2001 2007
2001 2008
2001 2009
2001 2010
2001 2011
2001 2012
2001 366
2001 2013
2001 2014
2001 2015
2001 2016
2001 2017
2001 2018
2001 24
2019 24
208 2020
208 667
208 211
208 2021
208 1280
208 2022
208 222
208 2023
208 2024
208 2025
208 2026
208 2027
208 1286
208 1774
208 2028
208 1538
208 617
208 2029
208 2030
208 2031
208 2032
208 2033
208 2034
208 2035
208 24
1550 2036
1550 2037
1550 16
1550 2038
1550 2039
1550 2040
1550 1505
1550 1204
1550 1206
1550 2041
1550 2042
1550 2043
1550 2044
1550 2045
1550 202
1550 1656
1550 2046
1550 24
2047 2048
2047 24
1570 2049
1570 1572
1570 1444
1570 2050
1570 2051
1570 2052
1570 2053
1570 2054
1570 2055
1570 2056
1570 2057
1570 2058
1570 2059
1570 2060
1570 2061
1570 24
2062 97
2062 2063
2062 2064
2062 2065
2062 24
486 58
486 61
486 488
486 65
486 66
486 2066
486 67
486 2067
486 2068
486 2069
486 2070
486 2071
486 615
486 2072
486 2073
486 499
486 501
486 2074
486 2075
486 87
486 88
486 740
486 2076
486 2077
486 2078
486 2079
486 2080
486 2081
486 2082
486 2083
486 24
2084 919
2084 489
2084 2085
2084 2086
2084 2087
2084 2088
2084 2089
2084 2090
2084 24
2091 2092
2091 2093
2091 2094
2091 2095
2091 2096
2091 2097
2091 2098
2091 2099
2091 2100
2091 2101
2091 2102
2091 2103
2091 2104
2091 2105
2091 2106
2091 2107
2091 24
407 2108
407 2109
407 2110
407 2111
407 2112
407 2113
407 24
2114 1812
2114 2115
2114 1024
2114 2116
2114 68
2114 97
2114 2117
2114 2118
2114 2119
2114 176
2114 2120
2114 2121
2114 2122
2114 1107
2114 2123
2114 1331
2114 2124
2114 1918
2114 2125
2114 2126
2114 755
2114 1056
2114 24
2127 2128
2127 2129
2127 2130
2127 24
1114 2131
1114 1135
1114 1812
1114 96
1114 2132
1114 2133
1114 2134
1114 167
1114 168
1114 312
1114 2135
1114 122
1114 170
1114 2136
1114 2137
1114 2138
1114 100
1114 2139
1114 1814
1114 2140
1114 2141
1114 2142
1114 1861
1114 1935
1114 2143
1114 14
1114 2144
1114 2145
1114 176
1114 2146
1114 2147
1114 177
1114 2148
1114 2149
1114 731
1114 780
1114 1115
1114 1046
1114 2150
1114 1077
1114 1213
1114 183
1114 550
1114 975
1114 2151
1114 2152
1114 2153
1114 24
1551 1059
1551 2154
1551 965
1551 808
1551 2155
1551 2156
1551 2157
1551 2158
1551 2159
1551 1669
1551 1822
1551 2160
1551 2161
1551 2162
1551 2163
1551 2164
1551 2165
1551 2166
1551 2167
1551 2168
1551 978
1551 2169
1551 603
1551 1325
1551 2170
1551 2171
1551 376
1551 782
1551 2172
1551 24
2173 312
2173 123
2173 2174
2173 2175
2173 2176
2173 2177
2173 2178
2173 1089
2173 2179
2173 2180
2173 2181
2173 2182
2173 2183
2173 2184
2173 2185
2173 2186
2173 2187
2173 2188
2173 623
2173 2189
2173 2190
2173 2191
2173 2192
2173 2193
2173 2194
2173 2195
2173 24
2196 2197
2196 2198
2196 2199
2196 2200
2196 2201
2196 2202
2196 2203
2196 2204
2196 2205
2196 2206
2196 2207
2196 2208
2196 24
2209 2210
2209 2211
2209 2212
2209 2213
2209 684
2209 2214
2209 2215
2209 2216
2209 1296
2209 1776
2209 1548
2209 24
190 211
190 260
190 193
190 2217
190 2218
190 2219
190 2220
190 2221
190 2222
190 841
190 2223
190 2224
190 2225
190 2226
190 1562
190 2227
190 1755
190 432
190 2228
190 2229
190 2230
190 2231
190 2232
190 2233
190 2234
190 2235
190 2236
190 2237
190 24
917 1644
917 919
917 270
917 2133
917 2134
917 1085
917 164
917 121
917 921
917 922
917 98
917 2238
917 100
917 2239
917 1089
917 2240
917 102
917 2241
917 2242
917 2243
917 2244
917 2245
917 175
917 2246
917 176
917 2247
917 178
917 1043
917 2248
917 741
917 1046
917 742
917 2249
917 550
917 2250
917 2251
917 24
162 2252
162 2253
162 2254
162 1655
162 1345
162 2255
162 2256
162 2257
162 2258
162 2259
162 2260
162 351
162 1218
162 1171
162 24
2261 1571
2261 2262
2261 419
2261 192
2261 2263
2261 636
2261 1693
2261 2264
2261 1558
2261 144
2261 2265
2261 2266
2261 24
52 2267
52 2268
52 24
95 2269
95 2270
95 2271
95 2272
95 2273
95 2274
95 24
1407 1408
1407 2275
1407 24
2276 2277
2276 2278
2276 2279
2276 2280
2276 2281
2276 2282
2276 2283
2276 2284
2276 2285
2276 2286
2276 2287
2276 2288
2276 2289
2276 2290
2276 2291
2276 24
918 2292
918 2293
918 2294
918 2295
918 2296
918 2297
918 2298
918 1365
918 2299
918 2300
918 2301
918 2302
918 474
918 2303
918 2304
918 2305
918 2306
918 728
918 2307
918 2308
918 2309
918 2310
918 2311
918 1755
918 1880
918 2312
918 2313
918 1390
918 931
918 2314
918 2315
918 2316
918 2317
918 2318
918 24
2319 1604
2319 24
1644 558
1644 1645
1644 1646
1644 121
1644 5
1644 570
1644 1651
1644 744
1644 1652
1644 24
2320 2321
2320 2322
2320 2323
2320 1477
2320 2324
2320 2218
2320 2325
2320 2326
2320 2327
2320 2328
2320 268
2320 2329
2320 2330
2320 2331
2320 2332
2320 2333
2320 24
1358 1359
1358 2334
1358 2335
1358 2336
1358 24
1359 1748
1359 542
1359 1781
1359 66
1359 3
1359 5
1359 2337
1359 469
1359 2338
1359 2137
1359 1361
1359 2334
1359 2339
1359 1402
1359 2340
1359 2336
1359 2341
1359 1498
1359 2342
1359 2343
1359 1537
1359 2344
1359 862
1359 2345
1359 2346
1359 2168
1359 2347
1359 628
1359 2348
1359 1388
1359 2349
1359 931
1359 2350
1359 2351
1359 2352
1359 2353
1359 813
1359 24
919 270
919 2354
919 96
919 2355
919 120
919 2115
919 1085
919 560
919 808
919 934
919 420
919 121
919 921
919 2356
919 922
919 124
919 2357
919 97
919 98
919 2358
919 2359
919 2360
919 2361
919 2362
919 2363
919 2364
919 2365
919 2366
919 2367
919 176
919 2368
919 1651
919 2369
919 2370
919 2371
919 1655
919 2372
919 24
2373 1645
2373 560
2373 66
2373 312
2373 1020
2373 922
2373 770
2373 97
2373 2374
2373 1091
2373 2375
2373 2376
2373 2161
2373 2377
2373 2378
2373 2379
2373 780
2373 2380
2373 344
2373 150
2373 2381
2373 24
872 2382
872 769
872 2383
872 422
872 1475
872 2384
872 2385
872 873
872 2386
872 2387
872 2388
872 2389
872 2390
872 877
872 878
872 2391
872 2392
872 2393
872 2394
872 2395
872 2396
872 2397
872 2398
872 2399
872 24
58 61
58 488
58 769
58 489
58 66
58 3
58 312
58 2210
58 2066
58 121
58 1020
58 5
58 2400
58 67
58 770
58 245
58 2002
58 2401
58 124
58 97
58 2402
58 2403
58 2404
58 1063
58 2405
58 2406
58 2407
58 2408
58 2409
58 2410
58 141
58 2411
58 2412
58 145
58 2413
58 2414
58 2415
58 505
58 150
58 2416
58 24
2417 2418
2417 1604
2417 2419
2417 144
2417 2042
2417 2420
2417 24
2421 2422
2421 423
2421 1409
2421 2423
2421 2424
2421 2425
2421 2426
2421 2427
2421 2428
2421 2429
2421 719
2421 2430
2421 1286
2421 1064
2421 950
2421 2431
2421 2432
2421 2433
2421 2434
2421 2435
2421 2436
2421 2437
2421 740
2421 1295
2421 1800
2421 1298
2421 2438
2421 2439
2421 1779
2421 2440
2421 2441
2421 2442
2421 2443
2421 24
2131 96
2131 1645
2131 2135
2131 2444
2131 2137
2131 2445
2131 2446
2131 2405
2131 2146
2131 744
2131 2416
2131 24
2277 2447
2277 2448
2277 2449
2277 2450
2277 2451
2277 2452
2277 24
1748 2453
1748 5
1748 596
1748 245
1748 1933
1748 1929
1748 1789
1748 1557
1748 1237
1748 1684
1748 2454
1748 2455
1748 2456
1748 24
1 5
1 2457
1 2458
1 2459
1 2460
1 2461
1 15
1 2462
1 2463
1 2464
1 1332
1 20
1 2465
1 2466
1 24
542 2467
542 2468
542 1948
542 1052
542 661
542 2125
542 781
542 2469
542 550
542 960
542 2470
542 782
542 2471
542 2472
542 1512
542 1053
542 2473
542 2474
542 2475
542 2476
542 2477
542 2478
542 2479
542 2480
542 2481
542 2353
542 1055
542 2482
542 1056
542 2483
542 24
2484 312
2484 421
2484 424
2484 2485
2484 24
2486 7
2486 2487
2486 2488
2486 24
2489 1135
2489 1084
2489 2490
2489 2491
2489 2492
2489 2493
2489 1146
2489 2494
2489 2495
2489 2496
2489 2497
2489 2498
2489 2499
2489 2500
2489 2501
2489 2502
2489 2503
2489 24
1811 24
2504 1475
2504 2050
2504 2505
2504 2506
2504 1496
2504 2507
2504 2508
2504 2509
2504 1988
2504 647
2504 2510
2504 2511
2504 1880
2504 2512
2504 627
2504 2513
2504 24
2514 2515
2514 2516
2514 2517
2514 2518
2514 24
2519 2520
2519 24
1083 1135
1083 1812
1083 1084
1083 921
1083 2521
1083 2522
1083 2523
1083 2524
1083 1090
1083 2141
1083 2525
1083 11
1083 926
1083 2526
1083 1147
1083 2527
1083 1104
1083 2149
1083 731
1083 1077
1083 2528
1083 2529
1083 24
2530 2531
2530 2532
2530 2533
2530 2534
2530 24
1135 108
1135 2535
1135 2536
1135 2537
1135 1077
1135 2538
1135 2539
1135 2540
1135 1215
1135 2541
1135 2542
1135 2543
1135 2544
1135 2545
1135 2546
1135 2547
1135 24
2548 767
2548 2549
2548 2550
2548 2551
2548 2552
2548 2553
2548 2113
2548 2554
2548 2555
2548 361
2548 2556
2548 2557
2548 366
2548 2558
2548 24
1999 1060
1999 2559
1999 422
1999 2560
1999 24
1472 2561
1472 2562
1472 1483
1472 2563
1472 2564
1472 24
767 2464
767 2565
767 2566
767 2567
767 1932
767 2568
767 2529
767 376
767 2569
767 2251
767 1112
767 1656
767 24
768 1059
768 965
768 2156
768 2137
768 1089
768 1260
768 2570
768 2571
768 2572
768 2573
768 907
768 2574
768 2575
768 1105
768 780
768 2576
768 20
768 2577
768 2251
768 2578
768 24
1812 2134
1812 168
1812 170
1812 97
1812 2579
1812 2137
1812 2522
1812 1814
1812 2140
1812 1090
1812 2141
1812 2580
1812 2581
1812 1861
1812 2582
1812 2583
1812 1147
1812 2584
1812 723
1812 2585
1812 176
1812 1790
1812 2147
1812 1104
1812 2149
1812 731
1812 2586
1812 1045
1812 2587
1812 1046
1812 1048
1812 1049
1812 1077
1812 2528
1812 2588
1812 550
1812 2529
1812 2151
1812 1056
1812 24
2108 2589
2108 2590
2108 2402
2108 2591
2108 2592
2108 2593
2108 2594
2108 2595
2108 2596
2108 2597
2108 2598
2108 2111
2108 2599
2108 1844
2108 2600
2108 2601
2108 2602
2108 2603
2108 2604
2108 2605
2108 2606
2108 2607
2108 2608
2108 2609
2108 2610
2108 2611
2108 24
2612 408
2612 2613
2612 2614
2612 2615
2612 2306
2612 2616
2612 184
2612 24
590 596
590 2617
590 2618
590 2619
590 1963
590 2620
590 1964
590 2621
590 2622
590 2623
590 2624
590 2625
590 2626
590 2627
590 2628
590 2629
590 2630
590 2631
590 430
590 978
590 2122
590 2632
590 2633
590 983
590 2634
590 2635
590 2636
590 24
2637 2638
2637 312
2637 2639
2637 193
2637 2640
2637 2641
2637 2642
2637 24
487 2643
487 2644
487 2645
487 2646
487 2647
487 2648
487 2649
487 2650
487 2651
487 24
467 2652
467 859
467 2653
467 468
467 2092
467 423
467 428
467 2654
467 2655
467 24
558 559
558 560
558 1020
558 2656
558 2657
558 2402
558 2658
558 564
558 2596
558 567
558 569
558 2659
558 570
558 2660
558 2661
558 572
558 2662
558 2663
558 2664
558 2665
558 2666
558 1652
558 2667
558 578
558 2668
558 24
792 2669
792 2670
792 2671
792 2672
792 926
792 798
792 907
792 175
792 2673
792 812
792 1031
792 2674
792 623
792 178
792 86
792 1830
792 781
792 2675
792 2318
792 24
59 2676
59 2677
59 2678
59 2679
59 2680
59 2681
59 2682
59 2683
59 2684
59 2685
59 2686
59 2687
59 2688
59 2689
59 2690
59 2691
59 1684
59 2692
59 254
59 2693
59 2694
59 2695
59 2696
59 650
59 2697
59 2698
59 2565
59 2699
59 2235
59 2700
59 2701
59 2702
59 2703
59 2704
59 1778
59 2705
59 781
59 2706
59 2707
59 2708
59 2709
59 2710
59 24
191 260
191 2711
191 2712
191 261
191 2713
191 2714
191 2715
191 829
191 2716
191 2717
191 2718
191 2719
191 2720
191 2721
191 2722
191 2723
191 2724
191 2725
191 2726
191 2727
191 2728
191 2729
191 2730
191 2731
191 2732
191 2733
191 2734
191 2735
191 2736
191 2737
191 2738
191 2739
191 2740
191 24
1059 965
1059 68
1059 995
1059 2741
1059 967
1059 2156
1059 2742
1059 2743
1059 2744
1059 2745
1059 2746
1059 1260
1059 2747
1059 2748
1059 2749
1059 2750
1059 776
1059 2343
1059 1790
1059 2751
1059 1102
1059 730
1059 1072
1059 2168
1059 2752
1059 780
1059 2753
1059 2754
1059 2755
1059 1325
1059 742
1059 1050
1059 2756
1059 2757
1059 2758
1059 2759
1059 376
1059 759
1059 24
60 96
60 62
60 63
60 2760
60 2761
60 2762
60 2763
60 2764
60 1435
60 2765
60 2766
60 2767
60 2768
60 2769
60 2770
60 24
591 809
591 5
591 592
591 2357
591 97
591 2771
591 515
591 2772
591 2773
591 2672
591 2774
591 2430
591 2775
591 1064
591 1557
591 1558
591 2776
591 2777
591 2778
591 2779
591 2780
591 593
591 2781
591 16
591 2782
591 2783
591 1044
591 2784
591 56
591 2785
591 2786
591 2787
591 960
591 1081
591 2788
591 1656
591 813
591 24
2789 2790
2789 2791
2789 2792
2789 2793
2789 2794
2789 2795
2789 2414
2789 2415
2789 24
2796 609
2796 24
2797 96
2797 560
2797 2798
2797 2799
2797 2800
2797 2801
2797 923
2797 2802
2797 1664
2797 2803
2797 2804
2797 2805
2797 2806
2797 2807
2797 2808
2797 2809
2797 2810
2797 1122
2797 2811
2797 2812
2797 2813
2797 1607
2797 2814
2797 2815
2797 2816
2797 2817
2797 2818
2797 623
2797 2819
2797 2820
2797 2821
2797 2822
2797 2823
2797 2824
2797 2825
2797 2826
2797 2827
2797 2828
2797 2829
2797 2830
2797 2831
2797 2832
2797 2833
2797 24
1221 24
2834 2835
2834 409
2834 1281
2834 2836
2834 2837
2834 2838
2834 2839
2834 2840
2834 2841
2834 2842
2834 2843
2834 2844
2834 2845
2834 24
2049 1572
2049 2846
2049 2847
2049 2848
2049 2849
2049 2850
2049 2851
2049 2852
2049 389
2049 2853
2049 2654
2049 2854
2049 2855
2049 2856
2049 2857
2049 2858
2049 2859
2049 24
2860 2861
2860 2862
2860 682
2860 24
1571 419
1571 378
1571 423
1571 1620
1571 2863
1571 2864
1571 1822
1571 2865
1571 2866
1571 2867
1571 2868
1571 2869
1571 2870
1571 2871
1571 2872
1571 2873
1571 434
1571 2654
1571 2874
1571 2875
1571 1640
1571 2876
1571 24
2877 2878
2877 24
2879 2880
2879 2881
2879 2882
2879 2883
2879 2884
2879 497
2879 138
2879 2885
2879 2886
2879 24
270 2543
270 1109
270 24
2354 560
2354 922
2354 2887
2354 2888
2354 2889
2354 2890
2354 2891
2354 2892
2354 2893
2354 2894
2354 2895
2354 2896
2354 2897
2354 2898
2354 2899
2354 2900
2354 2901
2354 2902
2354 2903
2354 1108
2354 2904
2354 2905
2354 24
279 2906
279 2907
279 2908
279 2909
279 2910
279 2911
279 2912
279 2913
279 2914
279 2915
279 2916
279 24
2917 2918
2917 2919
2917 2920
2917 1483
2917 2921
2917 1168
2917 24
1060 1091
1060 721
1060 722
1060 1066
1060 2922
1060 2923
1060 24
2924 24
2790 2925
2790 2926
2790 2791
2790 2835
2790 1980
2790 1251
2790 2927
2790 2928
2790 2792
2790 2929
2790 2930
2790 2931
2790 2793
2790 2932
2790 1573
2790 2933
2790 2934
2790 2935
2790 2936
2790 2937
2790 2938
2790 2939
2790 2940
2790 2574
2790 2941
2790 2942
2790 2943
2790 2944
2790 2945
2790 2946
2790 2947
2790 2948
2790 2949
2790 2950
2790 2951
2790 2795
2790 2854
2790 2952
2790 2414
2790 2415
2790 2953
2790 2954
2790 2955
2790 2956
2790 2957
2790 2958
2790 2959
2790 24
2925 24
666 667
666 1770
666 2960
666 2961
666 2021
666 2962
666 2963
666 2964
666 2965
666 2966
666 2967
666 2968
666 2969
666 2970
666 2971
666 637
666 2972
666 2973
666 2974
666 2975
666 2976
666 2977
666 2978
666 1754
666 2979
666 2980
666 2981
666 2982
666 2983
666 2984
666 2985
666 1453
666 2986
666 2513
666 2987
666 2468
666 2988
666 2989
666 1242
666 2990
666 2991
666 24
2531 169
2531 2992
2531 618
2531 2993
2531 2994
2531 38
2531 2995
2531 2996
2531 1053
2531 24
1749 2997
1749 1490
1749 2998
1749 2999
1749 3000
1749 3001
1749 3002
1749 3003
1749 3004
1749 3005
1749 3006
1749 728
1749 3007
1749 3008
1749 3009
1749 3010
1749 3011
1749 3012
1749 3013
1749 3014
1749 3015
1749 24
3016 965
3016 667
3016 3017
3016 2067
3016 3018
3016 3019
3016 3020
3016 3021
3016 3022
3016 3023
3016 3024
3016 3008
3016 3025
3016 3026
3016 3027
3016 3028
3016 112
3016 3029
3016 24
3030 3031
3030 3032
3030 3033
3030 3034
3030 3035
3030 3036
3030 3037
3030 3038
3030 3039
3030 24
1572 7
1572 3040
1572 3041
1572 3042
1572 1573
1572 2403
1572 2389
1572 3043
1572 3044
1572 2848
1572 3045
1572 3046
1572 2850
1572 3047
1572 3048
1572 3049
1572 2391
1572 3050
1572 3051
1572 1575
1572 3052
1572 2853
1572 3053
1572 3054
1572 3055
1572 3056
1572 2955
1572 3057
1572 3058
1572 2858
1572 24
3059 2066
3059 3060
3059 3061
3059 3062
3059 3063
3059 3064
3059 24
3065 260
3065 3066
3065 1895
3065 3067
3065 3068
3065 3069
3065 3070
3065 3071
3065 904
3065 24
2532 1024
2532 994
2532 3072
2532 923
2532 3073
2532 3074
2532 3075
2532 2533
2532 3076
2532 3077
2532 3078
2532 3079
2532 3080
2532 3081
2532 3082
2532 1822
2532 3083
2532 3084
2532 3085
2532 3086
2532 1039
2532 3087
2532 3088
2532 2534
2532 3089
2532 3090
2532 3091
2532 3092
2532 3093
2532 3094
2532 3095
2532 24
3096 248
3096 3097
3096 2350
3096 24
2321 24
3098 1645
3098 3099
3098 66
3098 121
3098 3100
3098 3101
3098 124
3098 2357
3098 3102
3098 3103
3098 102
3098 1874
3098 3104
3098 772
3098 3105
3098 3106
3098 3107
3098 3108
3098 3109
3098 3110
3098 3111
3098 3112
3098 3113
3098 1800
3098 23
3098 3114
3098 24
2382 419
2382 422
2382 1475
2382 1573
2382 2848
2382 3115
2382 3116
2382 3117
2382 3118
2382 3119
2382 3120
2382 3121
2382 2290
2382 3122
2382 3123
2382 3124
2382 24
437 2
437 209
437 921
437 7
437 1534
437 3125
437 3126
437 3127
437 829
437 3128
437 3129
437 3130
437 1009
437 3131
437 3132
437 3133
437 3134
437 3135
437 14
437 3136
437 15
437 3137
437 3138
437 3139
437 3140
437 3141
437 3142
437 3143
437 3144
437 3145
437 3146
437 3147
437 3148
437 24
3149 1215
3149 3150
3149 3151
3149 153
3149 3152
3149 3153
3149 3154
3149 3155
3149 3156
3149 3157
3149 3158
3149 351
3149 24
96 1213
96 3159
96 3160
96 2371
96 3161
96 3162
96 3163
96 3164
96 3165
96 3166
96 24
2132 312
2132 122
2132 3167
2132 3168
2132 3169
2132 3170
2132 3171
2132 3172
2132 3173
2132 24
3174 209
3174 24
2926 24
2355 560
2355 121
2355 922
2355 124
2355 3102
2355 3175
2355 2117
2355 3176
2355 3177
2355 76
2355 3178
2355 3179
2355 3180
2355 3181
2355 3182
2355 1651
2355 738
2355 3183
2355 3184
2355 3185
2355 3186
2355 24
2048 1474
2048 3187
2048 3188
2048 2282
2048 3189
2048 3190
2048 3191
2048 2984
2048 1487
2048 24
2262 260
2262 3192
2262 561
2262 562
2262 3193
2262 2431
2262 24
61 66
61 312
61 121
61 2400
61 67
61 3194
61 3195
61 1804
61 3196
61 3197
61 2413
61 2414
61 2416
61 24
120 859
120 312
120 1408
120 121
120 3100
120 770
120 123
120 124
120 3198
120 3199
120 3200
120 3201
120 1411
120 1413
120 132
120 3202
120 3203
120 74
120 134
120 136
120 3204
120 137
120 3205
120 2419
120 2346
120 3206
120 3207
120 3208
120 3209
120 144
120 145
120 3210
120 3211
120 3113
120 1128
120 3212
120 148
120 3213
120 150
120 151
120 199
120 24
2791 3214
2791 3215
2791 3216
2791 3217
2791 3218
2791 3219
2791 3220
2791 3221
2791 3222
2791 3223
2791 3224
2791 3225
2791 3226
2791 24
3227 3228
3227 3229
3227 3230
3227 3231
3227 3232
3227 3233
3227 3234
3227 3235
3227 3236
3227 3237
3227 3238
3227 3239
3227 3240
3227 3241
3227 3242
3227 3243
3227 3244
3227 3245
3227 3246
3227 3247
3227 3248
3227 3249
3227 3250
3227 3251
3227 3252
3227 3253
3227 3254
3227 3255
3227 3256
3227 3257
3227 3258
3227 24
1645 24
1279 245
1279 1604
1279 237
1279 24
2154 2155
2154 3259
2154 3260
2154 3261
2154 3262
2154 3263
2154 3264
2154 3265
2154 3266
2154 3267
2154 224
2154 3268
2154 3269
2154 3270
2154 3271
2154 3272
2154 3273
2154 3274
2154 3275
2154 3276
2154 3277
2154 3278
2154 3279
2154 3280
2154 3281
2154 3282
2154 3283
2154 3284
2154 3285
2154 3286
2154 3287
2154 238
2154 3223
2154 3288
2154 3289
2154 3290
2154 3291
2154 3292
2154 3293
2154 3294
2154 3295
2154 3296
2154 24
2115 1085
2115 97
2115 3297
2115 1087
2115 3298
2115 3299
2115 3300
2115 3301
2115 3302
2115 2580
2115 3303
2115 3304
2115 3305
2115 3306
2115 3307
2115 3105
2115 3308
2115 3309
2115 2433
2115 3310
2115 3311
2115 2368
2115 3312
2115 3313
2115 3314
2115 3315
2115 3316
2115 3317
2115 1331
2115 3318
2115 1272
2115 3319
2115 24
62 2401
62 3320
62 995
62 3321
62 3322
62 3323
62 3324
62 3325
62 727
62 3326
62 3327
62 3328
62 1204
62 3329
62 3330
62 3331
62 24
3332 1980
3332 3333
3332 3334
3332 3335
3332 3336
3332 3337
3332 3338
3332 3339
3332 3340
3332 3341
3332 3342
3332 3343
3332 1296
3332 3344
3332 3345
3332 3346
3332 3347
3332 1778
3332 24
2133 2134
2133 1085
2133 168
2133 169
2133 98
2133 3348
2133 3349
2133 1097
2133 3350
2133 2148
2133 3351
2133 3352
2133 3353
2133 1109
2133 24
2134 1085
2134 168
2134 98
2134 3348
2134 3349
2134 2584
2134 3354
2134 3355
2134 1097
2134 3350
2134 2148
2134 3356
2134 731
2134 1046
2134 1049
2134 183
2134 3353
2134 1109
2134 188
2134 24
3357 2880
3357 3358
3357 3359
3357 3360
3357 3361
3357 3362
3357 3363
3357 3364
3357 3365
3357 3366
3357 3367
3357 3368
3357 494
3357 3369
3357 3370
3357 3371
3357 3372
3357 3304
3357 2405
3357 3373
3357 3374
3357 2074
3357 3375
3357 3376
3357 3377
3357 3378
3357 88
3357 3379
3357 3380
3357 3381
3357 3382
3357 3383
3357 3384
3357 3385
3357 506
3357 3386
3357 2667
3357 509
3357 3387
3357 24
1781 419
1781 469
1781 3388
1781 3389
1781 640
1781 24
163 164
163 165
163 171
163 3390
163 3391
163 3392
163 3393
163 1822
163 3394
163 3395
163 3396
163 1149
163 2436
163 3397
163 3398
163 3399
163 3400
163 3401
163 3402
163 3403
163 3404
163 3405
163 3406
163 3407
163 3408
163 186
163 24
488 1727
488 499
488 3108
488 3409
488 24
1084 3410
1084 2543
1084 2544
1084 24
559 560
559 1741
559 121
559 3411
559 102
559 3412
559 600
559 3413
559 3414
559 570
559 602
559 145
559 3415
559 788
559 3416
559 3417
559 1655
559 3418
559 202
559 24
1085 808
1085 168
1085 121
1085 922
1085 1086
1085 97
1085 98
1085 424
1085 3419
1085 2361
1085 3420
1085 1097
1085 2366
1085 2367
1085 176
1085 3421
1085 2368
1085 2148
1085 3356
1085 3312
1085 3422
1085 180
1085 1046
1085 1107
1085 3423
1085 2369
1085 1109
1085 24
3424 3425
3424 3426
3424 3427
3424 479
3424 3428
3424 3429
3424 2687
3424 3430
3424 1868
3424 24
3431 3432
3431 3433
3431 3434
3431 3435
3431 3436
3431 3437
3431 3438
3431 3439
3431 3440
3431 3441
3431 3442
3431 24
3443 560
3443 2559
3443 421
3443 3444
3443 422
3443 3445
3443 3446
3443 3447
3443 3448
3443 3449
3443 24
1473 24
3450 515
3450 3451
3450 3452
3450 24
920 3425
920 3453
920 3454
920 3455
920 3456
920 3457
920 3458
920 3459
920 3460
920 3461
920 2810
920 1122
920 3462
920 3463
920 3464
920 3465
920 3466
920 2694
920 1128
920 1211
920 3467
920 554
920 24
164 165
164 1699
164 170
164 171
164 1136
164 3468
164 175
164 3469
164 3470
164 177
164 183
164 550
164 1053
164 187
164 188
164 24
63 3471
63 341
63 3472
63 3473
63 3474
63 3475
63 1207
63 3476
63 3477
63 3478
63 153
63 204
63 24
165 167
165 169
165 171
165 3468
165 174
165 3350
165 3479
165 183
165 662
165 186
165 187
165 24
64 808
64 245
64 3480
64 3481
64 3482
64 3483
64 76
64 3484
64 1678
64 3485
64 3486
64 3487
64 1683
64 3488
64 24
3099 3489
3099 3490
3099 3103
3099 3491
3099 3492
3099 3493
3099 3494
3099 3495
3099 1011
3099 3496
3099 3497
3099 3498
3099 3499
3099 3500
3099 3501
3099 3502
3099 1173
3099 3503
3099 3504
3099 3505
3099 3506
3099 3507
3099 3508
3099 24
769 3509
769 2419
769 1437
769 3510
769 142
769 2437
769 3328
769 359
769 433
769 780
769 2691
769 361
769 3511
769 3512
769 3473
769 3513
769 3514
769 2456
769 3515
769 1207
769 1441
769 3516
769 150
769 3517
769 3518
769 3519
769 3331
769 782
769 153
769 2709
769 351
769 3520
769 115
769 3521
769 24
3522 470
3522 3523
3522 3524
3522 3525
3522 3526
3522 3527
3522 2390
3522 3528
3522 3529
3522 3530
3522 3531
3522 2393
3522 3532
3522 2452
3522 1037
3522 888
3522 890
3522 3533
3522 3534
3522 24
560 3535
560 420
560 121
560 67
560 123
560 124
560 3536
560 3200
560 102
560 3412
560 970
560 3537
560 76
560 3413
560 3538
560 726
560 1537
560 3539
560 3540
560 3541
560 3183
560 3448
560 1441
560 1932
560 2906
560 3542
560 3543
560 3544
560 1655
560 755
560 3545
560 24
2020 3546
2020 3547
2020 3548
2020 3549
2020 3550
2020 3551
2020 3552
2020 2031
2020 1777
2020 3553
2020 3554
2020 24
65 67
65 784
65 2881
65 3555
65 3556
65 3557
65 3558
65 3559
65 493
65 3560
65 3561
65 133
65 615
65 2407
65 3562
65 3563
65 3564
65 3565
65 500
65 3409
65 540
65 88
65 3566
65 3567
65 787
65 3568
65 90
65 3569
65 3570
65 2634
65 3571
65 24
1474 1533
1474 3572
1474 3573
1474 3574
1474 2335
1474 3575
1474 3576
1474 3577
1474 862
1474 1484
1474 3191
1474 3578
1474 888
1474 24
2652 419
2652 422
2652 423
2652 428
2652 3579
2652 24
1886 312
1886 123
1886 1409
1886 3580
1886 3581
1886 424
1886 1887
1886 2931
1886 3582
1886 3583
1886 1445
1886 3584
1886 3585
1886 3586
1886 3587
1886 2008
1886 3588
1886 3589
1886 2411
1886 3590
1886 3591
1886 3592
1886 3593
1886 3594
1886 3519
1886 3595
1886 3521
1886 24
3596 67
3596 3597
3596 3360
3596 1063
3596 3598
3596 495
3596 3599
3596 3600
3596 3601
3596 1066
3596 3108
3596 1880
3596 3602
3596 3603
3596 3604
3596 3605
3596 3606
3596 3607
3596 24
166 169
166 170
166 68
166 3608
166 1630
166 3609
166 24
3610 469
3610 3611
3610 24
3612 1491
3612 3613
3612 3614
3612 3615
3612 3616
3612 1445
3612 3617
3612 3618
3612 3619
3612 3620
3612 1630
3612 3621
3612 3622
3612 3623
3612 3624
3612 3625
3612 3626
3612 3627
3612 3628
3612 3629
3612 3630
3612 3631
3612 3632
3612 3633
3612 3634
3612 3635
3612 3636
3612 3637
3612 3638
3612 24
489 2066
489 3639
489 3640
489 3336
489 3641
489 3642
489 1992
489 3643
489 3644
489 3645
489 24
3646 422
3646 3647
3646 3648
3646 3649
3646 3650
3646 3651
3646 1627
3646 3652
3646 3447
3646 3653
3646 3654
3646 3655
3646 3656
3646 3657
3646 3658
3646 1602
3646 3659
3646 3660
3646 24
2880 3661
2880 3662
2880 3663
2880 3664
2880 3665
2880 3666
2880 3362
2880 3667
2880 3668
2880 3669
2880 3670
2880 3671
2880 3672
2880 609
2880 3673
2880 3674
2880 3366
2880 3675
2880 3676
2880 3677
2880 3678
2880 3679
2880 3680
2880 2509
2880 3681
2880 3682
2880 3683
2880 3684
2880 3685
2880 3686
2880 3687
2880 3688
2880 3689
2880 3690
2880 3691
2880 3692
2880 3693
2880 3694
2880 3695
2880 3696
2880 3697
2880 3698
2880 3699
2880 24
3700 3701
3700 3702
3700 3703
3700 3704
3700 2654
3700 24
823 3705
823 3706
823 516
823 3707
823 3708
823 3709
823 2722
823 3710
823 2851
823 3711
823 3712
823 3713
823 3714
823 1108
823 3715
823 3186
823 24
167 1251
167 3716
167 656
167 3717
167 1824
167 1115
167 660
167 1054
167 24
3718 859
3718 2092
3718 3719
3718 3720
3718 3721
3718 3722
3718 3723
3718 1361
3718 3724
3718 3725
3718 3726
3718 3727
3718 3728
3718 3729
3718 1429
3718 3730
3718 3731
3718 3732
3718 3733
3718 3734
3718 3735
3718 3736
3718 3737
3718 3738
3718 3739
3718 3740
3718 3741
3718 3742
3718 1590
3718 3743
3718 3744
3718 3745
3718 3746
3718 3747
3718 3748
3718 3749
3718 3750
3718 3751
3718 1206
3718 3752
3718 3753
3718 3754
3718 3755
3718 3756
3718 990
3718 3757
3718 3758
3718 2237
3718 24
965 3759
965 3760
965 3761
965 1566
965 3762
965 3763
965 3764
965 3765
965 3766
965 3767
965 759
965 24
2 3
2 4
2 2337
2 1979
2 245
2 1251
2 3639
2 1604
2 3768
2 3103
2 3769
2 3770
2 14
2 3771
2 3772
2 3140
2 3773
2 3774
2 3775
2 24
1618 24
1646 24
3776 3376
3776 24
66 2066
66 5
66 596
66 67
66 124
66 3777
66 2430
66 1065
66 3778
66 3197
66 87
66 88
66 3779
66 782
66 789
66 24
3780 583
3780 3781
3780 3782
3780 3783
3780 3784
3780 3785
3780 24
3786 2066
3786 3787
3786 3788
3786 3789
3786 3790
3786 1037
3786 24
2418 815
2418 859
2418 1475
2418 192
2418 470
2418 3192
2418 3791
2418 3792
2418 3527
2418 1479
2418 3668
2418 3793
2418 2864
2418 3794
2418 3795
2418 3796
2418 1376
2418 680
2418 1484
2418 3797
2418 802
2418 3798
2418 869
2418 435
2418 3799
2418 24
857 1020
857 123
857 260
857 471
857 3800
857 3801
857 3802
857 3803
857 3804
857 3805
857 3806
857 3807
857 3808
857 3809
857 3810
857 3811
857 3812
857 3813
857 3814
857 3815
857 3816
857 866
857 1640
857 3817
857 3818
857 3819
857 24
3 4
3 512
3 1251
3 894
3 3820
3 2137
3 3821
3 3822
3 2007
3 3823
3 732
3 3140
3 3824
3 3825
3 3826
3 3827
3 24
3228 3828
3228 1214
3228 3829
3228 3830
3228 3831
3228 3152
3228 3832
3228 3833
3228 24
858 3834
858 1619
858 3835
858 3668
858 2334
858 3453
858 3836
858 3837
858 1484
858 864
858 3838
858 3839
858 3840
858 3841
858 3842
858 24
4 3843
4 3844
4 829
4 2113
4 3845
4 848
4 3846
4 3847
4 3848
4 3849
4 3140
4 17
4 3850
4 3851
4 3852
4 24
1657 3853
1657 1734
1657 1328
1657 3762
1657 1736
1657 1341
1657 960
1657 3854
1657 1351
1657 1354
1657 1355
1657 24
3855 3856
3855 2384
3855 1620
3855 3857
3855 3858
3855 1627
3855 3859
3855 3860
3855 3861
3855 3862
3855 3863
3855 3864
3855 3865
3855 3866
3855 3867
3855 434
3855 3868
3855 3869
3855 3870
3855 3871
3855 3872
3855 3873
3855 3874
3855 3840
3855 2329
3855 24
3856 2384
3856 3875
3856 1620
3856 3876
3856 3859
3856 3877
3856 3878
3856 3874
3856 3879
3856 3880
3856 24
1161 421
1161 422
1161 423
1161 3320
1161 3881
1161 2812
1161 3882
1161 3883
1161 24
808 3884
808 3885
808 1655
808 1656
808 3886
808 24
2453 3887
2453 3888
2453 3889
2453 2454
2453 3890
2453 24
3891 1444
3891 3892
3891 3893
3891 3894
3891 3895
3891 3896
3891 3897
3891 3898
3891 1450
3891 3899
3891 24
209 2155
209 668
209 3900
209 211
209 212
209 214
209 3901
209 645
209 3902
209 3903
209 3904
209 3905
209 3906
209 1986
209 3907
209 3908
209 1987
209 3909
209 3910
209 3911
209 3912
209 3913
209 3914
209 3915
209 3916
209 3917
209 3845
209 3918
209 3919
209 3920
209 1993
209 3921
209 3922
209 254
209 1776
209 3923
209 3924
209 1128
209 3925
209 3773
209 3926
209 3166
209 3927
209 2061
209 24
3928 3929
3928 3930
3928 3931
3928 1398
3928 3932
3928 3933
3928 3176
3928 3934
3928 3935
3928 3897
3928 2978
3928 3936
3928 3937
3928 3938
3928 3939
3928 3940
3928 3941
3928 3942
3928 3943
3928 3944
3928 3945
3928 3946
3928 24
1601 419
1601 421
1601 422
1601 1475
1601 513
1601 423
1601 2863
1601 3947
1601 3948
1601 3949
1601 3950
1601 3951
1601 3952
1601 3953
1601 3954
1601 3955
1601 3956
1601 2393
1601 3957
1601 3958
1601 24
815 3959
815 3960
815 2110
815 3961
815 3962
815 3963
815 3964
815 3965
815 1018
815 3966
815 3799
815 24
2638 2639
2638 3967
2638 24
2798 3968
2798 2800
2798 3969
2798 3970
2798 3971
2798 3972
2798 3973
2798 3974
2798 3975
2798 3976
2798 3977
2798 3978
2798 3979
2798 3980
2798 3981
2798 3982
2798 1755
2798 3983
2798 3984
2798 1381
2798 3985
2798 3986
2798 3987
2798 3988
2798 3989
2798 3990
2798 3991
2798 24
3992 24
859 1778
859 1394
859 3993
859 3994
859 3995
859 975
859 3996
859 3997
859 3767
859 2443
859 1133
859 3998
859 24
168 2135
168 169
168 170
168 2136
168 2137
168 2522
168 1814
168 2140
168 3999
168 4000
168 1861
168 2584
168 723
168 4001
168 4002
168 3355
168 175
168 176
168 177
168 731
168 1041
168 180
168 1046
168 1049
168 1077
168 3316
168 183
168 550
168 188
168 24
4003 4004
4003 2921
4003 24
934 512
934 922
934 97
934 2358
934 4005
934 4006
934 4007
934 4008
934 4009
934 2601
934 4010
934 2687
934 4011
934 4012
934 24
2997 3663
2997 4013
2997 4014
2997 4015
2997 24
312 1270
312 4016
312 4017
312 345
312 4018
312 1952
312 148
312 4019
312 2485
312 4020
312 3416
312 4021
312 2371
312 4022
312 350
312 199
312 4023
312 24
2000 420
2000 513
2000 2401
2000 4024
2000 4025
2000 4026
2000 4027
2000 4028
2000 4029
2000 4030
2000 4031
2000 4032
2000 4033
2000 1434
2000 4034
2000 2005
2000 4035
2000 4036
2000 4037
2000 353
2000 501
2000 4038
2000 145
2000 981
2000 985
2000 2014
2000 2015
2000 4039
2000 24
3535 123
3535 173
3535 3200
3535 3538
3535 726
3535 3088
3535 3183
3535 24
1024 994
1024 169
1024 3072
1024 1026
1024 4040
1024 4041
1024 4042
1024 4043
1024 1039
1024 4044
1024 1320
1024 2350
1024 4045
1024 24
2383 4046
2383 4047
2383 4048
2383 24
2155 922
2155 4049
2155 894
2155 4050
2155 4051
2155 4052
2155 4053
2155 4054
2155 4055
2155 4056
2155 4057
2155 4058
2155 4059
2155 2167
2155 4060
2155 4061
2155 4062
2155 4063
2155 4064
2155 24
2669 4065
2669 4066
2669 2523
2669 1665
2669 2580
2669 2748
2669 4067
2669 4068
2669 4069
2669 4070
2669 777
2669 4071
2669 4072
2669 1031
2669 2674
2669 4073
2669 4074
2669 4075
2669 2695
2669 4076
2669 4077
2669 3476
2669 4078
2669 751
2669 4079
2669 4080
2669 24
4081 419
4081 4082
4081 24
1741 121
1741 809
1741 4083
1741 1742
1741 4084
1741 4085
1741 4086
1741 4087
1741 968
1741 4088
1741 4089
1741 4090
1741 1789
1741 1555
1741 4091
1741 4092
1741 2776
1741 1560
1741 2554
1741 358
1741 1323
1741 1341
1741 4093
1741 4094
1741 4095
1741 1351
1741 1354
1741 24
210 214
210 3639
210 4096
210 4097
210 4098
210 4099
210 4100
210 4101
210 4102
210 583
210 4103
210 4104
210 4105
210 4106
210 4107
210 4108
210 2686
210 3346
210 91
210 4094
210 4109
210 4110
210 24
2135 2444
2135 2136
2135 2137
2135 2445
2135 176
2135 2146
2135 4111
2135 24
408 213
408 762
408 4112
408 1281
408 4113
408 4114
408 763
408 4115
408 2839
408 4116
408 4117
408 4118
408 413
408 4119
408 3381
408 4120
408 4121
408 4122
408 4123
408 1779
408 4124
408 416
408 24
259 4125
259 123
259 97
259 4126
259 424
259 4127
259 4128
259 4129
259 4130
259 4131
259 4132
259 4133
259 4134
259 4135
259 4136
259 4137
259 4138
259 2346
259 37
259 4139
259 4140
259 343
259 4016
259 4017
259 345
259 4141
259 2252
259 1214
259 348
259 4022
259 350
259 2255
259 4023
259 2291
259 24
667 214
667 670
667 4142
667 4143
667 673
667 4144
667 4145
667 4146
667 691
667 4147
667 24
419 24
2210 24
4148 4149
4148 1889
4148 4150
4148 4151
4148 4152
4148 4153
4148 4154
4148 4155
4148 24
3661 121
3661 4156
3661 4157
3661 4158
3661 4159
3661 4160
3661 4161
3661 1493
3661 3673
3661 4162
3661 4163
3661 410
3661 4164
3661 4165
3661 4166
3661 4167
3661 4168
3661 4169
3661 4170
3661 4171
3661 4172
3661 4173
3661 3685
3661 4174
3661 4175
3661 4176
3661 4177
3661 4178
3661 2412
3661 4179
3661 4180
3661 4181
3661 2666
3661 4182
3661 4183
3661 4184
3661 4185
3661 4186
3661 4187
3661 4188
3661 3698
3661 4189
3661 4190
3661 4191
3661 4192
3661 24
2653 2092
2653 24
512 995
512 894
512 4193
512 1667
512 4194
512 4195
512 4196
512 518
512 4197
512 520
512 1559
512 4198
512 1561
512 4199
512 528
512 1321
512 4200
512 2452
512 4201
512 4202
512 4203
512 960
512 24
468 6
468 260
468 471
468 793
468 4204
468 4205
468 4206
468 4207
468 4208
468 4209
468 4210
468 2044
468 3533
468 24
420 121
420 124
420 97
420 4211
420 1260
420 4028
420 2461
420 4036
420 4212
420 4213
420 430
420 365
420 782
420 2251
420 115
420 24
2066 4214
2066 1061
2066 1492
2066 4215
2066 1065
2066 1536
2066 4216
2066 4217
2066 4218
2066 24
378 2384
378 7
378 873
378 1620
378 2431
378 4219
378 4220
378 4221
378 2329
378 4222
378 4223
378 24
4224 770
4224 1658
4224 245
4224 937
4224 4225
4224 4226
4224 4227
4224 4228
4224 2227
4224 4229
4224 4230
4224 4231
4224 4232
4224 4233
4224 402
4224 4234
4224 1684
4224 4235
4224 4236
4224 24
2559 3444
2559 422
2559 3648
2559 4237
2559 1631
2559 4238
2559 4239
2559 4240
2559 4241
2559 902
2559 24
668 214
668 4242
668 4243
668 1468
668 4244
668 1778
668 24
1870 922
1870 771
1870 4245
1870 4246
1870 4247
1870 4248
1870 4249
1870 1879
1870 4250
1870 4251
1870 4252
1870 4253
1870 24
1444 1408
1444 245
1444 2002
1444 1533
1444 2050
1444 1604
1444 1871
1444 1409
1444 2927
1444 1983
1444 4254
1444 4255
1444 4256
1444 4257
1444 4258
1444 4259
1444 4260
1444 4261
1444 4262
1444 4263
1444 4264
1444 2037
1444 2087
1444 4265
1444 4266
1444 4267
1444 4268
1444 4269
1444 4270
1444 4271
1444 4272
1444 4273
1444 4274
1444 24
1408 4275
1408 4276
1408 4277
1408 4278
1408 1411
1408 1412
1408 1413
1408 1891
1408 4279
1408 1414
1408 1419
1408 2419
1408 4280
1408 4281
1408 1421
1408 1425
1408 151
1408 4282
1408 4283
1408 24
2092 98
2092 4284
2092 4285
2092 4286
2092 4287
2092 4288
2092 4289
2092 4290
2092 4291
2092 4292
2092 1206
2092 4293
2092 2107
2092 24
3900 4294
3900 798
3900 4295
3900 4296
3900 4297
3900 4298
3900 88
3900 4299
3900 4300
3900 4301
3900 4302
3900 24
993 994
993 7
993 1533
993 995
993 4303
993 996
993 4161
993 3335
993 4304
993 4305
993 4306
993 2339
993 4307
993 4308
993 4309
993 999
993 4310
993 1001
993 4311
993 2851
993 4312
993 4313
993 4314
993 3541
993 3762
993 4315
993 4316
993 4317
993 1006
993 3767
993 24
4318 24
4319 470
4319 4320
4319 4321
4319 4322
4319 4323
4319 4324
4319 24
994 169
994 995
994 996
994 4325
994 3453
994 4326
994 516
994 4327
994 970
994 4328
994 4329
994 4330
994 4041
994 3837
994 4331
994 4042
994 4332
994 4333
994 4334
994 1039
994 4335
994 4336
994 4337
994 4338
994 4044
994 1320
994 4339
994 4340
994 1004
994 4341
994 24
121 4342
121 744
121 2666
121 4343
121 3184
121 4344
121 4345
121 4346
121 3543
121 3417
121 4347
121 150
121 4348
121 4188
121 1655
121 4349
121 789
121 3418
121 202
121 1656
121 24
248 1490
248 4350
248 1477
248 1365
248 4351
248 4352
248 4353
248 231
248 4354
248 4355
248 4356
248 4357
248 3682
248 4358
248 4359
248 4360
248 4176
248 4361
248 1502
248 4362
248 4363
248 112
248 1390
248 4364
248 4365
248 4366
248 24
809 592
809 4083
809 2801
809 4367
809 4368
809 2772
809 4086
809 4369
809 4370
809 968
809 4088
809 2362
809 4371
809 4372
809 4373
809 4374
809 4375
809 4376
809 4377
809 4378
809 4379
809 4380
809 4381
809 4382
809 1789
809 1064
809 1555
809 4383
809 1731
809 812
809 1558
809 2776
809 1560
809 4384
809 2554
809 4385
809 2691
809 1321
809 4386
809 1328
809 1329
809 4387
809 1341
809 4388
809 960
809 813
809 24
4389 2022
4389 4390
4389 2065
4389 4391
4389 691
4389 4392
4389 24
2422 894
2422 4393
2422 2296
2422 4394
2422 4395
2422 4396
2422 2365
2422 1064
2422 2433
2422 1679
2422 4397
2422 4398
2422 4200
2422 24
1020 1658
1020 245
1020 123
1020 260
1020 1534
1020 4399
1020 4400
1020 4401
1020 2073
1020 4402
1020 4403
1020 4404
1020 1651
1020 2380
1020 1655
1020 3164
1020 24
921 922
921 1699
921 97
921 4405
921 670
921 599
921 4406
921 4407
921 4408
921 724
921 4409
921 725
921 4410
921 15
921 4411
921 4412
921 4413
921 1043
921 3143
921 4414
921 1050
921 1108
921 1051
921 758
921 4415
921 759
921 4416
921 24
211 4417
211 4418
211 4419
211 4420
211 803
211 4421
211 4422
211 4423
211 4424
211 238
211 4425
211 4426
211 4427
211 4428
211 4429
211 1945
211 4430
211 4431
211 4432
211 4433
211 4434
211 4435
211 4436
211 4437
211 24
4438 3719
4438 4439
4438 4440
4438 4441
4438 3746
4438 4442
4438 4443
4438 4444
4438 4445
4438 24
3358 67
3358 4446
3358 4447
3358 4448
3358 4449
3358 4450
3358 2405
3358 728
3358 3686
3358 4451
3358 4452
3358 4453
3358 4454
3358 3381
3358 3383
3358 4455
3358 4456
3358 4457
3358 4458
3358 4459
3358 24
2356 1251
2356 1427
2356 2360
2356 2760
2356 2375
2356 970
2356 3543
2356 4460
2356 24
421 422
421 1475
421 260
421 124
421 3719
421 423
421 873
421 97
421 3445
421 4461
421 4462
421 4463
421 879
421 1481
421 4464
421 3447
421 4170
421 4465
421 4466
421 3343
421 4467
421 2042
421 1954
421 887
421 24
1806 4468
1806 2687
1806 4469
1806 24
1647 4470
1647 4471
1647 4472
1647 4473
1647 1875
1647 1877
1647 4474
1647 4475
1647 4476
1647 4477
1647 4478
1647 4479
1647 4480
1647 4481
1647 4482
1647 92
1647 24
280 4483
280 470
280 281
280 4484
280 3903
280 4485
280 132
280 290
280 4486
280 1635
280 4487
280 294
280 4488
280 24
4489 4490
4489 4491
4489 2863
4489 1633
4489 4492
4489 24
4493 4494
4493 4495
4493 145
4493 146
4493 4496
4493 4497
4493 4498
4493 4499
4493 4500
4493 4501
4493 4502
4493 3172
4493 2456
4493 1204
4493 4503
4493 1206
4493 1317
4493 4504
4493 4505
4493 4506
4493 4480
4493 1213
4493 4507
4493 4508
4493 4509
4493 3478
4493 153
4493 4510
4493 4511
4493 4512
4493 4513
4493 204
4493 24
4514 4515
4514 4516
4514 4517
4514 4518
4514 4519
4514 4520
4514 4521
4514 4522
4514 4523
4514 4524
4514 24
910 1475
910 1490
910 873
910 911
910 4525
910 4526
910 4527
910 4528
910 4529
910 4530
910 4531
910 4532
910 4533
910 4534
910 4535
910 1494
910 4536
910 4537
910 4538
910 4539
910 4540
910 410
910 4541
910 4542
910 4543
910 4544
910 4545
910 4546
910 4547
910 4548
910 4549
910 4550
910 4551
910 4552
910 1636
910 4553
910 4554
910 4555
910 4556
910 3965
910 4557
910 4182
910 4558
910 4559
910 4560
910 4561
910 813
910 913
910 24
3444 422
3444 24
4562 24
422 770
422 245
422 2385
422 124
422 1427
422 219
422 4304
422 3649
422 4563
422 4564
422 3651
422 136
422 4565
422 3447
422 1602
422 24
3100 3101
3100 124
3100 4566
3100 24
5 2337
5 596
5 592
5 123
5 4567
5 3582
5 4568
5 4569
5 102
5 4570
5 2161
5 2004
5 1066
5 4571
5 4572
5 4573
5 87
5 2077
5 4574
5 2013
5 4575
5 2381
5 4576
5 2172
5 789
5 1656
5 24
2337 123
2337 4577
2337 1890
2337 2342
2337 4578
2337 4579
2337 2013
2337 2044
2337 24
922 1699
922 1086
922 770
922 245
922 771
922 97
922 98
922 1088
922 4580
922 4581
922 4582
922 2361
922 1091
922 2580
922 3420
922 4583
922 721
922 600
922 2377
922 2366
922 4057
922 176
922 4584
922 4585
922 2247
922 1104
922 4586
922 739
922 741
922 742
922 4587
922 1050
922 1108
922 751
922 2381
922 24
2561 249
2561 4577
2561 4588
2561 1011
2561 4589
2561 4590
2561 4591
2561 4592
2561 24
1475 4593
1475 4594
1475 4595
1475 4596
1475 4597
1475 1171
1475 24
4598 4599
4598 4600
4598 4601
4598 4602
4598 4603
4598 4604
4598 24
2835 409
2835 213
2835 4605
2835 4606
2835 474
2835 2161
2835 4607
2835 4608
2835 4552
2835 4119
2835 108
2835 2169
2835 4609
2835 40
2835 4610
2835 24
596 2801
596 4611
596 4612
596 599
596 1966
596 4101
596 4613
596 4383
596 4614
596 2408
596 4615
596 2164
596 4616
596 4556
596 603
596 4617
596 4618
596 789
596 24
122 4619
122 125
122 444
122 4620
122 4621
122 4622
122 4623
122 4624
122 4625
122 2144
122 2145
122 4626
122 142
122 1681
122 4627
122 146
122 4628
122 4505
122 4629
122 4630
122 4631
122 3477
122 4632
122 152
122 153
122 204
122 24
1699 4633
1699 4634
1699 4635
1699 1820
1699 175
1699 3470
1699 176
1699 2125
1699 24
169 170
169 68
169 4636
169 2137
169 4637
169 3130
169 4638
169 3999
169 3468
169 4639
169 2584
169 4640
169 4641
169 4642
169 730
169 1039
169 4643
169 4644
169 4645
169 4646
169 1046
169 4647
169 4648
169 4649
169 4650
169 4651
169 1053
169 1056
169 24
4652 4653
4652 4654
4652 4655
4652 24
409 4656
409 4605
409 4657
409 4658
409 2837
409 4659
409 4116
409 4660
409 4661
409 4662
409 4663
409 24
469 260
469 3611
469 471
469 3389
469 4664
469 2339
469 3959
469 4665
469 2222
469 4666
469 4667
469 4668
469 862
469 863
469 4669
469 639
469 4670
469 1562
469 640
469 4671
469 902
469 868
469 4672
469 2352
469 24
3101 4566
3101 4673
3101 4674
3101 4675
3101 4676
3101 4677
3101 4678
3101 4679
3101 4680
3101 4681
3101 4682
3101 24
2400 1251
2400 98
2400 4683
2400 2360
2400 3453
2400 4684
2400 2375
2400 4685
2400 4686
2400 4687
2400 4688
2400 4032
2400 1434
2400 4689
2400 4213
2400 353
2400 4690
2400 1526
2400 4691
2400 2039
2400 4692
2400 365
2400 374
2400 2043
2400 4693
2400 4694
2400 2045
2400 24
3834 2267
3834 4695
3834 24
4125 4696
4125 4697
4125 4698
4125 4699
4125 4700
4125 4701
4125 4702
4125 4703
4125 4704
4125 4705
4125 4141
4125 4706
4125 24
212 213
212 4707
212 4708
212 2295
212 4709
212 3973
212 4710
212 224
212 1282
212 4711
212 285
212 225
212 3906
212 4712
212 4713
212 1286
212 4714
212 4715
212 232
212 4716
212 4717
212 396
212 4718
212 4719
212 2215
212 254
212 2031
212 4720
212 4721
212 3923
212 4722
212 4723
212 4724
212 4725
212 4726
212 4727
212 4728
212 24
1979 4663
1979 2061
1979 1171
1979 4110
1979 24
67 4729
67 3571
67 4730
67 509
67 4731
67 24
1513 1514
1513 24
213 4707
213 4732
213 4733
213 4734
213 4605
213 4735
213 4736
213 4737
213 4738
213 4710
213 1282
213 4739
213 4740
213 4741
213 225
213 4742
213 4743
213 3004
213 4744
213 4745
213 4746
213 3276
213 4747
213 4748
213 4749
213 4750
213 4751
213 4752
213 803
213 4753
213 2512
213 4754
213 4755
213 4432
213 4756
213 4124
213 4757
213 4758
213 3508
213 24
214 4759
214 4760
214 1772
214 4761
214 3034
214 3903
214 674
214 4762
214 4763
214 4764
214 4765
214 4766
214 4767
214 4768
214 4769
214 3906
214 1987
214 4770
214 4771
214 4772
214 1285
214 4773
214 4774
214 3642
214 4775
214 4776
214 4777
214 4778
214 4779
214 3920
214 3922
214 3872
214 805
214 4780
214 1468
214 4781
214 4782
214 4663
214 4783
214 24
2384 2385
2384 873
2384 1620
2384 4784
2384 2388
2384 877
2384 4785
2384 4786
2384 4787
2384 2393
2384 4788
2384 4789
2384 4790
2384 3874
2384 2329
2384 888
2384 890
2384 24
1086 4791
1086 1089
1086 1095
1086 2247
1086 1106
1086 4792
1086 4793
1086 1110
1086 24
3229 3230
3229 4794
3229 4795
3229 4796
3229 3236
3229 3237
3229 4797
3229 4798
3229 4799
3229 3245
3229 3246
3229 4800
3229 4801
3229 4802
3229 4803
3229 4804
3229 4805
3229 4806
3229 4807
3229 24
4808 4809
4808 4810
4808 4811
4808 4812
4808 4813
4808 4814
4808 4815
4808 356
4808 4816
4808 4817
4808 4818
4808 4819
4808 24
6 260
6 4820
6 4821
6 1815
6 1874
6 4822
6 4823
6 4824
6 4825
6 4826
6 4827
6 4828
6 4829
6 1077
6 4830
6 4831
6 2044
6 4832
6 24
770 245
770 123
770 124
770 1061
770 4833
770 102
770 3482
770 2763
770 4834
770 4835
770 1434
770 728
770 3207
770 740
770 1441
770 4836
770 24
1658 1859
1658 3929
1658 4837
1658 4838
1658 945
1658 4227
1658 4839
1658 4840
1658 4228
1658 4841
1658 4842
1658 4229
1658 4843
1658 1684
1658 1734
1658 4844
1658 4845
1658 4235
1658 4846
1658 1341
1658 4847
1658 4236
1658 24
592 97
592 4848
592 4849
592 4850
592 4851
592 2771
592 4852
592 2672
592 4373
592 2159
592 4853
592 4376
592 4377
592 2774
592 2430
592 4854
592 4855
592 4856
592 2554
592 2780
592 4857
592 2781
592 4858
592 4859
592 1153
592 2784
592 1204
592 4860
592 4861
592 4862
592 4863
592 960
592 376
592 24
1222 4864
1222 4865
1222 4866
1222 4867
1222 4868
1222 24
1782 24
4483 132
4483 4869
4483 4870
4483 4871
4483 4872
4483 4873
4483 24
3701 3703
3701 2654
3701 24
4874 3066
4874 4875
4874 24
245 4083
245 260
245 1533
245 124
245 1604
245 1933
245 4876
245 219
245 2425
245 1122
245 2978
245 1237
245 1641
245 24
4877 4878
4877 4879
4877 4880
4877 4881
4877 4882
4877 4883
4877 4884
4877 4885
4877 4886
4877 4887
4877 4888
4877 24
123 2256
123 24
4889 24
771 4890
771 4891
771 4892
771 774
771 4893
771 1879
771 4894
771 24
4809 4895
4809 4896
4809 4897
4809 24
2639 2296
2639 3129
2639 3967
2639 4898
2639 4899
2639 4900
2639 4901
2639 2952
2639 24
2385 873
2385 1476
2385 219
2385 877
2385 4902
2385 1602
2385 885
2385 4903
2385 4904
2385 24
4083 4905
4083 4906
4083 3762
4083 4907
4083 1336
4083 4908
4083 4909
4083 4910
4083 1736
4083 1341
4083 1343
4083 960
4083 4911
4083 3995
4083 4912
4083 4913
4083 1351
4083 1354
4083 24
3662 906
3662 4914
3662 4915
3662 4916
3662 4013
3662 3686
3662 4917
3662 297
3662 4918
3662 2350
3662 690
3662 506
3662 24
2116 2137
2116 4919
2116 4920
2116 4921
2116 4922
2116 176
2116 1043
2116 4923
2116 4924
2116 4925
2116 4926
2116 24
260 7
260 1533
260 4927
260 4696
260 4928
260 1895
260 2217
260 829
260 4929
260 4930
260 4931
260 4932
260 1897
260 4933
260 4934
260 841
260 4935
260 4936
260 1000
260 4937
260 4938
260 4939
260 4940
260 4941
260 4942
260 1484
260 4943
260 4944
260 1562
260 2227
260 1755
260 4945
260 2687
260 4946
260 4947
260 4948
260 2231
260 4949
260 2232
260 4950
260 2233
260 4951
260 269
260 4952
260 2702
260 4953
260 24
7 4954
7 2487
7 193
7 1620
7 4955
7 829
7 4956
7 4957
7 4958
7 4959
7 4960
7 4961
7 3529
7 2097
7 4962
7 4963
7 4964
7 1576
7 4965
7 1037
7 4966
7 4967
7 19
7 4968
7 4969
7 4970
7 3966
7 4971
7 4972
7 24
4973 1742
4973 4974
4973 4975
4973 1726
4973 4976
4973 4977
4973 4978
4973 970
4973 4979
4973 736
4973 3924
4973 4980
4973 24
1250 1251
1250 4981
1250 4982
1250 4983
1250 24
2002 513
2002 1604
2002 4984
2002 2406
2002 4267
2002 24
170 1254
170 2579
170 1814
170 2140
170 2142
170 1861
170 4001
170 1265
170 176
170 780
170 1046
170 1077
170 4985
170 4986
170 550
170 2151
170 1056
170 24
1980 4987
1980 1981
1980 2929
1980 4988
1980 4989
1980 4990
1980 3103
1980 3336
1980 4991
1980 4992
1980 4993
1980 4994
1980 4995
1980 2008
1980 4996
1980 1993
1980 4997
1980 4998
1980 4999
1980 5000
1980 1778
1980 24
513 1604
513 514
513 24
2401 5001
2401 5002
2401 5003
2401 3322
2401 5004
2401 5005
2401 5006
2401 5007
2401 5008
2401 74
2401 5009
2401 1248
2401 3325
2401 5010
2401 5011
2401 354
2401 2410
2401 5012
2401 5013
2401 3328
2401 357
2401 145
2401 5014
2401 3473
2401 1270
2401 367
2401 5015
2401 5016
2401 2485
2401 150
2401 5017
2401 24
1770 1604
1770 5018
1770 4769
1770 4770
1770 5019
1770 5020
1770 5021
1770 4106
1770 2982
1770 682
1770 5022
1770 2031
1770 685
1770 3890
1770 1776
1770 5023
1770 5024
1770 1168
1770 2991
1770 24
1251 97
1251 995
1251 1427
1251 1254
1251 5025
1251 5026
1251 1258
1251 2375
1251 2363
1251 1821
1251 3716
1251 5027
1251 1824
1251 5028
1251 5029
1251 5030
1251 1269
1251 1270
1251 3826
1251 5031
1251 5032
1251 5033
1251 24
3611 1533
3611 24
1533 1604
1533 995
1533 5034
1533 5035
1533 5036
1533 5037
1533 5038
1533 5039
1533 5040
1533 4310
1533 3770
1533 5041
1533 2851
1533 4170
1533 5042
1533 5043
1533 3541
1533 5044
1533 1486
1533 5045
1533 5046
1533 4315
1533 975
1533 24
124 2357
124 97
124 127
124 3175
124 4130
124 129
124 132
124 5047
124 1968
124 5048
124 4134
124 74
124 135
124 136
124 5049
124 4624
124 3204
124 4835
124 137
124 1434
124 3170
124 3205
124 2410
124 142
124 143
124 357
124 3209
124 1196
124 433
124 2412
124 144
124 1197
124 3171
124 1651
124 145
124 5050
124 5051
124 3183
124 5052
124 5053
124 148
124 5054
124 3213
124 150
124 1655
124 153
124 24
2050 1604
2050 1409
2050 5055
2050 3193
2050 1891
2050 5056
2050 5057
2050 5058
2050 5059
2050 5060
2050 24
5061 3580
5061 2505
5061 5062
5061 5063
5061 5064
5061 5065
5061 5066
5061 5067
5061 5068
5061 2071
5061 2072
5061 3373
5061 5069
5061 5070
5061 5071
5061 5072
5061 5073
5061 5074
5061 2411
5061 5075
5061 5076
5061 5077
5061 5078
5061 5079
5061 5080
5061 5081
5061 24
490 5082
490 5083
490 2407
490 3196
490 3378
490 507
490 5084
490 5085
490 24
3719 3723
3719 923
3719 5086
3719 5087
3719 5088
3719 5089
3719 2222
3719 4329
3719 5090
3719 5091
3719 5092
3719 3746
3719 5093
3719 3748
3719 5094
3719 5095
3719 5096
3719 24
1490 911
1490 5097
1490 1492
1490 5098
1490 2967
1490 5099
1490 2301
1490 5100
1490 5101
1490 5102
1490 5103
1490 5104
1490 5105
1490 1500
1490 1899
1490 5106
1490 5107
1490 5108
1490 5109
1490 5110
1490 1511
1490 5111
1490 5112
1490 24
423 1619
423 2863
423 5113
423 3650
423 5114
423 3948
423 1625
423 2425
423 1627
423 136
423 5115
423 5116
423 4240
423 5117
423 5118
423 5119
423 5120
423 5121
423 24
3320 1742
3320 3321
3320 5122
3320 5123
3320 5124
3320 5125
3320 970
3320 5126
3320 4835
3320 727
3320 5127
3320 5128
3320 2036
3320 5129
3320 5130
3320 5131
3320 3518
3320 5132
3320 3331
3320 24
68 1025
68 2156
68 5133
68 5134
68 5135
68 2801
68 1929
68 4088
68 72
68 2672
68 2426
68 5136
68 1669
68 721
68 2430
68 5137
68 5138
68 5139
68 1095
68 5140
68 5141
68 1679
68 5142
68 5143
68 2167
68 5144
68 780
68 2122
68 1153
68 1830
68 1204
68 1050
68 1701
68 4387
68 20
68 5145
68 376
68 2172
68 24
873 1223
873 5146
873 4784
873 1929
873 5147
873 5148
873 877
873 5149
873 879
873 5150
873 5151
873 5152
873 4551
873 2393
873 5153
873 1635
873 5154
873 3874
873 5155
873 5156
873 2290
873 888
873 2399
873 5157
873 5158
873 24
911 912
911 4540
911 5159
911 4544
911 4547
911 4558
911 913
911 24
3639 1409
3639 5160
3639 3490
3639 5161
3639 1412
3639 4990
3639 1985
3639 5162
3639 5163
3639 5164
3639 5165
3639 3772
3639 3642
3639 4996
3639 5166
3639 4280
3639 1992
3639 1296
3639 5167
3639 5168
3639 2955
3639 5169
3639 5170
3639 24
966 98
966 5171
966 5172
966 5173
966 5174
966 5175
966 5176
966 5177
966 5178
966 5179
966 5180
966 4625
966 5181
966 5182
966 5183
966 5184
966 5185
966 5186
966 5187
966 5188
966 5189
966 5190
966 5191
966 5192
966 5193
966 5194
966 5195
966 5196
966 5197
966 5198
966 3516
966 5199
966 5200
966 5201
966 5202
966 5203
966 24
2357 97
2357 98
2357 1742
2357 5204
2357 5205
2357 3102
2357 515
2357 102
2357 3104
2357 5206
2357 5207
2357 5208
2357 2763
2357 74
2357 2775
2357 5209
2357 5210
2357 2408
2357 3106
2357 5211
2357 3108
2357 5212
2357 5213
2357 5214
2357 5215
2357 1196
2357 2821
2357 3110
2357 1197
2357 3111
2357 5216
2357 738
2357 4617
2357 1800
2357 1207
2357 5217
2357 5218
2357 5219
2357 23
2357 24
1604 5220
1604 5221
1604 5222
1604 5223
1604 5224
1604 1988
1604 5225
1604 684
1604 4266
1604 5226
1604 24
5227 1484
5227 24
906 5228
906 4914
906 3081
906 5229
906 1790
906 86
906 108
906 1320
906 5230
906 2350
906 5231
906 5232
906 24
97 927
97 5233
97 4385
97 3312
97 5234
97 5235
97 1683
97 1269
97 5236
97 5237
97 5238
97 3415
97 2249
97 109
97 5239
97 1441
97 5240
97 5241
97 2041
97 5242
97 749
97 5243
97 5244
97 5245
97 114
97 1156
97 5246
97 5247
97 2125
97 5248
97 4388
97 199
97 789
97 5249
97 2291
97 24
3663 5250
3663 5251
3663 5252
3663 3664
3663 5253
3663 5254
3663 5255
3663 5256
3663 616
3663 5069
3663 5257
3663 5258
3663 5259
3663 5260
3663 5261
3663 1880
3663 5262
3663 5263
3663 5264
3663 5265
3663 5266
3663 3694
3663 5267
3663 5268
3663 24
1871 5269
1871 1496
1871 5270
1871 5271
1871 1876
1871 5272
1871 5273
1871 5274
1871 5275
1871 5276
1871 5277
1871 647
1871 2511
1871 5278
1871 5279
1871 2087
1871 5280
1871 2513
1871 5281
1871 5282
1871 5283
1871 5284
1871 5285
1871 24
192 3791
192 5286
192 1479
192 5287
192 5288
192 5289
192 1693
192 1482
192 2264
192 5290
192 5291
192 5292
192 5293
192 5294
192 5295
192 5296
192 5297
192 888
192 5298
192 24
5299 5300
5299 424
5299 4132
5299 5301
5299 5302
5299 4033
5299 5303
5299 5304
5299 3587
5299 3486
5299 4018
5299 5305
5299 2371
5299 5306
5299 4022
5299 2255
5299 24
2960 2961
2960 5307
2960 5308
2960 24
1534 5309
1534 990
1534 5310
1534 5311
1534 24
4987 1981
4987 3034
4987 5312
4987 5313
4987 5314
4987 5315
4987 5316
4987 5317
4987 5318
4987 5319
4987 5320
4987 5321
4987 1992
4987 5322
4987 5323
4987 5324
4987 4998
4987 5325
4987 5000
4987 5326
4987 24
470 426
470 2335
470 3795
470 228
470 434
470 4872
470 1486
470 435
470 24
2063 5327
2063 5328
2063 24
1981 5329
1981 2929
1981 3034
1981 5330
1981 4097
1981 5331
1981 4990
1981 5332
1981 5333
1981 5334
1981 4994
1981 4995
1981 4996
1981 5320
1981 1992
1981 5335
1981 5336
1981 5337
1981 684
1981 4997
1981 5338
1981 2061
1981 24
5339 24
935 5340
935 5341
935 5342
935 942
935 5343
935 5344
935 5345
935 1066
935 5346
935 5347
935 5348
935 779
935 5349
935 5350
935 5351
935 5352
935 5353
935 5354
935 960
935 24
1409 5355
1409 5356
1409 5357
1409 5358
1409 5359
1409 1286
1409 5360
1409 4264
1409 5361
1409 398
1409 5362
1409 5363
1409 5364
1409 4272
1409 5365
1409 1778
1409 5366
1409 24
5055 5367
5055 5368
5055 1625
5055 1628
5055 5369
5055 5370
5055 5371
5055 24
471 5372
471 5373
471 3804
471 5374
471 5375
471 862
471 2349
471 866
471 5376
471 5377
471 5378
471 868
471 3817
471 24
171 98
171 3391
171 5379
171 5380
171 5381
171 5382
171 5383
171 174
171 5384
171 5385
171 5386
171 5387
171 5388
171 5389
171 5390
171 5391
171 5392
171 2436
171 5393
171 3398
171 4465
171 5394
171 3399
171 3400
171 3401
171 5395
171 183
171 5396
171 5397
171 5398
171 5399
171 662
171 3319
171 5400
171 5401
171 5402
171 3407
171 3408
171 5403
171 5404
171 186
171 5405
171 5406
171 5407
171 24
2444 5408
2444 2137
2444 1861
2444 1147
2444 5409
2444 2149
2444 5410
2444 2543
2444 24
606 5411
606 5412
606 5413
606 5414
606 5415
606 5416
606 5417
606 5418
606 5419
606 24
98 2077
98 5420
98 1005
98 1107
98 5421
98 5422
98 5423
98 3515
98 1207
98 368
98 3316
98 5424
98 3092
98 4293
98 5425
98 5426
98 1109
98 5427
98 5428
98 3408
98 202
98 24
514 5429
514 5430
514 856
514 24
1933 5431
1933 5432
1933 5433
1933 5434
1933 1929
1933 515
1933 101
1933 4371
1933 5435
1933 4402
1933 5436
1933 1562
1933 5437
1933 1382
1933 1684
1933 368
1933 1341
1933 5438
1933 24
4636 5439
4636 2137
4636 5440
4636 5441
4636 5442
4636 5443
4636 5444
4636 5445
4636 2584
4636 1065
4636 5446
4636 1320
4636 5447
4636 5448
4636 5449
4636 991
4636 5450
4636 757
4636 24
1742 24
2961 5451
2961 2024
2961 5452
2961 5307
2961 5453
2961 5454
2961 5455
2961 5456
2961 5457
2961 5458
2961 5459
2961 1212
2961 5460
2961 24
995 3331
995 3765
995 5461
995 2035
995 759
995 5462
995 24
5250 5463
5250 5464
5250 317
5250 5465
5250 5466
5250 4132
5250 5467
5250 5468
5250 4134
5250 5469
5250 5212
5250 5470
5250 1381
5250 5471
5250 5472
5250 5473
5250 4649
5250 1214
5250 2826
5250 351
5250 24
5474 2878
5474 3781
5474 5475
5474 5476
5474 91
5474 24
3230 5477
3230 5478
3230 5479
3230 5480
3230 5481
3230 5482
3230 5483
3230 5484
3230 5485
3230 5486
3230 5487
3230 5488
3230 5489
3230 5490
3230 5491
3230 5492
3230 5493
3230 5494
3230 5495
3230 5496
3230 5497
3230 617
3230 5498
3230 5499
3230 5500
3230 5501
3230 4626
3230 5502
3230 5503
3230 5504
3230 5505
3230 5506
3230 5507
3230 5508
3230 5509
3230 5510
3230 5511
3230 5512
3230 5513
3230 3832
3230 5514
3230 24
2358 5515
2358 2023
2358 5516
2358 5517
2358 2892
2358 5518
2358 5519
2358 5520
2358 5521
2358 5522
2358 5523
2358 1210
2358 5524
2358 24
4876 5525
4876 5526
4876 5527
4876 5528
4876 5529
4876 5258
4876 4944
4876 1776
4876 148
4876 24
5530 900
5530 24
2128 5531
2128 5532
2128 5533
2128 24
