2431 4501
0 1
0 2
3 4
3 5
6 7
6 8
9 10
9 11
12 13
12 14
15 16
15 17
18 19
18 20
21 22
21 23
24 25
24 26
27 28
27 29
30 31
30 32
33 34
33 35
36 37
36 38
39 5
39 23
40 10
40 41
42 43
42 44
45 46
45 47
48 5
48 49
50 19
50 51
52 53
52 54
55 56
55 37
57 58
57 59
60 5
60 61
62 41
62 63
64 65
64 66
67 68
67 69
70 71
70 72
73 26
73 74
75 76
75 77
78 11
78 41
79 80
79 81
82 83
82 84
85 86
85 87
88 89
88 90
91 92
91 93
94 8
94 95
96 97
96 98
99 80
99 100
101 102
101 103
104 105
104 106
107 108
107 109
110 28
110 111
112 113
112 114
115 116
115 117
118 119
118 106
120 121
120 122
123 20
123 124
125 126
125 127
128 129
128 11
130 131
130 132
133 134
133 135
136 137
136 138
139 140
139 141
142 51
142 143
144 124
144 143
145 146
145 147
148 149
148 150
151 152
151 153
154 155
154 156
157 1
157 158
159 140
159 160
161 162
161 163
164 11
164 165
166 167
166 168
169 170
169 171
172 173
172 174
175 176
175 119
177 31
177 137
178 179
178 180
181 182
181 183
184 185
184 186
187 173
187 188
189 190
189 188
191 192
191 122
193 185
193 194
195 182
195 111
196 197
196 198
199 200
199 201
202 203
202 204
205 206
205 207
208 209
208 188
210 211
210 92
212 213
212 83
214 13
214 108
215 216
215 217
218 180
218 83
219 138
219 201
220 167
220 194
221 121
221 87
222 223
222 224
225 103
225 26
226 227
226 228
229 230
229 35
231 203
231 232
233 234
233 147
235 236
235 237
238 239
238 46
240 16
240 201
241 242
241 243
244 65
244 185
245 234
245 246
247 248
247 249
250 8
250 251
252 209
252 253
254 211
254 255
256 236
256 213
257 198
257 258
259 13
259 141
260 261
260 262
263 264
263 265
266 197
266 143
267 268
267 249
269 270
269 271
272 1
272 135
273 72
273 183
274 51
274 258
275 276
275 95
277 171
277 278
279 276
279 7
280 137
280 150
281 167
281 185
282 13
282 160
283 255
283 95
284 285
284 28
286 87
286 287
288 276
288 251
289 54
289 90
290 198
290 124
291 292
291 143
293 294
293 295
296 87
296 297
298 299
298 300
301 302
301 176
303 304
303 305
306 307
306 308
309 310
309 287
311 312
311 313
314 97
314 315
316 317
316 318
319 11
319 320
321 297
321 322
323 324
323 68
325 326
325 224
327 152
327 328
329 330
329 331
332 320
332 333
334 335
334 336
337 19
337 338
339 340
339 90
341 342
341 183
343 137
343 32
344 232
344 300
345 346
345 347
348 349
348 182
350 302
350 351
352 246
352 353
354 342
354 355
356 357
356 358
359 295
359 360
361 336
361 249
362 285
362 363
364 61
364 331
365 69
365 135
366 336
366 34
367 121
367 368
369 190
369 370
371 299
371 83
372 373
372 322
374 375
374 8
376 93
376 95
377 197
377 338
378 379
378 380
381 382
381 357
383 379
383 384
385 106
385 386
387 93
387 251
388 389
388 81
390 156
390 391
392 203
392 236
393 394
393 395
396 397
396 398
399 190
399 253
400 395
400 401
402 140
402 108
403 119
403 404
405 406
405 103
407 408
407 386
409 307
409 320
410 223
410 347
411 412
411 347
413 203
413 83
414 108
414 14
415 65
415 416
417 418
417 242
419 420
419 421
422 423
422 317
424 370
424 425
426 427
426 102
428 421
428 429
430 63
430 431
432 276
432 8
433 132
433 287
434 435
434 305
436 230
436 34
437 412
437 438
439 89
439 440
441 22
441 357
442 109
442 14
443 58
443 127
444 71
444 355
445 446
445 98
447 448
447 401
449 5
449 331
450 404
450 386
451 333
451 165
452 453
452 174
454 455
454 106
456 457
456 308
458 294
458 194
459 65
459 295
460 349
460 335
460 455
460 461
460 462
460 7
460 224
460 174
460 463
460 23
464 5
464 358
465 31
465 17
466 467
466 468
469 315
469 147
470 171
470 200
471 340
471 80
472 108
472 160
473 312
473 185
474 475
474 476
474 188
474 4
474 477
474 237
474 478
474 265
474 116
474 183
479 480
479 412
481 34
481 153
482 126
482 398
483 53
483 81
484 134
484 2
485 22
485 5
486 200
486 138
487 412
487 224
488 423
488 397
489 152
489 230
490 137
490 491
492 493
492 404
494 307
494 457
495 100
495 475
496 468
496 160
497 255
497 375
498 463
498 84
499 346
499 500
501 92
501 251
502 239
502 243
503 504
503 395
505 255
505 44
506 65
506 313
507 25
507 103
508 129
508 509
510 511
510 477
512 173
512 425
513 10
513 509
514 438
514 228
515 401
515 243
516 100
516 54
517 518
517 519
520 140
520 467
521 357
521 331
522 167
522 270
523 322
523 524
525 416
525 168
526 253
526 425
527 406
527 379
528 71
528 28
529 66
529 168
530 4
530 531
532 173
532 429
533 105
533 493
534 535
534 536
537 408
537 106
538 234
538 117
539 540
539 541
542 223
542 227
543 328
543 249
544 326
544 227
545 264
545 230
546 149
546 200
547 406
547 26
548 395
548 448
549 204
549 84
550 351
550 386
551 536
551 146
552 553
552 380
554 375
554 95
555 556
555 404
557 558
557 13
559 560
559 363
561 140
561 13
562 248
562 328
563 246
563 536
564 331
564 358
565 134
565 518
566 308
566 567
568 569
568 570
571 186
571 360
572 264
572 249
573 397
573 155
574 152
574 575
576 100
576 81
577 258
577 578
579 453
579 425
580 174
580 425
581 206
581 476
582 255
582 8
583 100
583 584
585 179
585 586
587 569
587 553
588 100
588 340
589 56
589 258
590 197
590 51
591 324
591 113
592 593
592 322
594 65
594 271
595 176
595 105
596 61
596 358
597 394
597 242
598 599
598 347
598 249
598 162
598 179
598 54
598 408
598 211
598 234
598 560
600 519
600 76
600 423
600 239
600 185
600 553
600 338
600 310
600 149
600 431
601 211
601 44
602 1
602 519
603 261
603 468
604 540
604 135
605 278
605 17
606 207
606 44
607 511
607 346
608 68
608 519
609 382
609 5
610 239
610 401
611 368
611 297
612 162
612 370
613 56
613 198
614 379
614 615
616 188
616 429
617 207
617 8
618 10
618 320
619 121
619 86
620 330
620 531
621 134
621 622
623 56
623 143
624 121
624 593
625 330
625 61
626 384
626 102
627 119
627 628
629 158
629 2
630 97
630 117
631 346
631 477
632 351
632 633
634 37
634 143
635 347
635 636
637 276
637 153
637 190
637 353
637 363
637 80
637 326
637 357
637 404
637 180
638 137
638 278
639 304
639 448
640 478
640 119
641 261
641 77
642 89
642 81
643 406
643 102
644 180
644 237
645 646
645 173
647 406
647 570
648 425
648 429
649 113
649 158
650 651
650 204
652 185
652 295
653 171
653 32
654 384
654 103
655 480
655 438
656 342
656 363
657 127
657 59
658 368
658 132
659 19
659 124
660 312
660 294
661 662
661 150
663 569
663 25
664 404
664 106
665 95
665 251
666 188
666 370
667 340
667 668
669 80
669 90
670 313
670 360
671 379
671 102
672 34
672 265
673 401
673 242
674 72
674 217
675 599
675 4
676 294
676 186
677 54
677 668
678 467
678 14
679 239
679 47
680 340
680 81
681 682
681 77
683 86
683 131
684 360
684 271
685 276
685 255
686 270
686 194
687 412
687 477
688 689
688 11
690 43
690 206
691 302
691 556
692 207
692 93
693 198
693 20
694 192
694 287
695 232
695 83
696 697
696 423
698 326
698 412
699 697
699 317
700 328
700 230
701 31
701 491
702 246
702 703
704 150
704 201
705 54
705 584
706 540
706 1
707 223
707 228
708 406
708 615
709 420
709 253
710 346
710 228
711 375
711 251
712 406
712 713
714 19
714 38
715 558
715 262
716 66
716 360
717 340
717 389
718 155
718 58
719 697
719 58
720 176
720 351
721 646
721 209
722 478
722 105
723 89
723 54
724 28
724 363
725 315
725 536
726 211
726 95
727 560
727 183
728 355
728 217
729 162
729 188
730 689
730 10
731 435
731 243
732 171
732 201
733 326
733 636
734 368
734 524
735 398
735 391
736 389
736 668
737 569
737 384
738 713
738 570
739 134
739 158
740 558
740 109
741 71
741 342
742 204
742 83
743 102
743 380
744 102
744 26
745 558
745 682
746 232
746 213
747 180
747 232
748 682
748 160
749 295
749 270
750 25
750 427
751 312
751 271
752 584
752 440
753 480
753 477
754 697
754 155
755 504
755 401
756 558
756 141
757 368
757 287
758 53
758 440
759 599
759 23
760 307
760 431
761 646
761 253
762 468
762 682
763 56
763 578
764 97
764 703
765 394
765 448
766 480
766 224
767 253
767 174
768 455
768 404
769 69
769 114
770 308
770 63
771 423
771 398
772 713
772 102
773 216
773 71
774 504
774 435
775 438
775 227
776 49
776 61
777 423
777 127
778 109
778 141
779 322
779 122
780 92
780 207
781 384
781 570
782 224
782 228
783 37
783 124
784 140
784 14
785 124
785 578
786 117
786 147
787 19
787 198
788 54
788 789
790 518
790 622
791 524
791 287
792 86
792 297
793 628
793 404
794 518
794 69
795 703
795 98
796 66
796 194
797 535
797 234
798 453
798 429
799 651
799 83
800 173
800 163
801 802
801 124
803 122
803 524
804 197
804 258
805 127
805 806
807 553
807 103
808 299
808 429
808 535
808 556
808 228
808 90
808 358
808 43
808 111
808 268
809 518
809 1
810 518
810 114
811 86
811 132
812 453
812 173
813 814
813 23
815 20
815 578
816 310
816 192
817 239
817 504
818 435
818 401
819 326
819 228
820 541
820 135
821 713
821 553
822 351
822 408
823 92
823 206
824 509
824 457
825 294
825 360
826 167
826 66
827 535
827 97
828 575
828 829
830 119
830 315
830 453
830 223
830 255
830 232
830 355
830 264
830 53
830 49
831 395
831 242
832 156
832 127
833 100
833 389
834 491
834 32
835 461
835 446
836 1
836 622
837 68
837 1
838 180
838 651
839 493
839 628
840 170
840 16
841 842
841 156
843 46
843 504
844 276
844 206
845 173
845 253
846 149
846 138
847 848
847 636
849 556
849 106
850 37
850 20
851 558
851 160
852 689
852 509
853 54
853 389
854 134
854 114
855 35
855 249
856 100
856 440
857 170
857 491
858 478
858 633
859 197
859 37
860 511
860 347
861 335
861 268
862 248
862 575
863 324
863 1
864 203
864 237
865 43
865 7
866 25
866 102
867 307
867 567
868 113
868 518
869 152
869 336
870 324
870 158
871 206
871 7
872 93
872 44
873 5
873 330
874 41
874 308
875 379
875 427
876 237
876 586
877 300
877 84
878 310
878 122
879 880
879 242
881 713
881 26
882 468
882 109
883 342
883 349
884 662
884 137
885 129
885 10
886 68
886 2
887 461
887 535
888 248
888 153
889 519
889 622
890 349
890 560
891 80
891 475
892 802
892 51
893 504
893 418
894 373
894 122
895 421
895 370
896 246
896 147
897 25
897 380
898 176
898 628
899 315
899 117
900 475
900 462
901 162
901 425
902 92
902 7
903 81
903 584
904 207
904 476
905 86
905 122
906 556
906 628
907 150
907 17
908 429
908 174
909 651
909 299
910 216
910 29
911 192
911 322
912 155
912 391
913 76
913 13
914 646
914 163
915 346
915 438
916 412
916 500
917 203
917 84
918 475
918 668
919 179
919 213
920 10
920 165
921 463
921 232
922 461
922 353
923 305
923 448
924 100
924 90
925 179
925 651
926 163
926 370
927 105
927 455
928 416
928 271
929 342
929 28
930 461
930 116
931 633
931 106
932 375
932 44
933 326
933 848
934 173
934 370
935 569
935 192
935 165
935 541
935 13
935 200
935 56
935 318
935 504
935 168
936 89
936 389
937 4
937 357
938 541
938 622
939 10
939 431
940 312
940 66
941 302
941 386
942 198
942 51
943 556
943 493
944 575
944 35
945 628
945 106
946 789
946 81
947 312
947 295
948 461
948 536
949 504
949 880
950 346
950 340
950 493
950 8
950 246
950 5
950 152
950 425
950 236
950 29
951 307
951 509
952 234
952 116
953 105
953 386
954 182
954 355
955 278
955 201
956 227
956 636
957 86
957 192
958 814
958 331
959 302
959 404
960 328
960 35
961 116
961 147
962 342
962 217
963 179
963 204
964 295
964 66
965 363
965 72
966 353
966 146
967 395
967 418
968 41
968 431
969 418
969 243
970 43
970 95
971 349
971 72
972 265
972 268
973 553
973 427
974 295
974 194
975 455
975 628
976 713
976 74
977 336
977 829
978 355
978 72
979 394
979 305
980 211
980 93
981 358
981 531
982 192
982 297
983 476
983 93
984 313
984 186
985 326
985 500
986 395
986 47
987 351
987 105
988 989
988 61
990 357
990 5
991 373
991 287
992 382
992 49
993 493
993 455
994 248
994 636
994 633
994 251
994 382
994 209
994 147
994 81
994 217
994 213
995 171
995 16
996 478
996 628
997 213
997 300
998 382
998 358
999 28
999 217
1000 713
1000 569
1001 406
1001 25
1002 299
1002 84
1003 593
1003 287
1004 76
1004 14
1005 152
1005 249
1006 77
1006 160
1007 431
1007 567
1008 880
1008 448
1009 206
1009 95
1010 58
1010 398
1011 234
1011 353
1012 420
1012 429
1013 198
1013 578
1014 395
1014 305
1015 438
1015 477
1016 535
1016 147
1017 651
1017 203
1018 313
1018 294
1019 338
1019 143
1020 198
1020 338
1021 406
1021 380
1022 880
1022 243
1023 19
1023 258
1024 346
1024 227
1025 134
1025 113
1026 622
1026 11
1026 435
1026 25
1026 201
1026 313
1026 198
1026 156
1026 261
1026 524
1027 468
1027 14
1028 158
1028 622
1029 185
1029 270
1030 463
1030 180
1031 461
1031 703
1032 408
1032 455
1033 167
1033 271
1034 814
1034 599
1035 646
1035 429
1036 81
1036 668
1037 462
1037 81
1038 180
1038 586
1039 230
1039 249
1040 651
1040 84
1041 330
1041 23
1042 408
1042 628
1043 46
1043 243
1044 689
1044 320
1045 880
1045 305
1046 342
1046 72
1047 302
1047 408
1048 586
1048 84
1049 7
1049 476
1050 197
1050 802
1051 308
1051 165
1052 80
1052 53
1053 384
1053 26
1054 83
1054 586
1055 209
1055 421
1056 59
1056 398
1057 493
1057 386
1058 153
1058 829
1059 31
1059 150
1060 418
1060 448
1061 186
1061 59
1061 41
1061 380
1061 140
1061 662
1061 518
1061 401
1061 143
1061 593
1062 13
1062 468
1063 170
1063 32
1064 397
1064 391
1065 38
1065 124
1066 531
1066 23
1067 206
1067 44
1068 384
1068 427
1069 353
1069 117
1070 92
1070 95
1071 397
1071 59
1072 173
1072 421
1073 324
1073 519
1074 168
1074 271
1075 155
1075 842
1076 412
1076 848
1077 179
1077 237
1078 168
1078 360
1079 179
1079 83
1080 633
1080 386
1081 615
1081 384
1082 102
1082 74
1083 541
1083 134
1084 216
1084 560
1085 10
1085 567
1086 264
1086 575
1087 461
1087 97
1088 302
1088 478
1089 43
1089 8
1090 408
1090 404
1091 203
1091 586
1092 697
1092 391
1093 989
1093 358
1094 140
1094 77
1095 540
1095 68
1096 401
1096 305
1097 373
1097 87
1098 317
1098 58
1099 558
1099 137
1099 51
1099 58
1099 305
1099 360
1099 324
1099 87
1099 333
1099 26
1100 556
1100 119
1101 989
1101 357
1102 593
1102 368
1103 382
1103 531
1104 806
1104 391
1105 113
1105 2
1106 69
1106 622
1107 584
1107 668
1108 357
1108 49
1109 258
1109 143
1110 46
1110 418
1111 689
1111 308
1112 593
1112 524
1113 324
1113 622
1114 7
1114 44
1115 285
1115 342
1116 416
1116 270
1117 248
1117 336
1118 478
1118 408
1119 593
1119 87
1120 206
1120 93
1121 158
1121 114
1122 188
1122 163
1123 56
1123 292
1124 80
1124 389
1125 556
1125 105
1126 461
1126 117
1127 108
1127 103
1127 17
1127 132
1127 294
1127 418
1127 63
1127 113
1127 20
1127 842
1128 351
1128 106
1129 211
1129 43
1130 335
1130 829
1131 198
1131 143
1132 313
1132 270
1133 423
1133 842
1134 13
1134 682
1135 111
1135 72
1136 171
1136 137
1137 351
1137 493
1138 351
1138 404
1139 697
1139 59
1140 80
1140 789
1141 44
1141 95
1142 206
1142 375
1143 326
1143 511
1144 540
1144 519
1145 13
1145 261
1146 622
1146 114
1147 353
1147 116
1148 420
1148 646
1149 276
1149 92
1150 182
1150 217
1151 76
1151 160
1152 134
1152 68
1153 11
1153 431
1154 176
1154 455
1155 357
1155 531
1156 121
1156 373
1157 462
1157 668
1158 121
1158 297
1159 197
1159 292
1160 336
1160 35
1161 457
1161 806
1161 379
1161 394
1161 170
1161 135
1161 295
1161 109
1161 131
1161 578
1162 558
1162 467
1163 197
1163 38
1164 848
1164 224
1165 593
1165 86
1166 324
1166 518
1167 682
1167 262
1168 37
1168 578
1169 335
1169 265
1170 294
1170 416
1171 4
1171 61
1172 646
1172 370
1173 156
1173 59
1174 593
1174 373
1175 475
1175 789
1176 116
1176 536
1177 239
1177 418
1178 326
1178 347
1179 697
1179 156
1180 697
1180 842
1181 46
1181 305
1182 423
1182 155
1183 119
1183 386
1184 109
1184 77
1185 179
1185 203
1186 294
1186 271
1187 113
1187 69
1188 713
1188 25
1189 802
1189 338
1190 198
1190 292
1191 71
1191 217
1192 170
1192 137
1193 615
1193 26
1194 66
1194 416
1195 478
1195 176
1196 689
1196 41
1197 28
1197 560
1198 478
1198 556
1199 11
1199 308
1200 11
1200 333
1201 194
1201 271
1202 8
1202 93
1203 223
1203 848
1204 398
1204 806
1205 397
1205 317
1206 150
1206 278
1207 129
1207 63
1208 68
1208 622
1209 132
1209 322
1210 349
1210 183
1211 285
1211 111
1212 285
1212 71
1213 682
1213 141
1214 63
1214 165
1215 224
1215 347
1216 198
1216 38
1217 152
1217 35
1218 335
1218 35
1219 232
1219 586
1220 556
1220 633
1221 223
1221 636
1222 295
1222 168
1223 22
1223 599
1224 662
1224 491
1225 651
1225 237
1226 349
1226 217
1227 80
1227 584
1228 46
1228 304
1229 248
1229 152
1230 58
1230 806
1231 34
1231 249
1232 599
1232 330
1233 802
1233 578
1234 477
1234 228
1235 261
1235 682
1236 848
1236 500
1237 570
1237 380
1238 511
1238 412
1239 203
1239 299
1240 646
1240 174
1241 462
1241 53
1242 842
1242 318
1243 13
1243 109
1244 340
1244 462
1245 421
1245 61
1245 336
1245 342
1245 584
1245 92
1245 628
1245 83
1245 227
1245 98
1246 246
1246 315
1247 363
1247 355
1248 463
1248 204
1249 31
1249 16
1250 342
1250 29
1251 44
1251 251
1252 255
1252 251
1253 121
1253 192
1254 340
1254 440
1255 155
1255 318
1256 535
1256 98
1257 569
1257 74
1258 87
1258 524
1259 156
1259 318
1260 65
1260 168
1261 180
1261 213
1262 92
1262 375
1263 453
1263 190
1264 129
1264 308
1265 165
1265 431
1266 382
1266 61
1267 412
1267 636
1268 453
1268 162
1269 380
1269 26
1270 49
1270 358
1271 391
1271 318
1272 535
1272 315
1273 150
1273 32
1274 556
1274 408
1275 7
1275 95
1276 239
1276 395
1277 342
1277 182
1278 560
1278 72
1279 43
1279 255
1280 435
1280 448
1281 207
1281 95
1282 209
1282 174
1283 540
1283 113
1284 149
1284 17
1285 137
1285 149
1286 509
1286 165
1287 11
1287 63
1288 264
1288 829
1289 43
1289 375
1290 556
1290 386
1291 129
1291 333
1292 179
1292 300
1293 420
1293 370
1294 480
1294 223
1295 140
1295 468
1296 35
1296 829
1297 203
1297 300
1298 541
1298 519
1299 418
1299 880
1300 382
1300 331
1301 19
1301 802
1302 153
1302 35
1303 126
1303 58
1304 173
1304 586
1304 302
1304 35
1304 375
1304 789
1304 412
1304 28
1304 330
1304 117
1305 353
1305 703
1306 253
1306 163
1307 599
1307 5
1308 463
1308 300
1309 310
1309 297
1310 312
1310 186
1311 440
1311 668
1312 61
1312 23
1313 264
1313 153
1314 476
1314 251
1315 65
1315 294
1316 421
1316 425
1317 76
1317 108
1318 134
1318 519
1319 138
1319 278
1320 491
1320 201
1321 338
1321 124
1322 368
1322 322
1323 462
1323 89
1324 170
1324 138
1325 357
1325 330
1326 152
1326 335
1327 155
1327 398
1328 190
1328 163
1329 560
1329 217
1330 351
1330 628
1331 569
1331 102
1332 180
1332 204
1333 349
1333 111
1334 223
1334 412
1335 209
1335 370
1336 294
1336 185
1337 662
1337 32
1338 615
1338 570
1339 53
1339 389
1340 43
1340 251
1341 236
1341 204
1342 294
1342 66
1343 336
1343 153
1344 370
1344 174
1345 22
1345 814
1346 20
1346 338
1347 248
1347 268
1348 397
1348 58
1349 207
1349 375
1350 349
1350 355
1351 135
1351 622
1352 368
1352 87
1353 150
1353 138
1354 814
1354 330
1355 92
1355 44
1356 541
1356 518
1357 394
1357 304
1358 31
1358 201
1359 66
1359 186
1360 76
1360 261
1361 320
1361 63
1362 453
1362 421
1363 511
1363 500
1364 197
1364 578
1365 182
1365 363
1366 304
1366 880
1367 116
1367 146
1368 599
1368 358
1369 131
1369 192
1370 149
1370 278
1371 211
1371 7
1372 38
1372 292
1373 308
1373 320
1374 68
1374 114
1375 463
1375 651
1376 689
1376 63
1377 342
1377 560
1378 2
1378 114
1379 423
1379 806
1380 149
1380 16
1381 97
1381 353
1382 69
1382 2
1383 285
1383 182
1384 324
1384 2
1385 232
1385 299
1386 38
1386 143
1387 511
1387 224
1388 65
1388 360
1389 49
1389 331
1390 370
1390 429
1391 578
1391 338
1392 467
1392 141
1393 51
1393 124
1394 49
1394 531
1395 307
1395 41
1396 13
1396 262
1397 346
1397 224
1398 368
1398 192
1399 353
1399 536
1400 322
1400 287
1401 477
1401 636
1402 216
1402 111
1403 814
1403 61
1404 135
1404 114
1405 457
1405 333
1406 29
1406 72
1407 236
1407 83
1408 131
1408 122
1409 304
1409 401
1410 395
1410 435
1411 540
1411 69
1412 713
1412 379
1413 190
1413 421
1414 475
1414 90
1415 239
1415 394
1416 223
1416 438
1417 4
1417 23
1418 328
1418 264
1419 261
1419 467
1420 28
1420 72
1421 117
1421 703
1422 28
1422 183
1423 38
1423 578
1424 814
1424 989
1425 478
1425 455
1426 541
1426 324
1427 109
1427 262
1428 167
1428 186
1429 394
1429 243
1430 476
1430 8
1431 480
1431 636
1432 149
1432 32
1433 13
1433 77
1434 117
1434 98
1435 438
1435 347
1436 262
1436 160
1437 467
1437 108
1438 328
1438 153
1439 108
1439 141
1440 71
1440 182
1441 22
1441 330
1442 355
1442 29
1443 237
1443 84
1444 132
1444 297
1445 435
1445 242
1446 150
1446 491
1447 108
1447 262
1448 248
1448 265
1449 163
1449 425
1450 190
1450 174
1451 989
1451 599
1452 206
1452 255
1453 98
1453 146
1454 697
1454 318
1455 575
1455 265
1456 703
1456 146
1457 556
1457 351
1458 420
1458 425
1459 569
1459 615
1460 333
1460 567
1461 264
1461 152
1462 11
1462 457
1463 476
1463 375
1464 491
1464 138
1465 129
1465 307
1466 453
1466 209
1467 105
1467 408
1468 35
1468 268
1469 353
1469 147
1470 541
1470 68
1471 211
1471 375
1472 468
1472 141
1473 423
1473 126
1474 204
1474 213
1475 446
1475 536
1476 446
1476 116
1477 16
1477 32
1478 22
1478 4
1479 61
1479 531
1480 200
1480 32
1481 54
1481 440
1482 476
1482 44
1483 76
1483 467
1484 518
1484 158
1485 140
1485 109
1486 276
1486 207
1487 185
1487 416
1488 540
1488 114
1489 395
1489 304
1490 163
1490 429
1491 43
1491 92
1492 97
1492 116
1493 179
1493 463
1494 802
1494 143
1495 100
1495 53
1496 457
1496 63
1497 262
1497 141
1498 170
1498 200
1499 382
1499 330
1500 138
1500 17
1501 802
1501 258
1502 25
1502 74
1503 176
1503 106
1504 4
1504 358
1505 541
1505 158
1506 141
1506 160
1507 108
1507 77
1508 435
1508 47
1509 1
1509 69
1510 500
1510 224
1511 71
1511 560
1512 176
1512 493
1513 320
1513 567
1514 41
1514 320
1515 535
1515 146
1516 46
1516 435
1517 333
1517 431
1518 66
1518 271
1519 304
1519 47
1520 97
1520 147
1521 570
1521 26
1522 90
1522 584
1523 163
1523 174
1524 176
1524 404
1525 519
1525 114
1526 353
1526 98
1527 234
1527 536
1528 382
1528 4
1529 475
1529 389
1530 224
1530 477
1531 211
1531 476
1532 232
1532 204
1533 264
1533 34
1534 453
1534 163
1535 261
1535 109
1536 477
1536 347
1537 448
1537 243
1538 615
1538 102
1539 170
1539 150
1540 131
1540 297
1541 406
1541 569
1542 338
1542 292
1543 92
1543 255
1544 480
1544 500
1545 56
1545 124
1546 207
1546 251
1547 127
1547 318
1548 389
1548 440
1549 227
1549 347
1550 421
1550 188
1551 186
1551 271
1552 103
1552 427
1553 20
1553 292
1554 305
1554 242
1555 504
1555 304
1556 518
1556 135
1557 789
1557 668
1558 153
1558 265
1559 570
1559 74
1560 461
1560 246
1561 126
1561 318
1562 304
1562 243
1563 152
1563 268
1564 192
1564 87
1565 90
1565 789
1566 253
1566 370
1567 324
1567 69
1568 185
1568 360
1569 197
1569 19
1570 43
1570 476
1571 216
1571 285
1572 239
1572 304
1573 80
1573 440
1574 662
1574 17
1575 599
1575 49
1576 463
1576 213
1577 111
1577 183
1578 713
1578 427
1579 480
1579 228
1580 31
1580 278
1581 92
1581 476
1582 310
1582 131
1583 697
1583 127
1584 333
1584 308
1585 500
1585 477
1586 504
1586 305
1587 72
1587 300
1587 331
1587 446
1587 500
1587 44
1587 420
1587 575
1587 440
1587 176
1588 149
1588 201
1589 97
1589 234
1590 246
1590 146
1591 842
1591 398
1592 418
1592 47
1593 446
1593 147
1594 351
1594 455
1595 297
1595 524
1596 628
1596 386
1597 540
1597 158
1598 140
1598 261
1599 86
1599 368
1600 312
1600 270
1601 31
1601 149
1602 4
1602 331
1603 239
1603 880
1604 446
1604 146
1605 302
1605 455
1606 197
1606 20
1607 989
1607 330
1608 438
1608 636
1609 394
1609 47
1610 216
1610 342
1611 500
1611 347
1612 317
1612 127
1613 262
1613 77
1614 51
1614 38
1615 326
1615 480
1616 186
1616 270
1617 295
1617 186
1618 615
1618 553
1619 119
1619 633
1620 192
1620 524
1621 51
1621 338
1622 26
1622 427
1623 651
1623 586
1624 223
1624 477
1625 802
1625 56
1626 989
1626 4
1627 305
1627 47
1628 188
1628 174
1629 420
1629 190
1630 421
1630 253
1631 23
1631 331
1632 569
1632 380
1633 51
1633 20
1634 340
1634 54
1635 575
1635 268
1636 558
1636 77
1637 168
1637 270
1638 276
1638 44
1639 129
1639 431
1640 553
1640 74
1641 379
1641 553
1642 475
1642 54
1643 703
1643 536
1644 170
1644 201
1645 227
1645 224
1646 17
1646 32
1647 448
1647 242
1648 462
1648 789
1649 56
1649 20
1650 358
1650 23
1651 480
1651 848
1652 336
1652 265
1653 153
1653 268
1654 49
1654 23
1655 457
1655 165
1656 368
1656 373
1657 536
1657 98
1658 38
1658 338
1659 423
1659 156
1660 989
1660 23
1661 211
1661 251
1662 379
1662 26
1663 689
1663 567
1664 65
1664 167
1665 380
1665 427
1666 17
1666 201
1667 633
1667 628
1668 188
1668 425
1669 43
1669 93
1670 276
1670 476
1671 129
1671 457
1672 270
1672 360
1673 457
1673 41
1674 1
1674 141
1674 16
1674 86
1674 167
1674 317
1674 615
1674 880
1674 124
1674 307
1675 262
1675 14
1676 789
1676 440
1677 197
1677 124
1678 10
1678 63
1679 230
1679 336
1680 462
1680 54
1681 197
1681 570
1681 682
1681 194
1681 126
1681 540
1681 320
1681 297
1681 47
1681 138
1682 398
1682 318
1683 100
1683 89
1684 310
1684 524
1685 135
1685 519
1686 463
1686 83
1687 140
1687 262
1688 328
1688 336
1689 491
1689 16
1690 103
1690 380
1691 105
1691 404
1692 180
1692 236
1693 615
1693 103
1694 491
1694 17
1695 418
1695 435
1696 373
1696 524
1697 389
1697 90
1698 137
1698 17
1699 194
1699 360
1700 211
1700 207
1701 140
1701 682
1702 19
1702 143
1703 328
1703 335
1704 213
1704 84
1705 324
1705 114
1706 234
1706 98
1707 312
1707 167
1708 216
1708 72
1709 455
1709 633
1710 615
1710 74
1711 468
1711 77
1712 468
1712 108
1713 438
1713 500
1714 320
1714 431
1715 10
1715 333
1716 87
1716 322
1717 435
1717 880
1718 480
1718 227
1719 553
1719 570
1720 448
1720 47
1721 646
1721 190
1722 463
1722 237
1723 285
1723 183
1724 113
1724 135
1725 216
1725 363
1726 124
1726 292
1727 379
1727 25
1728 268
1728 829
1729 475
1729 89
1730 511
1730 228
1731 401
1731 47
1732 541
1732 69
1733 255
1733 207
1734 575
1734 249
1735 90
1735 81
1736 446
1736 246
1737 412
1737 227
1738 340
1738 789
1739 170
1739 17
1740 475
1740 584
1741 152
1741 829
1742 313
1742 295
1743 703
1743 147
1744 379
1744 74
1745 239
1745 242
1746 541
1746 2
1747 336
1747 268
1748 132
1748 192
1749 56
1749 51
1750 180
1750 203
1751 76
1751 682
1752 326
1752 477
1753 236
1753 586
1754 53
1754 668
1755 155
1755 126
1756 185
1756 66
1757 553
1757 102
1758 68
1758 113
1759 395
1759 880
1760 326
1760 346
1761 404
1761 633
1762 453
1762 253
1763 4
1763 330
1764 37
1764 338
1765 478
1765 351
1766 697
1766 806
1767 368
1767 131
1768 324
1768 134
1769 509
1769 41
1770 560
1770 111
1771 261
1771 108
1772 19
1772 37
1773 132
1773 524
1774 989
1774 331
1775 167
1775 295
1776 570
1776 427
1777 255
1777 7
1778 420
1778 209
1779 14
1779 141
1780 302
1780 493
1781 68
1781 135
1782 162
1782 253
1783 651
1783 300
1784 97
1784 446
1785 132
1785 122
1786 162
1786 190
1787 295
1787 416
1788 446
1788 703
1789 156
1789 806
1790 7
1790 207
1791 342
1791 111
1792 105
1792 628
1793 227
1793 477
1794 264
1794 248
1795 384
1795 25
1796 134
1796 1
1797 234
1797 146
1798 162
1798 429
1799 10
1799 308
1800 373
1800 131
1801 475
1801 53
1802 53
1802 584
1803 662
1803 171
1804 307
1804 11
1805 76
1805 262
1806 420
1806 163
1807 416
1807 194
1808 56
1808 338
1809 814
1809 5
1810 328
1810 268
1811 108
1811 682
1812 500
1812 227
1813 384
1813 380
1814 278
1814 16
1815 69
1815 519
1816 1
1816 114
1817 535
1817 446
1818 315
1818 353
1819 185
1819 168
1820 103
1820 74
1821 285
1821 349
1822 556
1822 455
1823 302
1823 105
1824 138
1824 16
1825 438
1825 848
1826 467
1826 160
1827 276
1827 375
1828 440
1828 81
1829 312
1829 194
1830 394
1830 418
1831 117
1831 536
1832 646
1832 421
1833 328
1833 829
1834 475
1834 440
1835 446
1835 117
1836 408
1836 633
1837 317
1837 398
1838 457
1838 320
1839 65
1839 270
1840 593
1840 310
1841 89
1841 584
1842 236
1842 300
1843 162
1843 421
1844 105
1844 119
1845 258
1845 292
1846 153
1846 575
1847 265
1847 35
1848 446
1848 315
1849 14
1849 77
1850 814
1850 4
1851 31
1851 170
1852 14
1852 160
1853 662
1853 16
1854 239
1854 305
1855 180
1855 299
1856 651
1856 232
1857 22
1857 61
1858 63
1858 567
1859 246
1859 116
1860 453
1860 370
1861 480
1861 346
1862 253
1862 429
1863 312
1863 168
1864 204
1864 586
1865 463
1865 299
1866 41
1866 567
1867 211
1867 8
1868 28
1868 182
1869 80
1869 89
1870 457
1870 567
1871 131
1871 524
1872 46
1872 880
1873 292
1873 578
1874 165
1874 567
1875 380
1875 74
1876 113
1876 519
1877 278
1877 32
1878 713
1878 384
1879 509
1879 567
1880 223
1880 326
1881 333
1881 63
1882 216
1882 349
1883 375
1883 93
1884 651
1884 236
1885 261
1885 141
1886 382
1886 814
1887 129
1887 278
1887 397
1887 262
1887 2
1887 287
1887 416
1887 448
1887 292
1887 74
1888 478
1888 386
1889 467
1889 77
1890 842
1890 391
1891 186
1891 168
1892 315
1892 98
1893 76
1893 141
1894 662
1894 278
1895 313
1895 167
1896 519
1896 2
1897 265
1897 249
1898 418
1898 305
1899 310
1899 87
1900 216
1900 28
1901 11
1901 509
1902 246
1902 117
1903 421
1903 174
1904 22
1904 989
1905 223
1905 511
1906 71
1906 363
1907 363
1907 29
1908 126
1908 59
1909 149
1909 491
1910 540
1910 134
1911 814
1911 49
1912 570
1912 25
1913 41
1913 165
1914 261
1914 160
1915 535
1915 246
1916 150
1916 200
1917 461
1917 234
1918 313
1918 271
1919 394
1919 401
1920 180
1920 84
1921 162
1921 209
1922 10
1922 457
1923 395
1923 243
1924 599
1924 531
1925 216
1925 355
1926 209
1926 163
1927 37
1927 292
1928 500
1928 636
1929 53
1929 90
1930 200
1930 278
1931 989
1931 5
1932 646
1932 425
1933 116
1933 703
1934 315
1934 146
1935 65
1935 186
1936 423
1936 58
1937 248
1937 335
1938 294
1938 168
1939 8
1939 44
1940 389
1940 789
1941 182
1941 29
1942 802
1942 37
1943 553
1943 25
1944 556
1944 176
1945 475
1945 81
1946 622
1946 2
1947 457
1947 431
1948 158
1948 38
1948 567
1948 384
1948 304
1948 398
1948 171
1948 468
1948 270
1948 322
1949 209
1949 425
1950 558
1950 14
1951 46
1951 242
1952 264
1952 268
1953 230
1953 575
1954 802
1954 198
1955 129
1955 320
1956 209
1956 190
1957 190
1957 429
1958 423
1958 59
1959 131
1959 287
1960 842
1960 806
1961 317
1961 806
1962 34
1962 829
1963 71
1963 349
1964 397
1964 697
1965 569
1965 103
1966 848
1966 347
1967 493
1967 119
1968 230
1968 153
1969 541
1969 114
1970 56
1970 38
1971 32
1971 201
1972 315
1972 703
1973 20
1973 258
1974 511
1974 438
1975 509
1975 308
1976 198
1976 37
1977 31
1977 662
1978 305
1978 243
1979 86
1979 322
1980 155
1980 127
1981 467
1981 682
1982 310
1982 373
1983 593
1983 192
1984 373
1984 192
1985 307
1985 333
1986 265
1986 829
1987 412
1987 228
1988 190
1988 425
1989 304
1989 242
1990 162
1990 173
1991 848
1991 228
1992 285
1992 355
1993 171
1993 150
1994 179
1994 236
1995 69
1995 158
1996 183
1996 217
1997 167
1997 294
1998 121
1998 524
1999 28
1999 355
2000 294
2000 270
2001 842
2001 126
2002 20
2002 143
2003 880
2003 47
2004 105
2004 633
2005 829
2005 249
2006 19
2006 578
2007 80
2007 668
2008 317
2008 59
2009 509
2009 333
2010 420
2010 174
2011 713
2011 380
2012 135
2012 2
2013 427
2013 74
2014 336
2014 575
2015 76
2015 140
2016 615
2016 25
2017 87
2017 122
2018 302
2018 628
2019 230
2019 253
2019 105
2019 182
2019 536
2019 100
2019 511
2019 531
2019 651
2019 93
2020 117
2020 146
2021 155
2021 806
2022 335
2022 575
2023 320
2023 165
2024 141
2024 77
2025 137
2025 201
2026 406
2026 384
2027 363
2027 217
2028 491
2028 200
2029 540
2029 324
2030 255
2030 476
2031 121
2031 287
2032 384
2032 74
2033 22
2033 331
2034 255
2034 93
2035 299
2035 237
2036 438
2036 224
2037 373
2037 10
2037 69
2037 697
2037 713
2037 66
2037 150
2037 802
2037 395
2037 160
2038 599
2038 61
2039 397
2039 318
2040 558
2040 468
2041 129
2041 567
2042 349
2042 363
2043 646
2043 97
2043 814
2043 95
2043 480
2043 204
2043 829
2043 285
2043 89
2043 106
2044 227
2044 848
2045 232
2045 84
2046 121
2046 132
2047 651
2047 213
2048 90
2048 668
2049 176
2049 408
2050 541
2050 1
2051 7
2051 93
2052 355
2052 183
2053 113
2053 1
2054 65
2054 194
2055 4
2055 49
2056 89
2056 668
2057 213
2057 237
2058 168
2058 194
2059 129
2059 165
2060 86
2060 373
2061 351
2061 119
2062 558
2062 76
2063 569
2063 427
2064 347
2064 228
2065 349
2065 28
2066 209
2066 429
2067 504
2067 243
2068 423
2068 391
2069 475
2069 340
2070 137
2070 16
2071 248
2071 35
2072 58
2072 318
2073 119
2073 455
2074 504
2074 47
2075 179
2075 84
2076 689
2076 457
2077 97
2077 146
2078 313
2078 168
2079 518
2079 2
2080 100
2080 789
2081 379
2081 569
2082 357
2082 23
2083 253
2083 188
2084 41
2084 333
2085 397
2085 126
2086 276
2086 93
2087 401
2087 880
2088 152
2088 34
2089 262
2089 468
2090 186
2090 194
2091 379
2091 570
2092 223
2092 500
2093 248
2093 829
2094 310
2094 368
2095 310
2095 86
2096 500
2096 228
2097 138
2097 32
2098 689
2098 431
2099 593
2099 297
2100 126
2100 391
2101 662
2101 200
2102 66
2102 270
2103 121
2103 322
2104 203
2104 213
2105 535
2105 116
2106 463
2106 203
2107 382
2107 599
2108 109
2108 467
2109 116
2109 315
2110 570
2110 102
2111 7
2111 375
2112 615
2112 380
2113 335
2113 249
2114 7
2114 251
2115 19
2115 689
2115 467
2115 391
2115 122
2115 406
2115 46
2115 32
2115 312
2115 114
2116 462
2116 389
2117 43
2117 207
2118 540
2118 622
2119 330
2119 49
2120 46
2120 394
2121 100
2121 462
2122 535
2122 703
2123 406
2123 74
2124 509
2124 63
2125 11
2125 567
2126 285
2126 217
2127 511
2127 636
2128 190
2128 173
2129 682
2129 14
2130 97
2130 536
2131 346
2131 636
2132 299
2132 213
2133 37
2133 258
2134 599
2134 331
2135 493
2135 633
2136 127
2136 391
2137 47
2137 243
2138 535
2138 117
2139 560
2139 29
2140 242
2140 47
2141 509
2141 320
2142 689
2142 307
2143 340
2143 584
2144 216
2144 183
2145 258
2145 124
2146 46
2146 395
2147 129
2147 689
2148 541
2148 113
2149 92
2149 8
2150 80
2150 462
2151 5
2151 531
2152 22
2152 389
2152 386
2152 328
2152 71
2152 370
2152 146
2152 206
2152 84
2152 438
2153 662
2153 149
2154 76
2154 109
2155 162
2155 646
2156 593
2156 131
2157 713
2157 615
2158 239
2158 448
2159 239
2159 2160
2159 435
2161 264
2161 35
2162 86
2162 287
2163 328
2163 265
2164 491
2164 278
2165 131
2165 87
2166 461
2166 98
2167 285
2167 72
2168 802
2168 38
2169 463
2169 586
2170 285
2170 29
2171 200
2171 16
2172 328
2172 34
2173 234
2173 703
2174 230
2174 829
2175 310
2175 132
2176 326
2176 438
2177 299
2177 586
2178 285
2178 560
2179 312
2179 360
2180 713
2180 103
2181 299
2181 204
2182 113
2182 622
2183 71
2183 111
2184 71
2184 29
2185 216
2185 182
2186 478
2186 493
2187 689
2187 333
2188 170
2188 149
2189 109
2189 160
2190 461
2190 315
2191 156
2191 398
2192 22
2192 358
2193 418
2193 304
2194 307
2194 10
2195 126
2195 156
2196 357
2196 61
2197 476
2197 95
2198 297
2198 287
2199 204
2199 237
2200 570
2200 103
2201 814
2201 531
2202 842
2202 59
2203 179
2203 299
2204 509
2204 431
2205 234
2205 315
2206 89
2206 53
2207 368
2207 122
2208 646
2208 188
2209 536
2209 147
2210 455
2210 386
2211 462
2211 584
2212 814
2212 358
2213 232
2213 236
2214 553
2214 384
2215 480
2215 347
2216 379
2216 103
2217 373
2217 297
2218 54
2218 81
2219 297
2219 122
2220 19
2220 56
2221 842
2221 58
2222 155
2222 317
2223 806
2223 318
2224 446
2224 353
2225 167
2225 416
2226 511
2226 227
2227 200
2227 17
2228 307
2228 165
2229 307
2229 63
2230 335
2230 153
2231 593
2231 132
2232 22
2232 531
2233 504
2233 448
2234 86
2234 524
2235 406
2235 553
2236 46
2236 448
2237 317
2237 126
2238 300
2238 586
2239 152
2239 265
2240 313
2240 66
2241 287
2241 122
2242 155
2242 59
2243 406
2243 427
2244 324
2244 135
2245 304
2245 435
2246 989
2246 49
2247 206
2247 8
2248 132
2248 87
2249 29
2249 217
2250 180
2250 300
2251 264
2251 335
2252 76
2252 468
2253 697
2253 126
2254 462
2254 440
2255 230
2255 268
2256 328
2256 575
2257 302
2257 106
2258 394
2258 435
2259 842
2259 127
2260 186
2260 416
2261 540
2261 2
2262 111
2262 217
2263 131
2263 322
2264 31
2264 200
2265 394
2265 504
2266 493
2266 106
2267 420
2267 188
2268 209
2268 173
2269 68
2269 158
2270 19
2270 292
2271 397
2271 127
2272 97
2272 246
2273 170
2273 662
2274 504
2274 242
2275 382
2275 22
2276 167
2276 360
2277 389
2277 584
2278 420
2278 173
2279 137
2279 200
2280 119
2280 408
2281 463
2281 236
2282 127
2282 398
2283 236
2283 84
2284 258
2284 338
2285 300
2285 237
2286 302
2286 119
2287 689
2287 165
2288 51
2288 578
2289 176
2289 633
2290 22
2290 49
2291 346
2291 848
2292 335
2292 230
2293 615
2293 427
2294 636
2294 228
2295 340
2295 53
2296 842
2296 317
2297 453
2297 188
2298 418
2298 401
2299 153
2299 249
2300 317
2300 391
2301 51
2301 292
2302 989
2302 531
2303 599
2303 357
2304 213
2304 586
2305 204
2305 300
2306 310
2306 121
2307 397
2307 806
2308 295
2308 271
2309 100
2309 668
2310 569
2310 26
2311 531
2311 331
2312 31
2312 171
2313 467
2313 262
2314 697
2314 398
2315 230
2315 265
2316 237
2316 83
2317 636
2317 224
2318 111
2318 355
2319 382
2319 23
2320 59
2320 318
2321 848
2321 477
2322 416
2322 360
2323 802
2323 20
2324 462
2324 90
2325 121
2325 31
2325 155
2325 308
2325 243
2325 37
2325 427
2325 134
2325 14
2325 271
2326 162
2326 174
2327 397
2327 842
2328 135
2328 158
2329 789
2329 584
2330 116
2330 98
2331 121
2331 131
2332 156
2332 58
2333 535
2333 353
2334 299
2334 236
2335 171
2335 149
2336 176
2336 386
2337 206
2337 251
2338 246
2338 98
2339 310
2339 322
2340 814
2340 357
2341 171
2341 491
2342 593
2342 122
2343 363
2343 183
2344 179
2344 232
2345 182
2345 72
2346 234
2346 446
2347 276
2347 43
2348 223
2348 346
2349 397
2349 156
2350 68
2350 518
2351 80
2351 54
2352 313
2352 416
2353 412
2353 346
2354 37
2354 51
2355 29
2355 183
2356 211
2356 206
2357 248
2357 34
2358 461
2358 147
2359 65
2359 312
2360 662
2360 201
2361 232
2361 237
2362 171
2362 17
2363 34
2363 575
2364 335
2364 34
2365 261
2365 14
2366 313
2366 194
2367 461
2367 146
2368 313
2368 185
2369 394
2369 880
2370 20
2370 38
2371 300
2371 83
2372 53
2372 789
2373 558
2373 140
2374 558
2374 261
2375 330
2375 358
2376 420
2376 162
2377 38
2377 258
2378 185
2378 271
2379 421
2379 163
2380 98
2380 147
2381 493
2381 408
2382 558
2382 108
2383 58
2383 391
2384 312
2384 416
2385 308
2385 431
2386 248
2386 230
2387 203
2387 207
2387 848
2387 34
2387 216
2387 163
2387 668
2387 989
2387 351
2387 703
2388 13
2388 467
2389 34
2389 268
2390 682
2390 109
2391 340
2391 89
2392 182
2392 560
2393 46
2393 401
2394 111
2394 363
2395 31
2395 138
2396 423
2396 318
2397 150
2397 16
2398 478
2398 106
2399 171
2399 138
2400 511
2400 848
2401 89
2401 789
2402 126
2402 806
2403 29
2403 111
2404 453
2404 646
2405 560
2405 355
2406 317
2406 156
2407 540
2407 518
2408 59
2408 391
2409 373
2409 132
2410 276
2410 211
2411 90
2411 440
2412 478
2412 404
2413 170
2413 278
2414 71
2414 183
2415 382
2415 989
2416 553
2416 26
2417 302
2417 633
2418 480
2418 511
2419 134
2419 69
2420 420
2420 453
2421 197
2421 56
2422 519
2422 158
2423 662
2423 138
2424 578
2424 143
2425 59
2425 806
2426 491
2426 127
2426 68
2426 102
2426 368
2426 509
2426 258
2426 242
2426 77
2426 65
2427 264
2427 336
2428 802
2428 292
2429 129
2429 41
2430 349
2430 29
