471 503
0 1
2 3
4 5
3 6
7 8
9 10
11 12
13 3
14 15
16 17
18 19
20 21
22 23
9 24
25 20
26 27
28 29
30 31
27 32
33 34
35 36
37 12
38 39
40 27
41 42
3 43
44 45
46 3
47 48
49 50
9 51
52 53
9 40
54 55
56 57
58 59
60 3
61 62
63 64
65 3
3 66
67 68
69 70
17 71
72 73
74 27
75 76
77 78
79 80
39 81
82 83
84 85
86 87
9 88
3 89
90 57
0 27
91 81
92 93
94 95
96 97
98 99
61 100
101 102
103 104
105 27
106 107
108 109
75 27
110 55
9 111
112 27
22 113
9 114
115 116
58 10
117 118
27 119
107 64
65 35
9 120
121 122
123 59
124 3
125 126
127 117
20 128
129 3
130 131
50 132
133 134
135 12
20 136
20 12
137 138
44 139
140 141
142 143
9 144
85 145
3 85
146 147
3 122
148 149
30 150
151 53
152 3
153 68
154 141
3 155
156 157
158 159
39 62
27 160
140 161
140 67
162 5
27 163
17 164
165 27
140 166
167 168
169 170
171 172
20 173
69 174
175 57
117 76
176 177
178 12
179 81
9 22
76 5
33 20
180 67
3 181
182 183
184 9
185 186
105 3
17 187
188 189
190 12
38 191
192 193
9 194
121 107
195 20
58 196
184 76
197 22
38 34
198 199
189 200
201 27
9 202
3 203
58 204
205 20
206 76
207 59
13 42
17 208
209 210
211 107
85 89
212 213
214 215
216 156
217 218
75 42
172 54
219 220
221 222
223 158
75 224
76 225
3 226
227 22
30 228
27 5
229 156
230 231
184 229
27 114
232 3
117 27
154 233
234 81
21 235
236 237
238 27
144 27
12 104
239 240
184 3
53 241
242 243
140 117
244 245
246 85
38 76
247 248
17 249
250 251
252 57
192 12
253 50
254 255
256 257
142 158
258 259
72 260
261 262
53 263
42 194
3 264
52 138
35 265
209 266
267 268
269 81
209 270
107 271
42 225
125 54
234 20
17 272
216 27
17 273
3 274
108 23
212 167
275 22
276 27
3 277
278 17
30 279
3 280
281 282
133 283
9 284
9 182
57 285
248 286
287 27
288 50
151 107
107 289
26 290
20 291
9 292
3 293
294 85
140 295
197 50
27 292
115 296
176 96
151 5
297 3
298 64
299 42
300 301
302 248
67 231
303 304
305 9
306 12
27 307
58 132
28 59
58 83
308 255
309 27
22 310
94 311
312 53
313 314
69 315
69 316
27 202
317 3
318 319
320 85
250 321
107 322
323 20
53 324
111 27
325 326
327 27
34 71
27 328
329 244
115 330
331 76
136 93
332 107
27 333
248 334
335 27
336 244
337 107
30 71
338 107
339 97
141 57
340 101
341 27
54 342
117 282
184 50
117 220
27 343
221 289
107 344
17 345
346 27
3 347
134 283
34 348
349 204
80 84
82 275
229 350
3 351
9 352
353 354
355 132
356 107
3 93
176 357
358 9
359 85
81 71
352 27
360 244
28 53
361 27
27 171
317 27
318 362
9 363
364 3
365 3
0 151
60 107
20 366
61 157
367 12
303 368
188 97
303 241
98 231
369 370
3 103
51 27
371 372
34 373
3 374
136 117
67 64
375 34
258 376
27 377
161 34
97 378
191 379
51 3
60 231
26 9
17 380
27 381
67 107
382 189
186 168
94 326
383 53
121 202
120 27
384 59
80 385
221 386
20 230
20 7
387 76
9 221
388 57
156 22
3 389
39 27
390 151
12 93
391 50
27 299
392 393
394 395
34 396
397 248
398 231
27 93
399 27
9 181
400 97
75 3
401 402
136 85
27 76
3 40
22 403
404 231
405 248
121 76
406 407
27 408
409 160
3 410
352 3
75 50
411 27
231 412
34 413
414 415
28 231
3 160
416 97
69 417
83 97
418 419
115 420
421 327
3 299
94 28
422 423
3 424
69 27
255 101
425 370
11 96
231 426
184 136
427 428
219 429
430 57
216 76
75 156
431 172
239 64
383 432
3 433
94 434
50 435
260 283
83 436
309 229
27 85
437 53
438 200
439 440
76 381
81 12
107 316
20 417
9 433
441 57
94 279
442 93
3 443
115 444
445 446
81 447
35 448
91 17
218 449
3 450
9 451
392 78
30 452
445 35
453 233
303 454
455 3
121 53
456 445
457 97
458 3
459 319
460 107
461 62
115 462
180 50
39 463
9 59
464 64
92 30
465 264
466 107
258 467
258 434
59 468
27 469
17 470
