5094 7515
0 1
2 3
4 5
6 7
8 9
10 11
12 13
14 15
16 17
18 19
20 21
22 23
24 25
26 27
28 29
30 31
32 33
34 35
36 37
38 39
40 41
42 43
44 45
46 47
48 49
50 51
52 53
54 55
56 57
58 59
60 61
62 63
64 65
66 50
60 67
68 69
70 71
72 73
74 38
75 76
77 78
79 80
81 82
83 84
70 85
86 87
88 89
90 91
92 93
94 95
96 97
98 99
100 101
102 103
104 105
106 107
108 109
110 111
112 113
114 115
116 117
118 119
120 121
64 122
123 124
125 126
127 128
100 129
130 131
132 133
134 135
136 137
138 139
140 43
141 142
143 144
145 146
147 148
149 150
151 152
153 154
155 156
157 158
159 160
47 161
162 163
164 72
165 14
166 167
168 145
169 170
171 172
173 174
175 176
27 177
83 178
179 180
26 181
182 183
184 185
186 187
188 189
190 191
192 145
110 193
194 195
196 110
197 31
198 199
200 201
186 202
203 204
205 206
207 208
209 210
100 211
212 213
214 215
216 97
217 218
143 219
220 221
222 223
148 135
224 225
226 227
228 229
230 231
232 7
233 234
235 236
16 237
238 215
60 239
240 97
30 241
150 242
30 243
244 127
245 246
247 248
249 250
251 69
160 252
253 254
255 256
257 258
259 260
261 262
263 264
265 266
267 169
268 269
270 271
272 273
274 275
276 277
158 278
279 280
63 281
141 282
81 283
284 285
100 286
287 137
288 231
289 64
290 291
292 293
294 110
295 296
109 297
298 299
300 256
249 301
302 303
304 189
305 3
306 26
75 307
308 45
309 310
184 311
312 5
236 313
175 314
315 7
316 56
317 318
173 319
7 320
102 321
218 322
222 323
55 324
248 325
226 326
327 328
329 330
331 332
333 334
335 336
283 337
338 191
295 339
340 341
342 343
30 344
55 345
346 19
347 124
348 349
350 351
352 55
353 354
355 356
357 247
358 359
184 360
361 362
333 363
364 359
365 366
367 368
127 369
263 370
145 371
7 372
59 169
373 374
375 376
110 377
378 379
380 381
382 383
384 385
386 387
5 388
389 390
391 392
126 393
394 395
79 396
397 398
399 400
166 401
389 402
403 259
96 404
405 236
406 407
408 387
409 410
207 100
411 412
413 83
414 415
416 417
418 419
420 421
422 86
423 424
425 426
427 253
428 193
429 236
430 431
184 432
64 433
434 435
361 436
437 438
439 38
440 441
442 93
443 444
445 50
253 446
447 448
331 449
447 282
450 451
24 193
452 11
197 223
453 260
454 455
151 456
265 457
458 459
460 461
226 200
462 280
102 463
110 464
465 79
466 467
466 468
469 30
257 197
282 470
194 355
165 143
367 471
455 472
274 473
474 475
476 477
212 478
409 182
479 480
481 5
482 280
483 484
375 485
486 50
86 487
488 99
489 383
490 391
245 491
249 492
400 493
494 495
496 497
295 498
499 500
459 501
11 502
503 277
504 358
505 154
314 506
32 179
424 507
508 163
509 336
385 510
360 271
511 137
47 400
333 512
100 513
514 163
515 516
58 317
517 99
9 518
519 520
26 521
407 522
430 523
361 524
525 191
526 100
105 303
143 527
528 529
530 531
532 393
16 533
534 535
536 43
348 537
177 538
204 539
184 540
188 111
541 430
60 542
175 543
544 86
545 546
547 548
404 549
367 550
79 551
552 553
554 555
391 493
556 158
340 557
9 558
559 560
561 562
563 99
564 176
565 277
409 566
24 567
568 569
570 571
572 359
573 9
574 575
249 243
309 576
126 317
12 577
24 578
579 290
580 581
582 55
583 538
23 25
391 584
585 383
76 586
166 587
77 588
589 539
303 590
385 591
297 592
593 594
595 461
30 596
127 597
598 215
599 555
600 424
131 113
601 91
280 602
391 603
24 604
282 605
26 606
607 256
387 608
421 609
610 611
612 43
613 614
615 616
333 617
618 411
434 619
249 620
621 622
409 528
398 623
560 624
625 268
626 154
627 55
628 629
55 630
631 632
348 633
634 635
110 143
416 636
444 637
638 5
639 640
628 641
642 303
75 643
644 645
610 646
647 97
648 497
265 538
442 163
355 447
229 649
249 650
461 651
154 652
653 654
32 263
496 560
391 655
248 656
657 658
659 660
44 421
661 519
662 663
447 389
459 664
134 665
526 51
143 666
667 200
171 668
669 670
220 671
672 91
673 253
674 231
330 675
676 628
177 677
678 137
679 680
681 682
683 684
195 47
109 150
685 686
112 635
150 687
688 555
689 690
691 253
229 692
120 233
693 430
188 694
695 124
696 145
450 697
698 197
24 699
700 701
700 702
703 43
704 705
226 706
79 389
340 707
708 117
709 499
683 710
711 712
570 713
226 714
385 715
716 717
718 719
720 499
721 484
722 330
58 282
297 723
724 379
134 725
726 5
253 499
205 727
728 461
195 729
730 731
282 80
138 732
720 43
331 733
734 735
299 736
679 419
737 738
7 739
179 740
131 741
145 742
132 743
744 745
669 400
746 215
224 27
658 747
748 366
445 749
340 750
751 220
752 43
194 753
610 754
755 154
91 756
52 757
758 759
184 760
16 597
761 762
184 763
764 32
765 287
766 767
768 769
770 236
218 771
772 447
773 774
586 775
776 504
226 777
778 107
79 779
381 780
781 309
466 782
783 784
785 383
768 786
787 788
789 790
791 43
792 461
282 793
340 794
52 795
290 160
282 796
151 797
798 7
799 744
800 801
389 802
166 803
719 804
283 805
806 236
218 807
309 808
226 809
810 811
812 61
305 173
789 813
43 814
282 815
280 816
161 817
818 819
820 100
821 322
822 393
823 824
825 528
77 826
827 828
204 829
830 555
831 447
832 513
833 5
834 426
709 720
835 43
762 337
836 163
528 837
547 838
60 839
840 841
375 196
339 842
843 171
844 845
519 846
757 186
69 847
158 848
849 560
297 4
850 575
851 852
513 853
854 24
855 421
856 857
165 858
249 859
860 231
861 862
863 654
864 562
79 865
856 866
867 868
869 528
870 393
871 872
873 821
560 874
875 615
550 876
204 877
878 117
879 553
880 555
881 882
88 883
884 47
77 885
234 286
886 887
888 404
175 889
43 890
891 892
389 893
827 894
895 280
26 97
896 897
253 898
450 899
900 497
407 161
284 135
901 902
903 195
904 610
375 645
905 135
126 906
907 908
909 553
910 911
274 665
912 3
913 63
914 763
915 763
401 916
917 55
63 918
385 919
404 920
921 922
110 923
282 924
700 925
926 927
928 21
327 929
100 930
231 931
393 932
724 933
628 934
935 933
936 131
459 461
937 801
938 112
939 569
867 940
109 473
421 941
942 331
409 395
173 499
730 943
944 869
253 945
138 317
946 947
948 248
411 949
734 950
951 811
952 953
186 407
954 210
955 513
956 479
957 445
958 959
960 961
77 962
60 963
964 438
758 143
965 40
175 966
787 278
967 968
969 215
970 271
76 971
787 143
972 97
236 973
690 974
528 975
11 976
977 343
194 220
978 163
979 117
980 395
960 981
265 982
904 256
762 983
126 984
361 985
896 986
987 277
99 988
989 444
379 990
991 586
861 992
993 869
994 995
450 996
375 997
998 40
999 253
916 1000
1001 959
1002 1003
1004 739
574 1005
391 411
718 1006
1007 553
832 1008
1009 1010
385 1011
434 154
1012 555
145 1013
1014 336
628 1015
426 444
1016 461
403 719
1017 145
1018 23
1019 546
20 1020
1021 333
1022 1023
716 1024
1002 771
1025 215
414 1026
1027 97
1028 366
845 1029
1030 1031
131 1032
158 1033
387 393
1034 193
1035 1036
1037 194
1038 1039
1040 1041
741 1042
1043 158
844 1044
720 1045
896 1046
854 274
1047 586
634 1048
445 1049
1050 1051
14 1052
771 336
220 1053
1054 910
30 1055
166 1056
403 89
1057 88
445 1058
1059 456
195 1060
1061 189
40 744
450 1062
148 1063
1064 330
812 1065
1066 21
26 1067
1068 303
1069 654
220 1070
205 1071
1072 845
1073 1074
984 1075
1076 169
615 1077
1078 947
385 195
60 1079
158 1080
391 1081
1082 720
60 1083
1084 907
787 1085
1086 7
671 1087
1088 971
1089 4
38 1090
171 274
886 100
204 1091
330 1092
253 1093
1094 1095
983 581
1096 1097
1098 426
1099 1100
1101 1102
21 193
528 1103
88 409
705 1104
1105 1106
1107 1108
1059 1109
455 1110
184 1111
1112 38
683 1113
77 1114
1115 309
1060 763
447 1116
910 1117
138 1118
30 20
1119 1002
718 218
109 220
251 135
297 1120
1121 614
26 1122
1030 1123
9 1124
197 250
236 1125
1126 1095
1127 303
1128 50
1129 1130
424 758
194 751
679 1131
40 1132
1133 438
282 1134
109 280
1135 1055
1136 283
218 1137
709 767
1074 1138
1139 528
403 1140
916 118
411 1141
102 1142
295 1143
283 1144
460 215
284 1145
1146 1147
1148 811
175 1149
141 1150
1151 373
1152 161
1153 1154
1155 801
1156 183
265 1157
1158 530
75 1159
1160 81
1161 224
1036 84
767 1162
617 1163
442 277
398 1164
132 1165
99 303
818 380
43 1166
1167 856
886 1168
614 473
812 1169
35 1170
391 289
445 1171
1172 720
405 1173
1174 891
389 1175
1176 1177
242 303
9 1178
158 1179
1180 158
123 453
416 1181
120 1182
1183 763
367 1184
789 1185
1186 1187
1129 143
789 1188
282 1189
762 1190
461 1191
1192 407
1193 336
226 1194
1177 1195
1196 26
886 1197
1198 169
737 117
24 1199
1200 38
763 1201
1202 546
458 586
773 1203
730 1204
1205 197
194 1206
424 1207
1208 1209
1210 581
154 1211
24 1212
387 1213
1214 1023
123 1215
1216 43
1217 191
361 813
1218 245
72 1219
1037 910
1220 758
63 1221
105 1222
1223 466
960 1224
409 376
845 1225
303 1226
273 1227
385 1228
1229 546
1230 309
234 1231
1232 135
1233 383
1074 1234
856 1235
1146 1236
1237 682
476 1238
398 1239
154 1240
1241 287
1242 193
789 547
1243 553
700 1244
720 1245
330 1246
1247 519
445 1248
1010 1201
589 846
385 1249
1250 35
24 1251
411 1252
482 319
166 1253
896 1254
194 995
1255 245
303 1256
1257 204
1258 331
1259 366
1260 438
1261 1262
1263 806
158 1264
171 1265
1266 379
1267 1102
120 1268
789 1269
1262 1270
277 909
1271 1272
1273 183
421 1274
499 1248
902 601
1275 959
623 546
1276 869
1277 916
768 1278
5 1279
1280 530
669 410
891 109
66 555
1281 434
105 1282
166 1283
380 5
30 250
721 148
1206 35
58 1010
730 655
194 109
1284 118
1285 1039
1050 1286
109 447
1287 303
212 1288
1289 1290
229 701
333 94
9 1291
1292 1293
1036 1294
194 1295
398 459
867 1296
193 1201
700 1297
1298 768
1299 47
403 671
105 1300
1301 1036
768 1302
194 1303
1304 1214
744 1305
1185 145
1306 1023
385 1307
1308 530
1309 5
789 1310
236 1311
309 1312
1313 555
1314 1177
1315 135
671 14
1316 183
1317 1102
229 1318
547 1319
91 1320
330 1321
220 1322
1323 50
1324 169
1325 339
1326 1177
389 1327
1328 916
700 1329
1330 1050
138 1331
1332 922
110 1248
1333 528
532 1334
1335 43
672 193
114 1336
110 720
1337 38
1338 193
11 1339
282 1340
141 318
1341 197
672 438
1342 3
1343 5
499 1344
175 539
1345 29
1346 150
44 1289
229 280
1347 166
102 1348
14 1349
1350 297
818 1351
744 1352
47 995
640 1353
1354 479
1355 163
1356 256
171 1357
445 1358
1359 459
741 1360
333 1361
60 1362
744 1363
1364 1365
933 681
198 1366
52 1367
856 1368
165 528
166 1369
1370 248
758 1371
283 1372
1373 438
744 1374
832 1375
1002 154
751 109
1376 339
486 193
734 1377
77 1378
659 1379
959 1380
430 1381
75 971
519 137
1262 1382
1383 256
249 222
72 1367
1105 1384
1385 622
1386 70
1387 449
391 447
1388 555
248 1389
973 438
442 1390
405 1391
1392 99
1393 38
280 1394
131 1395
30 1396
719 95
55 1397
419 445
216 1398
138 1399
977 240
1400 1401
1289 1402
109 1403
131 1404
287 1405
1406 1407
273 89
366 1408
661 1409
1410 277
1034 1411
249 1412
1413 35
767 144
109 1262
375 1414
1415 29
1416 55
1417 91
1418 1419
1420 947
445 1421
720 381
669 1422
718 787
1423 499
1424 1418
1425 118
1426 63
1427 449
1034 581
840 1428
123 1429
424 1430
818 1431
1432 513
184 1433
1289 1434
150 1435
424 268
1436 1437
971 1438
850 351
99 1226
60 1439
593 1440
528 1441
1442 193
1443 193
197 210
1444 145
683 1445
393 1360
1446 1447
379 1448
409 190
1449 1423
86 1360
787 995
229 1450
1451 1452
1453 260
947 1454
1455 117
287 1456
7 1457
1458 137
840 1459
123 1460
1105 1461
764 426
1462 438
1463 1187
466 1464
1465 1466
1467 148
434 1468
1469 38
226 1470
416 1471
83 1036
1472 1473
194 222
1474 35
1475 1476
72 303
1477 530
907 1478
1479 1187
610 539
1480 861
1481 1482
314 811
910 1483
1484 9
1485 403
679 1486
158 555
768 431
1487 100
47 311
1488 967
1489 229
442 1202
5 1490
385 1491
197 1492
99 1493
26 1256
110 1494
1495 1170
403 143
1050 1496
1497 716
719 575
1289 1498
453 1427
1499 758
226 1500
226 1501
1502 169
102 1503
1504 137
48 691
430 1505
1506 720
1507 110
391 1508
145 1509
193 1510
11 38
24 222
77 1511
730 229
105 1512
1513 1514
1515 3
789 838
1516 256
47 1517
1009 763
1518 336
1519 1520
380 400
94 221
1521 117
79 1522
268 1523
77 587
1036 145
612 419
1524 14
1525 50
479 1526
1304 1527
1374 366
1528 564
154 1529
1530 11
845 1531
70 1532
1533 400
333 809
1534 1005
143 1535
249 1536
361 1537
177 845
955 644
1538 245
886 1539
466 143
783 1540
1541 1387
171 1542
622 1543
833 739
336 383
465 100
91 1544
859 193
1387 850
1545 562
1546 336
916 1547
110 1548
63 1549
391 1550
869 143
718 1551
424 1552
5 1553
1554 160
419 1555
1406 1556
403 1557
1558 586
1154 1209
50 1559
1560 216
194 271
967 1561
1562 373
1293 1563
404 474
205 1564
1565 280
564 1566
1567 12
271 1568
60 1569
1570 939
79 1571
169 640
175 1572
789 1406
1416 1573
806 1574
712 1575
947 1576
854 971
126 1394
317 1213
886 1577
666 29
398 215
1578 148
367 1579
70 1580
86 455
137 1581
60 1582
445 1583
158 721
1584 1585
1586 5
268 1587
466 345
1446 1588
158 1589
528 1014
447 1590
102 1591
131 11
1592 212
960 409
218 1593
1594 195
718 1595
821 1534
634 1231
1596 385
907 1597
126 81
1036 1598
1599 426
249 1600
175 589
292 1601
154 1602
37 1603
658 1604
200 1605
671 995
1606 586
409 1607
1608 200
681 1609
110 907
1158 789
52 1610
24 499
1611 555
70 1612
840 428
1613 303
891 851
127 1614
175 203
226 81
1615 229
64 1616
570 1617
832 1618
319 1023
127 1619
30 1620
63 1621
1622 971
1262 1623
126 86
1624 280
1625 137
145 1626
70 1627
1628 407
1629 16
1452 135
380 280
24 161
758 3
198 546
719 259
1630 163
424 1631
367 1632
730 222
1473 1633
24 971
75 1634
474 484
91 1635
55 1636
589 756
504 359
1446 1637
1638 1400
105 1639
330 1640
445 1641
1642 38
330 158
1643 644
1644 1645
1075 1646
755 403
92 1647
1648 1187
30 809
226 1220
1180 1649
1650 1039
158 1651
1652 1653
1654 546
405 1655
1656 811
716 1657
81 1658
249 1659
1660 383
1387 1661
416 1662
1663 504
1664 45
1665 21
1666 739
1667 449
1668 1669
1670 832
812 1671
154 1672
1461 852
1673 1466
818 1232
1674 654
1538 574
328 1675
403 1676
1677 212
1678 1075
1679 610
1680 405
224 845
100 229
1681 1682
1683 1684
700 1685
907 1171
528 129
1686 331
1481 1687
293 581
783 1688
1689 194
1690 852
43 785
453 449
70 1691
1692 461
403 1693
719 220
1055 1694
840 1695
681 205
1050 725
465 499
203 137
535 1030
179 1237
1696 256
1365 426
182 256
1697 64
217 1002
75 1698
339 1699
109 1700
744 1701
466 1248
1702 1703
1704 207
586 1702
1705 555
166 1706
1474 260
1707 393
228 1413
333 1087
734 1708
1709 91
1710 1711
1712 171
1713 154
1714 183
120 1715
375 385
1716 48
1717 852
654 1418
110 1718
718 1719
110 1066
333 755
1720 478
712 1721
44 818
1446 245
303 1722
247 1723
387 1724
218 1725
1346 194
1726 100
409 1727
1295 528
127 1728
77 1729
1730 1080
1731 1574
88 1732
447 1733
107 1734
581 1735
910 1736
1737 562
762 1738
303 1739
409 1740
479 1741
138 1742
1743 610
789 1744
284 1745
625 1746
287 1747
886 193
331 1005
977 1748
526 1749
644 832
628 1373
499 193
1750 63
409 1751
574 1667
1752 1753
840 1754
40 1755
249 1756
24 1757
229 1758
1759 354
105 1760
649 280
330 1761
154 1762
30 1763
1082 380
395 35
60 797
712 1764
1765 60
405 1766
123 1767
88 869
1768 916
453 1769
81 1060
927 1770
385 1771
1772 686
290 1773
1774 528
1775 438
1776 373
1777 1702
405 1778
188 907
419 280
1779 1108
1780 811
1781 409
134 240
1782 1783
807 47
249 966
1784 528
1785 35
229 1786
1787 55
1788 907
118 1789
257 783
1790 852
1010 1791
1792 50
681 5
292 1793
516 160
148 1794
1702 1795
570 1796
1797 739
218 297
338 43
1798 555
411 1799
1570 1800
1801 1418
409 1802
991 1803
226 681
1804 117
886 1805
1232 1431
381 1806
1807 1423
1808 256
850 1809
1810 393
1811 856
1812 287
1813 191
416 92
556 277
1814 1574
442 1815
348 1816
1817 758
764 1818
499 400
396 389
526 1819
850 1820
138 1720
662 1821
143 1822
1823 459
1824 309
1825 47
1105 852
197 1826
58 482
215 1827
1828 37
1829 686
154 1830
1831 290
411 1832
77 1833
1834 47
1835 256
991 1836
109 1837
368 11
405 1838
40 1212
844 1839
1220 1840
1841 848
1842 245
232 1452
669 1450
555 1658
734 1843
787 1844
290 1845
123 1846
205 444
273 1087
895 24
409 7
614 1847
409 1848
1565 161
1849 43
933 97
1850 355
123 1851
1852 977
1853 383
81 1854
1855 9
220 807
1856 1452
171 1857
292 837
856 1446
1570 1858
1859 366
52 1860
79 767
131 1861
1862 3
612 161
1089 65
711 1466
597 1863
1864 1154
1865 131
1866 659
94 1053
1867 922
48 1868
442 1869
1870 60
391 1871
247 1872
1873 513
1769 449
679 1874
679 1875
141 1876
105 1877
280 841
649 383
1074 1878
391 809
70 1879
907 1880
841 1023
453 1881
767 816
188 465
1882 64
77 1437
409 1883
1884 438
832 1885
1452 647
783 1886
1887 171
669 319
303 1888
1889 189
419 318
108 409
52 1890
593 143
1762 366
882 89
198 1891
177 1256
916 1892
1893 1187
77 5
967 1894
375 409
123 1895
75 1896
489 50
330 1897
445 1898
94 804
63 1899
333 1900
1901 126
424 1746
220 143
473 271
107 1902
496 395
102 1171
184 410
1730 1903
138 1008
24 1555
330 1904
1905 1906
1907 1030
1908 971
1909 484
861 1910
1911 249
1912 43
1372 555
1913 856
783 400
1914 1237
991 283
150 1915
1916 634
1917 438
1487 1074
416 1918
1919 409
99 160
189 1920
744 1921
669 869
1922 195
799 1418
570 9
1923 1702
644 1864
75 1924
126 366
30 1925
1528 587
1926 55
263 426
375 319
1154 1702
1927 154
734 1928
683 1929
292 100
1930 355
570 1726
1931 212
1932 391
935 1933
1934 1237
434 1935
1087 1936
700 1937
253 1938
870 1939
1940 907
26 1941
131 1942
1943 5
419 1944
1205 30
253 1945
734 1946
1947 277
222 1948
499 853
709 43
654 1949
444 1950
535 48
75 1951
50 1952
764 1953
744 1954
1566 117
1387 1955
896 1956
1957 236
380 1452
991 135
20 1958
253 1959
127 1960
1481 1961
229 50
38 1962
395 1963
120 1964
570 1965
120 1966
1967 852
404 1968
1969 43
789 1970
38 1971
1972 1437
1973 135
163 1974
1681 1975
1976 195
952 530
1059 1977
583 1978
679 401
1059 1979
1020 43
56 1980
595 215
967 1981
1982 210
282 1983
1984 553
283 1985
1986 30
218 1533
1987 160
105 516
1988 105
44 1989
1990 72
64 1199
426 1991
1992 158
1993 989
867 1994
1534 1995
1996 58
409 1997
21 1394
1998 64
1999 23
461 2000
140 50
359 2001
2002 614
292 283
99 1564
398 595
2003 99
2004 331
184 2005
2006 197
2007 916
165 1137
2008 1220
1534 2009
333 1220
2010 16
83 145
716 2011
1896 2012
330 861
2013 21
165 403
253 2014
405 2015
393 2016
2017 277
2018 821
1089 2019
2020 380
348 2021
126 1232
327 2022
1442 528
709 400
1236 100
123 169
2023 118
744 1013
309 2024
2025 63
220 2026
2027 207
2028 137
845 1256
2029 204
2030 193
2031 546
411 2032
361 2033
861 538
2034 916
2035 2036
957 2037
126 1066
895 393
380 23
1287 99
2038 461
528 2039
564 100
105 589
2040 497
414 861
1059 341
58 2041
466 1155
224 407
2042 389
2043 2044
473 2045
737 2046
2047 852
403 2048
832 2049
1320 191
277 2050
59 387
705 2051
2052 2053
2054 546
32 846
1896 922
2055 373
2056 1041
772 24
21 1958
389 80
2057 183
194 46
21 1345
442 2058
1817 1220
218 2059
305 35
268 1491
1452 2060
105 99
1813 519
2061 193
226 2062
400 1886
2063 173
875 1863
2064 739
1519 179
19 2065
2066 99
154 2067
110 2068
2069 818
330 1577
419 2070
991 1761
426 264
165 2071
2072 72
991 234
1570 2073
280 21
282 2074
38 2075
247 2076
30 2077
661 2078
2079 532
249 2080
764 2081
257 2082
2083 628
821 89
2084 2085
110 2086
2087 193
1137 43
734 2088
800 91
120 234
44 2089
253 2090
2091 519
821 2092
1010 2093
2094 1466
2095 763
907 2096
1271 2097
126 499
1034 336
2098 200
1421 280
277 2099
405 2100
634 2101
424 2102
43 2103
886 2104
79 2105
63 127
818 2106
2107 1920
669 841
716 2108
2109 444
2110 2111
109 373
574 245
2112 824
593 447
1229 659
1299 2113
2114 1675
24 2115
2099 1102
2116 117
2117 882
461 2118
2119 35
197 229
867 204
854 922
403 2018
2120 995
184 2121
2122 330
2123 336
644 2124
47 2059
52 538
2125 1036
2126 2127
2128 389
387 2129
937 91
2130 193
2131 2132
210 1279
2133 922
870 2134
2135 546
277 1032
143 2136
361 2137
2138 560
589 2139
1074 2140
1304 1591
1683 193
2141 614
1387 2142
583 177
426 5
771 2126
331 2143
832 2144
2145 43
1330 105
303 1222
1738 801
424 2146
1098 444
2147 581
60 2148
882 2149
150 143
725 280
1257 867
1059 2150
220 821
1731 1675
473 275
669 2151
1253 16
625 2152
197 143
1003 2126
718 400
109 110
2153 995
110 428
290 27
516 99
105 2154
2155 236
100 1248
120 2156
421 2157
716 199
967 2158
245 89
1681 2159
1481 2160
2161 228
110 400
764 2162
247 672
2163 55
2164 615
165 2165
79 2166
806 438
1030 2167
105 1544
2168 801
2169 303
268 2170
2171 910
2172 720
1074 229
1652 1903
2173 2174
1039 2175
628 2176
166 2177
218 473
212 2178
764 2179
2180 200
1059 1495
2181 409
245 2182
175 2183
663 484
442 2184
2185 224
2186 191
1295 811
2187 191
719 473
37 2188
2189 1573
2190 3
2191 2192
282 2193
2044 811
195 1414
277 1203
2194 204
2195 21
175 2196
2197 193
2198 256
282 51
2199 197
299 1809
248 2200
127 2201
91 1738
26 2202
535 337
7 2203
767 2204
253 2205
450 2206
570 518
63 2105
2207 445
1066 366
395 1004
2208 231
2209 1495
194 143
1730 2210
63 2211
385 2212
542 148
902 725
409 2213
131 2214
398 2215
58 674
718 612
333 1809
2216 2126
1387 331
127 2217
2218 845
1519 2219
789 2220
2221 63
2222 989
175 2223
216 2224
32 2225
226 758
1041 2226
719 1053
2227 768
442 2228
186 2229
2230 336
5 2231
375 2232
253 2233
63 16
419 499
282 1473
445 110
1550 1293
229 43
292 2234
1565 1563
555 2235
2236 405
303 2237
253 2238
218 787
303 2239
730 2240
2241 193
229 2242
763 193
704 2051
2243 1187
586 2146
2244 277
768 2245
2246 391
19 1029
870 2247
902 2248
2249 55
2250 391
983 1248
70 844
2251 1220
107 2252
7 2253
2254 150
171 2255
184 2256
2257 3
2258 453
2259 2260
844 861
886 2261
2262 1644
131 2263
194 297
110 2264
253 2265
767 500
2266 661
570 2267
2268 1293
2269 1030
1406 546
218 2270
1528 236
1823 991
234 229
2271 569
2272 26
265 844
933 2273
2274 658
1036 2275
2276 216
1035 83
2277 389
1570 199
1220 2278
2279 198
2280 426
419 2281
2282 35
2283 262
2284 2285
2286 960
2287 547
1364 444
1304 656
555 847
700 2288
891 455
801 2289
453 2290
737 2291
52 99
1050 2292
2293 280
2294 385
767 208
186 2295
40 2296
547 2297
1364 60
81 2298
783 399
2299 2300
1668 1010
2301 117
719 821
2302 373
340 2303
154 2304
1971 1237
405 1253
459 2305
2306 569
2307 1299
1009 482
2308 546
2309 628
2310 856
870 2311
540 248
75 2312
366 1394
55 2313
120 1757
231 2314
1668 2315
295 99
2316 110
256 2317
154 2318
331 2319
935 516
440 2320
330 131
671 299
2321 789
971 1332
2322 767
1418 2323
2324 248
2325 253
960 2326
226 2327
398 2328
2329 1108
2330 869
161 1201
292 675
482 211
734 2331
105 2332
2333 154
2334 256
197 2335
99 102
2336 229
94 473
700 393
277 2337
1180 501
895 303
367 2338
43 2339
424 2340
385 2341
290 2342
229 2343
126 669
991 758
110 2344
1702 2345
1694 280
154 2346
2347 927
430 703
16 2348
64 400
870 1304
40 649
2349 145
2350 907
1074 2351
1963 35
989 189
105 2352
409 432
52 1628
1753 1010
1036 2353
385 2354
1361 497
110 1969
625 2355
195 2356
526 2357
1793 169
355 2358
771 154
758 2359
2360 882
265 160
2361 7
385 2362
194 2363
2364 405
2365 933
2366 280
960 1730
845 2367
2368 1262
110 47
2369 426
718 220
1994 204
375 2370
1863 2371
66 466
2372 63
2373 519
1799 811
2374 1387
1289 421
744 2375
2126 1163
2376 385
1019 38
2377 461
2378 43
16 2379
7 2380
2381 124
183 2382
1447 615
215 2383
2384 1187
2385 2386
811 2387
1 2388
405 2389
154 2390
194 123
442 2391
134 2392
2393 55
171 2394
2395 3
1089 2396
398 2397
870 2398
2399 385
303 2400
1782 2401
231 2402
361 1155
166 2403
226 2404
869 319
35 739
189 816
1528 2405
989 5
2406 1520
870 809
333 2407
700 113
1037 271
891 2408
661 2409
175 2410
398 2411
77 2412
496 447
1702 2413
409 497
391 2414
852 2415
2416 191
197 1757
821 1474
2417 83
532 2418
2419 444
421 2420
716 2421
393 2422
19 2423
309 2424
52 1512
1519 809
434 2425
105 2426
933 205
442 2343
2427 169
789 2428
1087 2429
224 177
1668 2430
282 2431
2432 373
2433 1108
207 2434
2435 416
212 2436
311 193
1600 193
2102 43
719 1322
409 2437
150 2438
2439 739
2440 409
1087 2441
700 1604
2442 615
2443 1102
295 653
762 2444
2445 118
447 499
1643 832
20 2446
631 2447
249 119
9 2448
662 634
718 2449
131 502
295 933
2450 744
2451 166
2452 1418
2453 70
393 2454
2455 679
2456 907
2457 23
112 2458
88 2449
2459 131
2460 143
222 567
100 234
48 416
424 2461
205 2462
2463 1652
2464 907
2465 1100
1074 2466
818 2467
661 2468
2469 99
1229 416
409 35
99 97
2470 107
166 724
1528 1362
40 2471
806 2472
960 2473
218 2216
2474 1220
220 1837
649 50
812 2475
2476 145
2477 2478
679 2479
2480 555
593 1394
910 2164
806 2481
2482 340
705 1290
832 2483
581 2484
683 2485
218 671
2486 336
2487 2191
1758 383
2488 45
303 2489
845 2490
2491 818
63 2492
287 2493
850 2494
381 846
818 2495
361 2496
886 2497
143 2498
50 43
2499 330
163 2108
105 2500
387 2501
1481 2502
226 333
758 2503
679 2504
737 1730
333 2092
171 1729
99 690
2505 416
421 2506
1105 401
198 789
2276 280
2507 215
398 2508
2509 309
100 801
19 583
229 2510
226 869
2511 12
2512 744
58 387
58 2513
151 2514
24 29
1034 1233
679 317
348 2515
2516 339
131 195
195 2517
2518 438
303 2519
867 829
1664 1237
403 1003
716 2520
589 1893
2521 404
292 1372
226 2522
2523 395
1534 449
1177 86
2524 175
718 1052
751 47
706 763
2525 99
2526 2527
32 2528
2529 118
44 2530
2531 331
2532 806
700 2533
681 2534
762 2535
669 811
375 2536
99 2537
231 2538
2539 389
2540 383
2541 1095
257 400
739 2203
38 2542
1828 869
679 2543
1473 2544
2545 2546
2311 393
215 2547
2095 1041
109 2548
840 2549
56 2550
2551 60
1545 169
86 2552
387 2553
424 2554
375 2555
450 2556
1513 143
683 631
2557 245
366 2558
309 2559
1442 801
375 2374
1034 2560
135 2561
165 1915
690 845
564 2562
2563 256
580 2564
732 91
1534 2565
109 355
2566 218
583 1029
442 1406
2567 5
2568 1232
2569 852
2570 393
58 2479
953 530
2477 2571
35 2572
2573 1030
1289 2574
2575 63
86 2492
2576 484
210 2577
2578 231
466 2579
40 2580
967 2581
2582 2583
2584 249
1446 2585
5 2586
2587 50
2284 2588
1446 2546
120 1460
1751 801
1315 546
218 821
2589 148
2590 449
1481 2591
99 2592
218 2593
679 2594
870 2587
913 86
644 513
2595 236
1164 586
2596 400
2058 97
60 2597
340 2598
1513 801
821 299
50 2599
1271 2600
861 1731
247 948
2601 449
2602 256
1283 256
125 79
2603 141
2604 818
869 193
236 1884
2605 21
1452 1361
247 1829
154 1003
363 20
7 1797
177 1029
194 2059
757 19
409 2606
567 1023
143 3
1020 280
107 2607
570 2608
720 2609
16 2610
148 2611
2495 135
327 663
2612 60
2613 44
2614 461
768 2615
189 5
38 2616
2617 366
2618 977
2619 91
882 2620
109 143
248 2621
2622 400
2623 1681
424 379
393 2624
2625 9
610 1428
1801 229
920 426
292 991
126 2626
287 846
1406 2627
2628 569
479 2629
744 2630
212 2631
1289 2632
2633 2634
2635 811
575 449
247 2153
2636 634
375 2637
2638 64
555 1601
2529 280
385 1407
333 2639
2640 55
99 1097
58 2641
2642 553
971 1345
419 2643
60 1095
482 1010
1628 280
55 2644
1815 11
2645 718
184 2646
1057 271
333 2647
2648 2649
2650 922
303 2651
2652 336
2653 277
2654 614
81 89
277 2655
126 1423
1681 2656
1180 2657
1030 2658
2659 127
1665 387
135 2660
188 79
2661 1702
2662 2663
840 2370
730 2664
679 1194
2665 245
381 2666
161 666
47 380
155 837
709 1082
348 2667
351 260
1447 35
299 449
2668 91
198 1918
161 380
528 311
426 2669
132 2670
473 221
960 2671
2672 5
16 282
1452 2673
2674 9
2675 193
615 2676
1065 852
2677 339
1905 2678
127 2679
617 2680
2681 1437
100 2682
895 21
2683 1466
935 681
220 322
1476 93
155 2684
741 2685
744 2686
2687 811
154 2688
220 1403
236 2689
844 2690
801 2691
2692 173
226 1515
690 2693
424 2694
88 2695
197 1763
63 2696
163 1297
2697 861
283 1761
612 767
2698 29
700 2699
818 1154
564 890
1406 2700
2701 336
379 2164
669 2702
2703 1574
1665 169
827 2704
827 2705
195 2706
102 890
2707 1055
2708 569
812 630
1406 2709
391 1103
131 2710
429 438
759 29
2711 91
818 135
734 2712
55 2713
20 2714
424 2715
2716 1476
204 2717
331 575
700 2718
409 2719
1563 2720
2545 806
2721 5
2722 336
9 1931
105 97
2723 145
2282 528
1704 513
1008 1108
2724 546
570 1138
681 2725
2726 385
24 725
2727 614
1823 419
169 2728
58 2729
1995 260
257 309
662 2730
1218 821
83 2731
2732 193
226 2257
741 2733
154 1163
2734 359
40 841
627 845
2735 43
623 215
2736 145
385 2737
110 2738
626 50
194 1720
419 51
1232 251
1315 2739
2740 303
1447 882
2741 411
762 2742
960 2743
2369 120
1485 821
2744 586
79 2745
184 528
1289 2746
2747 744
933 2748
423 45
1315 380
2419 555
2749 5
783 2082
1387 2652
2750 2751
1718 193
1466 2752
683 2753
58 2037
105 1051
2754 280
60 2755
2302 229
1196 861
2756 1702
321 383
131 2757
1600 280
434 2758
421 2759
2760 806
393 2553
158 2761
947 2762
2763 131
63 2764
2039 686
933 2765
852 2766
694 389
2767 845
292 2768
2769 197
2770 137
614 1450
445 2771
387 2772
679 730
231 2773
2774 135
532 1038
2775 35
2776 366
303 2777
56 2778
331 2779
734 2780
52 160
2781 5
593 482
333 1348
700 2782
700 2783
1406 2784
245 2785
2316 50
809 811
367 1560
2786 2787
2284 5
118 31
2788 245
424 2789
2790 1702
2791 773
2792 1299
63 2610
767 389
430 2793
1295 47
1034 2794
169 2795
700 885
2796 426
2797 226
2798 70
2771 1041
2799 1108
110 2800
586 2801
94 821
2802 861
625 2789
1421 161
844 2803
1803 586
957 143
131 277
169 2804
442 2805
2806 215
867 161
2807 977
1863 2546
109 271
47 37
628 2808
389 2809
2810 1187
1074 2773
513 1559
166 2811
1730 2812
882 2813
2814 1102
75 2815
282 2816
447 2817
1036 2818
99 407
852 2819
2820 916
2560 1675
175 2821
1720 2822
499 581
2823 2633
683 1199
2824 236
1520 2825
198 2826
1515 758
2827 856
504 222
612 218
499 2238
445 2828
2829 5
403 1474
2830 375
586 2831
2832 63
361 2833
398 2834
783 258
30 222
1743 5
744 145
77 2835
81 2836
14 89
367 2837
768 2838
83 2839
679 2840
86 2841
9 173
367 2842
681 2843
361 2844
1182 438
2845 686
2846 173
2847 280
2848 366
806 2849
229 473
2850 91
2851 628
2852 210
317 2479
2853 861
198 2854
38 2855
669 2292
411 2856
856 395
812 1461
24 21
315 35
212 2857
2858 303
2225 91
5 1452
2859 43
212 2860
1717 438
1563 43
120 2861
2862 290
466 2863
768 2864
405 2865
1406 2866
1496 97
2867 141
1901 421
224 2868
1863 1179
1387 574
355 2869
1030 2870
434 1830
2871 380
818 2872
2873 131
1030 2874
2875 38
2876 150
916 2877
2878 1087
644 653
2281 50
387 815
789 117
52 644
47 143
2879 449
1501 758
546 2880
220 47
212 758
222 1162
303 2881
424 2882
2883 100
327 2884
2885 763
2886 564
2887 1102
44 2888
2889 137
2624 229
2890 330
389 169
145 2891
863 1452
2892 1365
297 2893
284 2894
200 2895
131 1063
669 2720
30 1166
2896 824
55 2110
1466 2897
479 2898
102 2899
2900 1863
720 1738
2901 1400
2902 1675
410 869
654 160
2903 1010
1769 260
175 2904
3 2905
718 2906
821 2429
110 499
43 2907
846 1187
2435 2908
2909 1023
2910 916
282 2911
971 2912
2913 197
2886 845
2914 553
1075 2915
910 2916
1087 89
669 701
79 2917
1074 2918
1833 1418
2919 5
277 2920
700 2921
86 2922
933 2923
40 2924
165 2925
2926 55
2927 303
305 184
2928 586
268 2929
1180 277
2930 2931
63 2932
1400 2933
764 2934
173 143
1341 280
758 2935
412 229
2936 1476
659 2937
453 1809
2938 145
315 739
654 2939
2940 562
2941 497
112 1675
466 91
1772 1446
2942 1534
2943 7
1446 2944
440 658
58 2945
143 2916
375 110
2946 366
2947 395
991 380
2948 562
47 2949
2950 23
330 2951
758 35
2952 562
55 2953
801 1014
11 2954
197 2955
2956 193
99 2957
2859 739
1099 2284
1089 2958
35 2203
282 2959
2960 137
2961 562
188 816
669 1758
1743 426
265 2962
2963 336
1528 2964
274 2965
673 438
154 2966
473 2967
442 2968
194 229
55 2969
395 1588
24 602
1715 354
1030 2970
806 1945
166 2971
88 2102
227 758
2972 274
2973 1177
126 212
331 2974
2975 960
840 2366
659 379
1702 2976
515 935
2977 12
2693 484
416 2978
2930 2018
277 2979
179 2980
504 826
2981 562
164 212
2982 339
1299 2983
1105 2984
2764 16
1528 2985
2986 137
218 2441
2987 7
927 97
55 2111
2988 730
2989 1232
2990 40
2991 744
2992 530
2993 806
132 2994
2995 3
127 2996
2997 719
1209 2998
79 694
832 2999
659 3000
434 3001
720 91
367 3002
447 1413
3003 1400
403 821
416 3004
109 218
99 3005
3006 430
440 3007
387 3008
409 3009
896 3010
32 184
1406 3011
366 3012
450 3013
143 3014
21 1023
1644 3015
2741 11
434 3016
455 1606
2633 3017
844 177
1074 3018
188 389
3019 366
3020 218
416 2379
967 3021
1528 405
393 3022
3023 1209
387 3024
3025 459
928 280
659 3026
473 3027
94 1322
184 409
109 807
3028 24
3029 367
1723 400
468 801
355 3030
179 3031
1872 1658
967 3032
225 1400
3033 127
224 3034
131 3035
127 3036
175 3037
3038 191
1212 280
2419 5
442 3039
58 3040
184 35
1237 553
240 339
339 1256
709 3041
1650 118
1002 3042
333 2429
403 771
1387 733
398 2872
818 3043
416 38
3044 331
3045 806
75 854
1710 3046
1676 821
440 3047
314 400
3048 991
712 3049
661 3050
257 5
3051 69
622 3052
110 1583
1365 3053
299 3054
24 2195
391 3055
2191 3056
933 1675
2716 92
3057 245
245 528
1406 3058
3048 229
622 3059
3060 212
395 2944
700 3061
818 3062
3063 2066
661 3064
993 287
614 3065
3066 339
109 787
720 2549
3067 35
140 513
618 744
1138 459
3068 513
861 308
2930 3069
292 886
212 473
385 3070
405 2477
3071 712
110 3072
367 3073
3074 852
405 3075
404 1256
3076 1675
118 2296
419 482
3077 806
247 1329
547 3078
1105 37
445 3079
102 2375
419 3080
2361 739
3081 86
3082 1187
58 3083
1813 661
421 2146
3084 861
127 446
50 1306
268 3085
126 2989
154 3086
896 3087
3088 2545
32 3089
1890 303
231 3090
1644 1464
110 3091
55 845
644 3092
340 630
3093 193
2663 1102
229 725
63 3094
184 3095
2419 861
3096 562
555 3097
367 3098
333 222
3099 151
2234 207
826 1437
450 3100
654 845
3101 801
3102 117
361 3103
127 1863
94 719
223 1023
1088 922
2191 3104
1129 2751
3105 260
184 2370
166 3106
30 3107
669 29
3108 739
1034 3109
3110 679
69 555
3111 7
1177 3112
426 2940
3059 1418
309 3113
3114 212
789 3115
194 161
263 3053
442 3116
907 2422
126 3117
226 991
224 630
175 3118
3119 200
322 449
442 131
40 3120
430 3121
3122 916
1730 277
3123 1187
2191 3124
416 3125
3126 145
282 3127
303 3128
476 3129
856 3130
744 3131
52 3132
333 410
3133 586
3134 212
1155 528
105 3135
1933 274
737 3136
127 3137
200 5
3138 547
207 3139
3140 640
2276 21
251 555
720 1893
274 3141
3142 183
32 120
1293 562
86 3143
309 3144
91 801
1517 271
861 3145
154 3146
3147 916
303 3148
758 3149
32 3150
9 366
3151 336
295 1406
366 323
3152 55
47 325
430 3153
3154 811
3155 1446
960 1802
2191 3156
295 2516
274 3157
249 3158
661 3159
1534 3105
3160 277
109 816
218 719
32 3161
193 438
971 3162
268 3163
411 3164
109 1303
730 3165
2276 1710
1406 3166
3167 991
3168 768
764 3169
902 3170
55 3171
338 720
174 212
3172 35
3173 852
870 3174
3175 1452
282 3176
3177 5
3178 110
99 3179
3180 614
79 1920
1050 160
419 3181
424 2355
3182 1002
303 3183
957 1149
2153 449
1481 3184
1987 303
3185 444
768 486
1418 3186
12 1905
1152 532
3187 555
513 3188
126 189
60 1730
126 1010
442 11
333 3189
145 3190
126 1259
165 1446
1652 1130
1473 3024
165 3191
126 455
3192 385
154 2270
787 1052
3193 245
30 2529
421 3194
1105 1299
1852 426
19 177
2276 24
3195 127
367 3196
3197 195
277 3198
519 3199
1784 449
3200 989
35 3201
3202 21
345 1187
48 3203
105 3204
19 3205
309 3206
564 513
1082 610
1730 158
299 2639
2906 449
102 785
3207 97
292 1577
960 3208
350 3209
806 3210
3211 373
3212 1187
2155 60
2126 89
1520 3213
16 3214
3215 216
615 1658
16 3216
58 3217
709 123
3218 445
236 3219
840 1288
479 2065
1681 407
3220 127
1055 3221
850 3222
3223 45
105 3224
683 3225
586 3226
3227 38
330 3228
3229 331
3230 177
405 3231
681 1222
110 2418
3232 135
166 3233
220 110
1423 3234
801 3235
3236 204
3237 1209
1423 393
109 47
1461 658
3238 409
3239 317
586 199
547 2854
3240 366
870 1520
154 3241
194 593
3242 218
3243 1271
1030 3244
1473 2129
398 1180
3245 686
3246 569
249 3247
361 3248
274 3249
102 3250
850 1667
218 1322
3251 569
519 1060
3252 845
290 3253
127 3254
1002 787
3255 391
3256 274
169 655
44 3257
3258 758
20 3259
60 530
361 1041
220 2059
528 3260
671 271
3261 947
734 3262
700 2130
126 1227
3263 11
1730 848
1481 3264
3265 256
284 3266
123 400
404 3267
186 3268
450 3269
2316 419
787 47
3270 5
404 3271
3272 339
1717 812
570 286
409 3273
3274 438
3275 438
519 2226
3276 204
3277 744
821 1809
1052 260
3278 411
679 3279
3280 350
120 426
526 3281
247 3282
361 3283
3284 355
3285 1452
442 38
3286 154
3287 91
154 3288
1753 3289
204 868
283 3290
2316 43
3291 271
2477 916
1458 271
583 3292
1538 850
1486 317
1041 2001
1105 3293
171 3294
3295 189
1074 3296
516 407
3297 277
1850 373
171 1419
3298 47
38 2709
72 3299
218 2126
1730 278
679 3300
3301 331
1105 700
3302 1237
3303 127
589 1045
3304 411
535 2167
333 575
50 193
158 1903
165 3305
123 3306
453 671
3307 117
1668 3308
375 3309
3310 787
333 675
2292 280
935 160
338 91
224 689
669 3311
407 690
3312 280
395 2203
3313 256
683 1283
395 1447
3314 391
409 801
832 3315
2480 5
126 222
947 3316
257 3317
314 3318
683 3319
3320 91
333 1053
99 3321
1055 20
3322 12
163 586
229 1756
526 3323
844 3324
1105 1874
60 3325
3326 145
2052 2560
1220 1900
744 1036
3327 253
141 3328
442 3329
1570 3330
265 45
967 552
622 3331
806 3332
3333 218
3334 280
3335 35
3336 72
265 3337
519 3338
327 3339
532 380
3340 426
519 35
253 462
245 1840
391 3341
3342 845
768 3343
3344 411
3345 330
440 3346
367 1406
3347 852
1423 2787
861 3348
3349 383
2937 416
339 1437
110 816
1283 400
3350 135
163 3351
2072 120
689 1400
3352 171
840 3353
409 739
3354 818
3355 277
3335 758
3356 227
14 3357
1718 497
3309 528
935 3358
361 2095
375 3359
3360 1089
2593 336
852 3361
3362 287
367 3363
88 3364
3365 23
75 3366
1421 212
2587 161
3367 331
3368 1023
403 299
1820 995
355 3369
661 3370
189 111
3207 1050
361 2037
175 3371
175 2418
3372 614
309 3373
1089 2274
311 260
105 497
977 3374
1423 1227
850 574
3375 1108
194 3376
91 464
226 3377
110 1041
3378 1466
163 1245
3178 801
1220 449
3379 395
991 2214
333 30
3380 744
983 3381
1423 2152
3382 574
772 228
654 280
3383 400
218 3384
3385 459
75 3386
789 2880
574 453
60 3387
801 3388
105 3389
762 428
3390 461
292 3391
3392 867
127 3393
3394 845
430 3395
832 3396
2987 253
1570 1063
3397 395
2095 91
464 345
165 3398
424 3399
840 3012
107 3400
292 3401
700 3402
58 1423
1237 909
3403 532
494 1146
212 3404
247 1237
1481 3405
3406 1289
560 43
154 3407
1036 3408
528 376
821 259
593 3409
734 3410
1730 3411
3412 824
967 3413
896 3414
612 50
105 2430
416 3415
224 340
19 3416
2606 191
3417 35
44 2053
2663 3418
94 3419
19 3420
755 1002
767 499
309 3421
1039 1286
625 3422
528 785
3423 224
716 501
3424 231
143 2864
3425 1102
1074 3426
175 3427
473 3428
1345 922
450 3429
630 3430
896 3431
3432 1418
3433 197
3434 260
99 205
271 2949
3435 3436
1034 3437
274 578
565 11
564 380
1482 861
479 3438
100 3439
131 1180
385 3440
3441 3442
3443 763
935 274
3444 1534
3445 569
27 845
1037 718
1889 610
3446 55
2835 5
720 3447
126 2789
284 2952
30 1132
2062 299
628 3448
395 739
3449 154
445 3450
120 81
902 265
2446 21
60 158
679 3451
1293 3452
824 3453
3454 64
3455 763
205 2109
245 299
716 459
581 1060
263 99
3456 38
102 841
3457 787
2739 546
1050 99
226 3458
3459 50
188 3460
454 126
265 1290
3461 110
218 1003
1753 3462
519 3463
3464 256
316 163
1534 3465
730 3466
3467 546
280 50
102 3468
175 249
3469 38
832 3470
100 3471
176 610
77 3472
3473 712
182 3474
447 816
3475 387
3476 628
3477 1237
150 3428
3478 1209
58 3479
120 3480
165 3481
3482 610
333 671
3483 131
1534 2278
3484 821
196 379
3485 35
409 2203
3486 212
806 1802
3487 227
1299 3488
2119 758
3489 184
126 143
56 3490
253 3491
379 3492
1476 1647
3493 806
3494 37
75 3495
1466 3496
3490 3497
638 737
1573 2110
32 426
2656 4
421 3498
171 3186
171 1418
3499 459
424 3500
197 243
91 846
3501 271
3382 449
659 3502
3503 191
3504 910
3505 1400
2271 1108
109 50
3506 166
2833 844
1111 615
882 3507
3508 19
171 3509
406 7
120 1969
2476 744
2149 1108
212 3510
3511 1584
424 459
593 189
284 3512
1034 2296
3513 681
295 3514
3515 1154
222 3516
3517 3518
97 3389
3519 811
123 1658
1089 3520
2009 260
3521 330
197 1948
355 47
3055 50
1481 274
628 3522
3523 1271
466 601
2930 3524
753 207
845 2868
447 3480
916 3525
3526 916
2037 43
131 3527
783 218
1793 1002
3528 287
753 47
1180 2099
409 3529
895 50
393 528
3530 484
617 3531
110 2061
644 3532
3533 464
1092 569
2018 299
806 3313
440 1864
175 3534
40 3535
3536 1675
279 21
3537 555
473 3538
2286 409
3539 916
2311 3540
3541 29
589 139
482 3542
679 3543
818 2790
175 3544
1999 5
184 2330
3545 852
3546 303
110 242
933 3547
3023 160
442 2739
2886 528
11 838
3548 773
1863 615
581 3549
283 3550
218 1163
309 5
143 2071
1146 3551
99 785
81 3168
574 733
110 3552
3553 99
730 3554
299 1371
171 3059
16 3555
3556 385
3557 513
2930 3558
445 3559
70 3560
3561 35
1442 466
1570 3117
282 3562
14 3563
2312 1702
302 256
3564 107
3565 50
3566 995
861 3567
58 3568
355 3569
3570 562
3571 449
572 358
197 620
403 3572
7 861
758 2298
712 3573
177 690
679 3574
3575 127
3576 247
818 3577
3578 99
3579 249
348 3580
445 2149
617 3581
2686 145
845 3582
1010 3583
154 3584
1277 23
3480 569
218 1206
105 1644
967 3585
3586 343
744 1509
138 3239
3587 193
426 3053
2862 160
16 3588
387 984
218 1053
165 2282
497 1108
818 851
3589 1400
63 3590
3591 158
519 2500
257 3592
247 686
3593 712
2363 47
681 201
3594 1387
3595 43
253 3596
2343 29
3597 712
1809 260
631 3598
3599 256
1636 379
154 3600
612 910
3601 277
3602 947
3603 1102
169 282
1092 3604
58 3094
60 3605
60 3606
623 135
3607 409
593 410
3608 229
1723 40
3609 38
109 499
3610 553
265 3611
3612 151
309 3613
985 546
821 671
385 3614
228 3615
150 1070
3616 1668
852 61
169 3617
3618 686
226 3619
120 3095
426 3620
3174 29
32 3621
214 459
105 90
105 3622
1519 3623
409 3624
231 3625
967 3626
132 3627
3628 1534
226 1371
72 3629
3630 787
610 3631
100 3632
647 484
499 1394
3633 409
30 3634
640 3635
63 1360
3636 248
2435 3637
151 3638
75 3639
564 2225
3640 38
589 3641
19 3642
473 1368
983 2449
455 595
1702 3643
3644 212
409 3645
3646 309
3647 380
2161 449
3439 43
856 1588
3648 971
197 996
3649 438
282 3650
3651 204
3652 343
3653 137
355 3654
983 193
570 3655
194 807
967 3656
1041 3657
709 3658
421 3659
768 3660
3661 1095
387 2841
574 3662
24 3663
757 160
526 2037
508 148
3664 547
783 3665
83 3666
245 1789
1262 447
24 3667
424 2383
50 143
3668 869
292 1306
3669 43
3670 484
528 2370
1199 183
644 654
38 3671
832 793
3672 110
499 816
75 3673
210 3674
79 3675
393 3676
3677 967
247 529
455 586
2191 3678
995 2071
160 3253
3199 191
1037 333
11 3679
3680 20
3382 331
489 280
744 1626
194 1006
3681 409
44 3682
1672 50
3683 5
70 3684
2174 929
473 3685
270 47
218 400
1002 403
628 3686
3687 555
840 2702
447 3688
55 3689
1075 2552
1406 3690
11 113
867 3691
55 3692
398 3693
3694 586
718 94
186 3695
3696 1023
47 271
3697 3698
2752 1095
1337 11
3699 424
741 3700
3701 1108
453 3702
690 3703
194 3704
3705 1418
229 431
3706 562
645 35
424 3707
120 2546
86 796
1155 482
70 3708
3709 659
282 87
151 3710
709 3711
3712 271
3713 818
3714 55
801 3715
2582 169
3716 38
126 380
3717 907
1304 1758
1289 2157
1423 482
3718 268
3298 194
83 3719
870 3720
26 1731
479 3721
679 3722
840 1066
768 360
593 3723
570 3724
30 1038
3725 977
416 2616
3726 562
499 923
5 3727
60 953
3728 249
445 143
3729 287
741 3730
3731 212
3732 1365
3733 1102
3734 256
331 3735
3736 5
77 1406
1539 173
910 473
19 2337
2526 3737
535 3738
1218 719
126 462
700 3739
628 3740
1050 3389
189 3741
700 3742
570 126
1223 91
2284 3743
1650 197
282 3744
197 3745
207 3746
832 2124
2381 712
2607 7
2656 3747
1730 1102
309 1437
3748 339
1421 29
409 645
2051 1290
410 299
1406 3749
1823 967
154 1779
253 1397
3750 43
331 3751
3752 262
589 3753
393 3754
333 403
3755 426
653 484
3756 546
3757 391
482 853
28 171
614 3758
3653 287
806 3759
72 3420
3760 271
519 1544
177 3761
3762 3
852 3763
3764 832
2443 99
171 3765
3766 832
530 585
391 3767
135 3768
367 3769
998 21
741 3770
445 3771
700 3772
2834 277
850 449
38 3773
86 3774
3775 530
218 271
355 3776
3777 416
812 1154
287 3778
26 677
787 400
1086 716
1002 3572
896 3779
3780 720
1262 3781
224 3782
331 3783
361 3784
604 161
297 137
194 47
801 846
79 3460
143 3785
194 218
3786 5
3787 546
158 3788
154 1935
700 3789
44 3790
1002 3791
1588 245
700 3792
628 3793
83 2125
1988 339
3794 763
1628 21
247 655
617 336
661 3795
294 445
589 2243
3796 882
3797 280
70 3798
821 3428
409 185
333 273
184 376
3799 812
654 407
3800 530
404 1452
630 484
7 35
3801 227
393 282
644 3802
767 1066
2786 126
120 123
3221 280
482 3803
3804 389
850 3805
437 806
581 3806
1395 459
188 380
284 123
1075 3807
3808 2435
184 3809
719 1474
3810 453
593 445
330 788
789 3811
1615 99
171 3812
194 447
3813 215
24 3814
3815 628
109 671
1059 3816
459 598
403 3817
675 991
3818 581
169 3819
442 3820
661 3821
515 1050
299 1474
867 3822
424 3823
38 3021
424 2152
3824 91
3825 145
395 245
3826 555
249 2296
3827 411
1271 3828
3829 821
257 3830
3831 256
3832 424
3833 411
832 645
1406 3834
3835 654
445 3836
767 720
959 117
2043 811
169 3837
907 3838
466 801
3517 3839
91 381
360 35
391 3840
318 50
3397 72
50 473
205 3841
3842 117
331 3843
3844 29
442 3845
3846 555
445 173
143 2593
933 5
175 3847
896 290
3848 189
3340 1365
226 2190
1784 299
220 3849
3850 806
1513 2483
3851 1452
3852 426
222 250
447 173
3853 177
434 3854
3855 614
661 69
2440 35
3856 100
309 3857
134 3858
916 3859
1105 3860
40 1694
3861 1187
188 161
2131 3497
5 3862
257 1540
229 35
30 3745
200 706
186 3863
3864 763
676 1784
3865 445
366 3866
3867 163
143 3868
3869 204
679 558
461 3870
1600 21
1406 3871
224 669
282 3872
238 586
3873 818
1322 271
532 110
3874 245
658 3875
1361 569
132 3876
257 1886
789 3877
120 256
166 3878
218 221
72 3879
282 3880
137 3881
1421 9
31 383
465 3460
805 555
393 482
55 3882
375 1969
20 3883
150 3884
519 1170
445 473
3647 183
229 400
3885 29
1423 3886
3887 60
813 1702
3888 419
188 3889
107 3890
1262 499
161 2037
570 3891
229 3892
207 513
3893 916
3894 586
1194 3
2426 303
391 3895
3896 763
1446 3897
3193 330
3898 811
421 3899
3900 43
3901 127
232 35
2374 856
3902 1154
37 869
3903 852
891 3904
3905 824
3906 459
77 1051
3907 171
123 3908
3909 256
2470 661
526 3910
175 3911
454 3912
88 410
40 3634
3913 464
52 3914
283 3915
683 692
3916 393
179 3917
1446 686
387 3918
768 2149
284 3919
528 3920
151 404
2477 2900
3921 137
564 610
333 1003
3922 24
453 1667
450 3923
3924 910
3925 35
155 3920
361 1918
305 88
3926 137
442 1407
394 1446
513 1103
66 661
856 3927
350 3928
3929 845
1365 444
3930 236
801 3931
236 438
158 3932
3933 21
2582 127
120 263
280 3934
759 811
194 333
26 1222
445 3935
253 3936
1154 135
11 3937
850 299
60 2871
730 3938
3939 256
411 587
20 463
628 3940
1285 9
700 501
120 3941
789 3942
171 321
644 3943
3944 210
3134 811
127 3945
155 528
971 3946
3947 193
3948 562
744 696
718 47
3949 309
818 2976
3950 274
110 2816
1010 1884
32 3951
1534 260
226 1817
160 3952
3953 3442
423 421
3954 355
3283 528
2052 1203
424 1498
3955 716
24 182
1050 654
419 3956
120 564
3957 947
920 205
720 3958
171 3959
2848 43
1615 1418
245 449
24 1345
669 3960
3961 1102
3962 160
3963 712
344 118
3964 253
1833 426
148 3788
3965 137
3966 117
3967 336
198 501
3968 832
824 3969
447 229
3970 145
3971 47
3972 158
58 126
812 3973
762 193
88 376
2284 2484
3974 811
173 2449
226 1034
227 3
387 793
1406 1971
3975 821
593 161
2886 957
1304 841
2133 24
284 3976
409 3977
330 3978
83 3979
3980 274
229 3981
409 372
500 1023
1520 3982
3983 38
3984 274
3985 513
280 25
299 3986
9 713
12 3987
450 3988
194 400
88 837
3989 331
3990 1187
112 806
3991 303
90 110
3992 163
1799 256
60 117
2018 218
3993 758
821 2647
3994 553
3995 55
229 1563
971 3996
220 271
628 3997
249 3998
487 1108
2775 758
959 3999
683 3598
1410 827
4000 231
331 4001
297 4002
3531 383
88 4003
155 995
2133 274
442 437
249 4004
4005 634
169 4006
184 4007
11 4008
4009 5
442 789
393 211
4010 91
4011 303
4012 1102
4013 806
870 4014
4015 1187
70 4016
158 4017
109 400
3651 154
4018 519
314 4019
138 4020
1481 3157
700 4021
105 1496
421 45
111 280
1743 191
361 1702
218 4022
4023 882
145 4024
4025 882
199 546
1727 245
194 1595
127 916
175 4026
1002 4027
361 4028
1900 1840
204 176
309 4029
184 2606
679 4030
818 3823
361 4031
171 4032
52 4033
77 1513
2330 35
440 738
421 4034
4035 421
601 191
920 444
166 400
11 4036
4037 260
1577 787
832 4038
120 3819
2321 373
886 4039
1730 117
4040 43
188 2828
4041 231
284 4042
50 4043
86 2074
248 4044
4045 303
1406 4046
442 546
4047 1584
2133 971
1896 971
171 2317
4048 530
1481 4049
430 4050
249 4051
109 4052
216 1710
4053 231
818 4054
385 4055
1034 4056
1863 4057
373 4058
4059 1030
4060 583
11 4061
896 4062
4063 277
718 271
175 2518
1097 4064
1074 4065
421 4066
290 630
127 4067
669 666
5 925
679 1103
4068 29
4069 971
718 109
3231 38
2417 1036
4070 277
245 4071
902 99
4072 287
194 409
290 99
58 1360
273 2764
52 457
709 4073
424 4074
818 3693
4075 610
669 4076
476 127
933 4077
4078 385
1452 4079
426 205
4080 35
5 4081
9 4082
188 767
186 4083
718 4084
63 2036
832 4085
844 2065
391 4086
442 1654
309 4087
38 4088
4089 99
861 4090
896 4091
3409 758
970 1146
1518 581
434 4092
194 380
24 1394
40 1304
933 99
1293 654
21 25
4093 553
2956 249
381 4094
612 1473
4095 555
1034 400
96 3734
867 3708
2518 193
466 100
367 216
120 3841
2609 91
47 473
4096 343
3829 299
60 4097
4098 461
4099 989
856 493
110 2410
204 4100
4101 127
197 4102
787 4103
744 4104
24 229
4105 387
4106 1534
126 3202
391 4107
218 4108
1485 1002
204 4109
4110 922
679 4111
226 4112
245 4113
628 4114
249 193
105 2957
1874 200
88 184
744 3395
361 2031
303 4115
424 3422
4116 91
1410 461
283 4117
131 1406
709 500
4118 38
4119 553
960 1391
1652 2220
86 282
991 4120
4121 744
70 4122
224 1400
1899 1075
570 4123
158 4124
442 4125
194 4084
896 4126
385 4127
204 4128
131 4129
631 4130
229 3437
4131 933
12 4132
122 43
197 4133
442 3456
75 4134
4135 210
4136 1675
896 4137
186 4138
194 4139
3815 3693
350 245
4140 484
1050 4141
182 444
2435 2811
398 2052
4142 1418
712 4143
4144 628
309 4145
4146 455
419 50
35 376
366 2935
4147 3497
86 1075
175 3309
4148 991
4149 482
1418 4150
718 1206
100 853
671 47
297 373
4151 562
891 4152
4153 117
989 229
120 354
63 4154
910 4155
245 193
75 4156
3815 1074
935 182
419 1306
317 86
3594 331
4157 158
661 251
4158 253
4159 553
4160 331
50 1758
405 4161
1518 99
741 4162
282 906
625 424
479 3317
4163 622
967 4164
195 4165
4166 117
205 4167
4168 484
123 4169
83 744
4170 277
991 81
4171 773
218 1474
4172 193
700 4173
1557 260
126 100
1406 4174
4175 118
161 869
4176 260
4177 1074
809 1861
4178 1387
691 55
669 3866
4179 99
2692 9
762 4180
4181 287
4182 50
375 129
99 1406
1129 4183
16 4184
2259 1584
1074 222
1074 4185
2419 283
730 4186
762 4187
4188 811
333 2441
1406 3917
166 4189
1874 419
4190 100
421 4191
224 2272
496 35
4192 444
175 4193
4194 546
416 1647
1218 882
4195 1154
856 4196
94 4197
482 4198
4199 1476
1452 569
38 2475
163 3754
832 1513
48 4200
700 176
26 1170
1684 1187
4201 801
283 4202
292 3348
283 4203
555 4204
706 193
2284 4205
4206 1452
574 449
440 2760
274 4207
69 343
107 555
284 4208
226 3
4209 438
4210 530
79 447
218 4211
283 4212
162 513
1154 4213
4214 35
640 4215
466 846
52 3023
4216 546
4217 186
473 3751
720 539
229 2418
718 465
2225 720
350 4218
821 449
1481 2735
63 4219
2046 236
60 4220
1295 137
393 4221
26 4222
343 4223
276 546
818 852
2935 3
309 4224
7 395
681 4225
11 4226
40 4227
581 383
105 4228
812 4229
1185 169
4230 1209
4231 171
179 4232
4233 773
4234 148
277 4235
4236 137
4237 640
998 43
333 821
257 3665
447 1250
861 4238
4239 309
547 4240
4241 555
4242 231
197 4243
821 575
622 1418
404 484
1002 1723
821 3222
440 4244
92 1476
617 4245
194 4246
290 407
4247 38
1002 706
2018 154
4248 91
19 538
718 1474
4087 107
466 1128
105 2537
2185 421
2385 4249
4250 1097
886 4251
700 4252
231 4253
679 1727
333 1474
2385 4254
189 1092
171 4255
411 4256
2029 867
253 4257
4258 19
3443 193
277 4259
4260 191
574 331
1304 393
4261 127
2259 4262
403 4263
474 5
410 528
2435 4264
393 4265
852 4266
1036 4267
845 1400
902 339
1236 763
689 177
1054 154
1289 4268
55 4269
4270 712
424 4271
2529 197
2514 484
105 725
58 211
4272 295
1406 4273
4274 3
4275 236
3484 299
379 1471
109 1781
395 3925
4276 303
4277 2663
249 4278
75 1088
40 809
94 245
2419 330
679 4279
4280 163
1784 245
197 4056
4281 385
131 2053
407 280
4282 763
5 258
166 4283
102 4284
224 4285
4286 3
4287 280
4288 383
91 345
1975 1237
3456 11
570 380
644 4289
109 111
718 1849
4290 331
4291 744
661 4292
424 4293
4294 234
163 4295
1005 336
4296 191
189 204
4297 60
1423 222
418 50
123 193
1406 4298
2526 4299
234 201
752 248
846 137
910 143
4300 977
282 3024
4301 105
4302 1574
3380 145
1045 1187
2945 189
4303 634
4304 744
712 4305
1057 718
661 2091
1775 1102
194 787
218 47
282 4306
4307 331
806 4308
720 4309
81 758
424 4310
679 3466
166 2001
198 1063
231 4311
672 464
614 4312
465 445
30 4313
331 473
4314 236
4315 1271
473 1428
4316 253
434 617
112 4317
77 4318
387 4130
3234 1075
4319 720
4320 555
4321 236
615 2546
1105 2841
2299 3253
4322 1030
3242 14
764 4323
654 4324
4325 977
4326 228
989 2109
173 4327
93 546
277 4328
4329 99
4330 215
220 1474
631 4331
4332 416
767 694
4333 131
773 4334
669 2296
3900 40
226 529
4335 38
2834 131
290 4336
52 4337
861 4338
2643 50
669 4339
1059 4340
1050 407
77 3727
398 1395
292 861
4341 50
445 907
229 1413
58 86
4342 331
132 4343
1059 4344
379 773
3083 231
405 4345
4346 434
4347 882
4348 407
1549 231
109 173
2526 4349
4350 719
861 1748
1481 4351
2013 24
4352 1400
1495 4353
60 3942
9 4354
297 143
1262 4355
260 449
197 4356
4258 583
4357 1262
188 1248
55 4358
66 3517
4359 330
3376 3
2195 280
4360 1209
120 2669
188 4361
712 4362
2091 191
1988 484
960 4363
4364 234
867 176
570 482
189 229
669 1394
4365 927
528 449
4366 528
1720 4367
535 4300
253 3091
2385 1794
4368 166
1533 260
683 1514
867 1458
496 409
105 2225
1039 4369
1921 145
4097 1095
989 4370
783 4371
218 143
612 100
4372 55
43 4373
109 4374
274 321
60 4375
466 1513
4376 340
424 4377
118 3634
35 4378
1665 430
4379 528
4380 528
628 4381
75 3959
2128 79
379 4382
4383 856
55 4384
226 2
184 1727
137 4385
226 4386
4387 628
886 837
403 2639
4388 79
4389 4390
1092 4391
389 4392
282 4393
421 4394
1473 853
1346 445
194 718
47 4395
953 4396
871 4397
188 1034
253 4398
4399 359
582 438
4400 277
447 228
3293 37
628 4401
1615 395
282 4402
430 4403
719 2092
4404 145
3081 141
385 4405
658 3527
179 4406
4407 1920
4408 1702
4409 811
143 4410
298 821
361 51
827 4411
2903 569
4412 256
733 449
3867 215
211 1473
226 403
4413 163
145 4414
4415 12
2191 2480
2469 1154
1406 4416
110 2702
1730 4417
105 4418
169 4419
4420 183
758 4421
2018 2126
204 139
744 2938
1295 869
734 4422
35 185
143 4155
4423 811
1055 222
395 4424
416 49
4425 389
105 2237
2930 2647
1050 280
730 1698
4426 4427
453 4428
184 4429
64 4430
445 4431
83 4432
1220 4176
166 3313
767 2544
2191 581
4433 960
331 4434
789 1730
398 131
60 116
4435 183
375 2606
744 1435
161 280
4436 9
870 4437
726 77
644 4438
424 3426
3497 3754
586 4439
120 920
218 4440
4441 50
145 4442
812 4443
767 2344
1520 4444
1406 4445
4446 640
669 890
309 4447
967 4448
4449 947
3850 2760
4350 94
4450 758
902 2892
991 2052
867 380
4451 195
105 935
110 2771
4452 763
4453 806
81 4454
4455 476
4456 569
4457 852
725 21
109 24
195 4458
194 37
2626 141
1010 4459
2760 256
669 4460
4461 852
595 586
2913 193
1481 4462
4463 35
295 4464
1074 4465
442 4466
77 4467
2419 309
4125 385
1387 4290
4468 569
282 4469
777 200
744 1132
689 845
783 4470
21 3883
2369 7
1289 4471
143 4472
1276 393
195 4473
4474 3693
827 4475
333 4476
479 4477
366 4478
355 4479
165 4480
375 3139
547 4481
274 1345
1570 4482
1030 4483
64 4484
4485 1271
933 426
574 1220
4486 38
1452 4487
131 4488
2735 744
3227 773
818 1702
3136 5
4489 744
50 4490
4491 280
77 2586
1799 118
1811 615
977 4358
614 497
141 4492
812 3232
2062 3
1041 4493
1528 4494
4495 801
440 100
4496 513
4497 35
1041 1060
4498 869
3639 249
669 193
26 4499
4500 1702
4501 3
957 3935
282 487
4502 340
277 4503
387 4402
159 361
4504 117
719 221
718 850
1059 4505
2633 4506
229 2651
1753 1731
175 4507
120 345
424 4508
1299 37
280 143
813 546
4509 787
4510 81
30 4511
861 4512
72 444
4513 86
871 4514
4515 555
30 4516
593 222
3812 1108
589 1457
466 4517
1702 922
440 4518
77 4519
126 2074
3207 105
184 4520
224 4521
1864 971
4522 818
375 195
461 664
700 193
99 3253
4523 55
3780 91
2008 758
175 4524
249 4525
555 4526
1730 4527
398 3232
171 4528
24 2293
4529 513
350 4530
466 4531
4532 383
773 4533
1180 4534
484 4535
375 191
4536 1675
385 4537
734 4538
718 2242
440 3136
4246 150
1293 407
226 4539
398 4540
2711 720
3697 4541
1002 271
359 2694
1055 4542
4543 154
4544 1452
110 1038
2121 763
148 4545
229 5
1038 229
88 4546
404 152
220 1303
238 459
719 3222
4547 38
265 4548
4549 801
63 796
24 4550
3900 1563
861 826
55 4551
4552 1108
1202 789
455 4553
4554 83
4555 150
3329 546
4556 553
445 499
1628 160
2990 730
3888 869
4557 654
4558 229
150 4559
220 1286
224 3442
844 538
4125 11
102 1214
257 399
4560 861
24 4561
4562 189
4563 3497
280 4564
4565 359
4566 1452
840 21
143 1492
679 4567
744 4568
661 555
194 311
173 280
3784 137
716 4569
24 2847
171 4570
1036 4571
933 2274
2776 110
2316 445
466 1217
161 229
126 3018
4572 145
120 2317
2284 4573
11 4574
4575 1710
367 1716
107 4576
330 4577
4390 4578
63 4579
295 4580
4581 1010
449 383
421 2488
4582 393
4583 744
971 665
123 438
163 277
385 4584
4585 118
99 426
989 457
1177 4586
654 2392
654 630
79 3804
127 4587
75 4588
403 706
159 380
4589 256
4590 256
2470 555
21 841
24 665
4591 63
336 2494
141 401
30 4592
806 484
3409 212
644 4593
1387 4594
3025 455
882 4595
63 4596
1446 395
4597 555
37 4598
3016 336
409 4599
4600 336
734 4601
679 4602
166 4603
52 3237
1009 882
2910 169
1863 2492
4604 60
333 719
806 4605
1009 811
614 4606
1365 4607
570 428
348 4608
2059 271
654 4609
767 1344
762 4610
3170 5
3067 7
55 1512
4611 553
4612 528
333 1055
154 2680
150 1403
1855 494
1566 380
1452 4613
126 140
409 1457
48 4614
669 4615
706 3
4616 183
126 4617
4618 2751
4619 379
4620 35
845 4621
40 4622
4623 806
612 447
58 4624
1528 806
4625 1563
194 671
217 154
150 220
245 882
454 4626
444 1071
229 21
4627 861
2215 131
1105 1690
126 280
956 77
1681 4628
126 3693
164 229
127 253
309 4629
385 4630
4631 154
447 3660
58 3439
226 1499
861 415
444 4632
4633 248
247 1664
2016 615
150 4634
744 3535
718 1809
75 4635
4636 395
265 99
1664 741
519 4637
339 4638
248 1685
528 4639
91 1103
4640 205
4641 933
218 94
179 4642
574 95
821 245
4643 151
1452 4644
662 4645
3850 4646
821 1087
118 4647
77 2480
679 4648
4649 297
166 470
158 4650
1720 2631
102 4651
801 785
367 4652
217 248
644 4491
44 4653
107 1517
4654 117
4655 960
1177 4656
896 4657
247 2906
158 623
700 4658
290 4659
654 143
282 4660
1710 972
16 4661
118 4662
4663 58
309 1886
2470 395
416 4664
4665 404
516 517
380 2343
175 4666
204 3573
64 4667
1146 4668
4669 787
350 4670
560 2615
4376 421
4671 163
334 20
55 1573
107 4672
764 4673
450 4674
195 4675
91 4676
24 922
744 4677
385 4678
4679 210
440 1074
450 4218
1020 21
700 4680
482 513
4681 438
752 869
1019 11
91 539
86 558
1261 447
4682 127
741 4683
630 2560
861 4684
141 4685
226 299
4686 1710
4687 63
184 4688
131 4689
249 2196
3175 991
166 4690
1030 4002
1105 4691
416 1476
1514 383
459 2000
3334 21
4092 154
391 4692
450 4693
52 4694
1990 127
818 971
4246 47
3222 260
895 366
4695 555
4696 927
421 4697
744 1758
1519 4698
3160 131
91 4699
4700 870
120 482
4701 195
164 64
379 38
1723 686
4702 385
309 4703
459 2383
40 4704
1681 653
1177 4705
424 4706
21 4707
1293 4550
473 811
622 4708
1624 20
4709 145
967 4710
4711 447
4712 256
718 499
2863 763
303 1367
1662 773
935 1290
2892 444
662 484
333 20
4713 70
4714 1675
4715 438
79 2014
2278 260
714 995
4010 801
198 4716
4717 1030
3222 449
654 5
1371 3
4718 1055
4558 1563
1054 610
2589 277
614 4719
282 4720
186 522
1085 260
466 4721
445 1548
4722 989
768 4723
75 4724
4725 169
52 105
455 1010
638 2284
4726 555
4727 274
465 2828
175 4728
827 4729
3607 519
2251 1534
173 2178
9 3127
1002 617
141 4219
4730 763
3709 773
110 1039
224 4034
380 610
767 207
24 1066
4731 628
3970 744
695 1095
184 4732
763 811
787 4733
434 4734
4735 135
3047 234
519 191
812 401
148 4736
126 282
166 2824
824 4737
175 4738
610 4739
4740 922
3893 231
825 1041
4741 555
4742 1400
73 444
2444 110
840 1340
4743 569
4744 1702
564 1217
30 197
4745 11
430 4746
659 773
99 5
72 4747
164 395
1261 532
1406 4748
2153 821
734 4749
43 4750
381 1893
105 457
166 2954
768 2037
76 274
403 1809
4751 99
2361 409
40 4752
850 453
16 4753
330 4754
1002 2092
11 4755
659 4756
35 3
292 3323
2786 1423
818 1452
1466 818
419 967
247 1056
120 100
916 1614
198 4235
194 4757
249 4758
361 4759
1573 2111
4466 546
4760 367
4761 43
4762 117
4763 787
4764 131
2435 2590
1909 354
832 2282
1418 493
1730 4765
11 3330
4766 546
4767 1097
398 4768
4769 806
718 671
171 4770
58 2473
4771 117
4772 148
440 4773
421 861
1030 4774
171 4775
482 100
3697 4776
2626 763
385 4777
716 4778
896 4779
1146 763
245 1474
60 4780
681 200
787 4781
216 4782
126 2764
4783 331
4784 55
856 3615
442 4785
127 2993
161 1658
4786 644
700 4787
374 383
499 21
247 4788
4789 183
330 4790
166 4791
44 1154
64 4792
4793 438
265 4794
458 215
806 3274
671 449
718 4795
273 2126
730 4030
4796 158
265 1496
1863 471
265 4797
630 4798
3607 35
669 4327
1570 623
4799 91
81 519
1063 23
253 4800
330 991
391 2894
719 3975
4801 171
661 4802
79 189
821 3434
340 4803
4804 330
856 4805
4806 856
4807 118
4808 256
1289 4809
2052 4295
1220 3
14 4810
2122 1476
818 4811
24 1628
4812 248
2940 581
2366 366
75 4813
197 1286
331 4814
1410 215
528 193
273 809
526 4815
4816 818
30 1650
4817 210
198 148
1348 383
1782 721
4818 262
4819 528
126 482
380 135
430 4820
4821 821
758 191
1206 47
1495 4822
189 3723
625 4823
1352 145
720 1320
52 407
5 861
4824 767
16 4825
4826 801
812 4827
4376 1289
297 47
4828 532
1442 247
4829 3
4830 183
902 2516
4831 86
99 4832
179 4833
4834 29
459 215
330 4835
4836 256
66 610
4837 124
1495 4838
4839 277
127 4840
1087 2126
218 4585
4841 1675
280 193
171 4842
4843 218
4844 1863
712 4845
4846 383
4847 787
720 4848
2428 569
256 4849
1570 4850
88 4851
229 1250
4852 530
123 4853
4854 2649
4855 705
1057 43
58 262
863 253
309 4856
2677 484
977 2283
4857 91
4858 763
4859 205
196 100
165 4860
331 4861
718 2153
126 161
105 515
1387 4862
424 4863
224 690
100 4864
712 4865
450 692
120 1283
4866 922
426 1071
840 4867
188 445
4868 303
744 4869
1 4870
395 4871
391 3647
171 182
989 4872
297 271
734 4873
19 4874
4875 610
4585 50
387 4876
801 4877
850 2153
4878 245
4670 169
734 4879
4880 1495
169 1075
2004 654
916 4881
1423 906
1720 2392
4882 1039
700 4883
256 354
2079 110
450 4884
37 271
3734 354
4885 215
52 4886
340 99
4887 274
1578 277
628 4888
48 773
1039 223
2084 910
99 739
628 4889
112 2576
461 215
734 4890
4891 438
4892 145
407 380
4893 1905
194 1825
519 3038
683 4894
245 4895
118 4896
479 4897
218 220
19 4898
154 4899
2481 484
679 1105
4900 256
957 4901
1528 4902
375 184
2262 99
280 4550
109 4450
4903 824
434 2270
58 558
40 489
361 2771
850 2647
971 2744
1916 1476
466 2095
77 4904
265 4905
226 4906
1017 20
398 4907
896 4908
249 1572
593 4909
1074 1702
513 3139
20 1214
292 4910
333 4911
367 4912
292 200
3645 204
3129 21
1709 528
222 4913
280 4914
570 2626
4915 131
700 4916
333 89
277 4917
361 4918
5 4919
123 4920
1237 4921
3009 35
3435 4922
72 474
131 4203
787 1517
869 1329
789 2826
30 4923
4924 1041
99 4925
3647 64
789 4926
700 4927
4928 145
1036 4929
4930 287
3016 154
1652 4931
4932 1237
1030 4933
99 1512
375 4529
3080 50
4934 1187
126 2152
783 3830
1606 277
2806 459
220 473
105 4358
70 4935
88 4936
1481 4937
850 995
4938 424
4939 1023
3060 9
867 4940
297 519
249 4941
70 4942
44 4943
440 3243
2647 449
165 150
4944 99
120 3599
700 4
222 2175
762 4945
4946 236
4947 741
94 220
179 3089
4513 387
245 351
4948 977
4949 3
188 4950
40 4951
564 4254
83 4952
806 4953
4954 459
1304 21
387 1360
166 4955
316 1520
3227 379
148 838
4956 256
971 922
1702 501
210 2955
4246 248
768 4957
160 1367
138 846
4958 131
11 4959
4960 690
361 4961
387 4962
630 4963
699 280
5 3472
3018 231
4964 55
330 787
340 407
1030 4965
4966 818
188 4967
375 3492
4968 461
4969 1563
4970 132
1059 4971
1059 1492
933 4972
3648 922
343 4973
4974 375
4975 519
3041 229
4976 1863
827 4977
910 1802
787 311
762 2702
1030 4890
570 1232
132 4978
1066 280
466 50
284 4979
4980 260
4981 216
148 1582
1829 248
4982 3693
718 473
40 3531
2316 1262
405 4983
2871 712
7 1452
83 4984
1055 4985
171 4986
280 4987
4988 14
882 2433
4989 200
4990 271
88 4991
445 222
35 4992
916 4993
138 2333
593 4994
445 4995
4996 197
2440 395
322 260
35 191
4997 29
1499 3
4998 960
226 143
4999 373
81 3891
409 5000
375 5001
614 5002
5003 131
131 4917
787 271
1259 280
175 204
5004 336
416 5005
361 160
265 5006
916 4067
5007 856
654 4019
403 736
2663 5008
43 1214
1387 3751
1418 5009
63 4840
2760 166
30 4909
4056 193
86 5010
77 5011
5012 212
2254 63
5013 30
5014 1753
303 4832
60 148
175 5015
479 2481
421 4268
1406 5016
32 5017
570 2625
587 5
2385 5018
236 5019
5020 967
60 5021
5022 1446
179 1520
5023 856
5024 686
231 4443
669 4787
850 331
479 5025
565 131
226 5026
5027 171
856 1637
220 499
91 975
4248 513
138 3641
361 1494
165 3660
679 200
683 5028
1289 2607
967 5029
5030 933
333 299
482 282
387 282
215 2053
175 3607
86 2479
88 1872
141 1236
75 5031
5032 922
131 1199
248 5033
833 811
2716 416
5034 555
1299 3293
5035 546
333 1840
479 5036
528 5037
83 5038
783 3592
333 5039
1423 212
265 2374
482 1360
177 2065
126 5040
24 280
91 4787
5041 256
5042 336
2363 195
5043 118
131 5044
5045 882
840 1394
1236 287
148 328
5046 277
361 5047
79 169
5048 236
564 2385
519 5049
253 2217
35 3811
3850 5050
1034 449
801 143
247 2016
1528 2541
273 2441
9 1066
40 1758
154 5051
184 5052
455 5053
268 5054
983 869
1423 86
385 1393
1059 5055
5056 1476
292 5057
575 260
81 1761
5058 1102
440 2351
290 251
824 5059
1089 4602
391 1252
5060 476
160 5061
5062 519
1329 193
423 340
48 3415
1423 282
5063 21
218 5064
340 5065
445 447
5066 1102
9 251
5067 38
5068 260
4437 193
658 5069
120 89
166 5070
453 5071
5022 395
380 1658
3521 359
331 5072
801 5073
5074 562
165 671
445 5075
659 5076
138 5077
110 5078
1041 5079
5080 373
99 3348
679 714
194 1299
1030 5081
38 3679
768 325
186 5082
5083 171
840 2410
1074 1286
539 1187
5084 145
5085 200
690 4168
2878 273
1519 870
132 5086
442 5087
886 5088
381 1045
447 4326
5089 811
1528 116
700 5090
348 5091
3482 91
32 1111
77 1743
809 910
5092 393
5093 861
450 1448
403 3042
