71 115
0 1
0 2
1 3
1 4
5 6
5 7
3 8
9 10
10 8
10 11
4 11
4 8
4 7
4 12
4 13
14 15
15 16
8 17
8 18
8 19
8 20
19 21
22 23
22 24
22 25
22 26
27 28
27 29
29 23
29 16
29 30
31 32
31 33
32 34
32 35
32 36
32 33
32 37
38 39
38 40
41 39
40 33
40 42
40 43
43 44
44 45
45 33
33 46
33 47
33 48
33 49
33 50
33 37
33 30
51 52
51 53
51 49
51 50
16 23
16 26
16 48
16 54
54 55
54 56
36 30
57 39
50 52
17 26
17 58
17 59
17 37
55 48
24 23
60 61
60 28
28 30
46 48
34 61
47 48
48 56
48 53
48 37
62 63
62 26
35 37
59 64
59 26
63 37
26 23
26 64
26 37
26 30
61 30
39 53
7 65
7 37
12 6
12 58
13 20
53 66
53 65
53 37
66 65
65 37
37 6
37 67
68 52
6 2
6 69
58 21
58 70
58 18
70 18
18 21
67 69
