1351 3241
0 1
0 2
0 3
4 5
4 6
4 7
8 9
8 10
8 11
12 13
12 14
12 15
16 17
16 18
16 19
20 21
20 22
20 23
24 25
24 26
24 27
28 29
28 30
28 31
32 33
32 34
32 35
36 25
36 37
36 38
39 40
39 41
39 42
43 44
43 45
43 46
47 44
47 45
47 46
48 29
48 49
48 50
51 52
51 45
51 53
54 55
54 56
54 57
58 59
58 60
58 61
62 63
62 9
62 64
65 66
65 67
65 68
69 70
69 71
69 22
72 73
72 74
72 75
76 67
76 77
76 59
78 26
78 79
78 80
81 82
81 11
81 83
84 85
84 86
84 87
88 41
88 89
88 90
91 92
91 93
91 94
95 93
95 96
95 97
98 99
98 100
98 101
102 103
102 104
102 105
106 107
106 108
106 109
110 111
110 112
110 113
114 115
114 116
114 117
118 119
118 120
118 121
122 75
122 60
122 123
124 125
124 126
124 49
127 128
127 129
127 130
131 132
131 133
131 134
135 136
135 14
135 23
137 138
137 139
137 140
141 10
141 142
141 143
144 138
144 145
144 146
147 148
147 149
147 150
151 152
151 100
151 132
153 154
153 115
153 155
156 157
156 158
156 159
160 161
160 162
160 46
163 33
163 164
163 165
166 167
166 168
166 169
170 125
170 83
170 171
172 41
172 89
172 90
173 174
173 175
173 79
176 177
176 178
176 23
179 180
179 164
179 181
182 183
182 57
182 184
185 186
185 187
185 188
189 190
189 120
189 191
192 128
192 80
192 193
194 195
194 64
194 196
197 25
197 26
197 27
198 199
198 200
198 155
201 202
201 203
201 204
205 121
205 146
205 206
207 208
207 209
207 210
211 174
211 175
211 79
212 213
212 214
212 215
216 13
216 217
216 143
218 183
218 57
218 184
219 152
219 121
219 111
220 221
220 27
220 97
222 29
222 223
222 134
224 66
224 67
224 68
225 99
225 226
225 120
227 1
227 2
227 3
228 154
228 115
228 155
229 188
229 230
229 21
231 232
231 42
231 165
233 125
233 234
233 235
236 237
236 175
236 238
239 240
239 7
239 241
242 161
242 226
242 243
244 245
244 246
244 247
248 213
248 249
248 21
250 161
250 162
250 46
251 34
251 252
251 253
254 13
254 14
254 15
255 256
255 86
255 257
258 93
258 96
258 97
259 132
259 133
259 134
260 261
260 262
260 263
264 265
264 266
264 267
268 269
268 270
268 271
272 139
272 273
272 274
275 276
275 129
275 277
278 196
278 279
278 178
280 33
280 15
280 281
282 199
282 200
282 155
283 139
283 284
283 235
285 271
285 146
285 105
286 287
286 50
286 68
288 82
288 11
288 83
289 181
289 290
289 291
292 158
292 38
292 191
293 294
293 169
293 295
296 111
296 133
296 117
297 284
297 298
297 299
300 130
300 234
300 158
301 302
301 303
301 304
305 66
305 306
305 307
308 92
308 93
308 94
309 265
309 34
309 271
310 125
310 83
310 171
311 44
311 312
311 96
313 15
313 314
313 206
315 316
315 317
315 303
318 256
318 86
318 257
319 149
319 281
319 168
320 181
320 115
320 321
322 199
322 200
322 155
323 181
323 115
323 321
324 298
324 240
324 325
326 13
326 241
326 327
328 66
328 67
328 68
329 136
329 330
329 113
331 332
331 10
331 325
333 71
333 294
333 134
334 56
334 335
334 235
336 273
336 89
336 279
337 215
337 338
337 150
339 340
339 302
339 61
341 342
341 70
341 262
343 152
343 121
343 111
344 261
344 175
344 325
345 213
345 249
345 21
346 195
346 100
346 241
347 342
347 154
347 31
348 349
348 350
348 351
352 353
352 354
352 355
356 349
356 27
356 59
357 358
357 40
357 150
359 208
359 360
359 94
361 125
361 234
361 235
362 5
362 237
362 290
363 364
363 35
363 306
365 321
365 303
365 366
367 284
367 298
367 299
368 17
368 369
368 370
371 63
371 372
371 46
373 364
373 82
373 177
374 375
374 376
374 203
377 125
377 126
377 49
378 196
378 312
378 123
379 71
379 221
379 307
380 174
380 238
380 210
381 33
381 15
381 281
382 52
382 140
382 57
383 30
383 83
383 74
384 385
384 298
384 67
386 249
386 92
386 14
387 388
387 389
387 87
390 237
390 246
390 221
391 261
391 175
391 325
392 6
392 393
392 338
394 298
394 240
394 325
395 5
395 6
395 7
396 306
396 397
396 206
398 40
398 41
398 42
399 400
399 393
399 112
401 13
401 217
401 143
402 99
402 291
402 403
404 92
404 266
404 351
405 351
405 238
405 291
406 214
406 226
406 2
407 195
407 284
407 202
408 71
408 221
408 307
409 161
409 162
409 46
410 183
410 269
410 411
412 246
412 413
412 18
414 154
414 115
414 155
415 186
415 187
415 188
416 99
416 226
416 120
417 213
417 214
417 215
418 364
418 256
418 245
419 66
419 306
419 307
420 397
420 376
420 117
421 422
421 385
421 269
423 265
423 266
423 267
424 41
424 425
424 426
427 74
427 411
427 210
428 316
428 157
428 3
429 199
429 2
429 430
431 400
431 432
431 133
433 71
433 221
433 307
434 435
434 240
434 149
436 437
436 438
436 142
439 190
439 120
439 191
440 25
440 37
440 38
441 306
441 397
441 206
442 312
442 443
442 277
444 139
444 284
444 235
445 302
445 303
445 304
446 167
446 168
446 169
447 448
447 247
447 449
450 37
450 148
450 451
452 335
452 453
452 360
454 364
454 82
454 177
455 221
455 27
455 97
456 158
456 38
456 191
457 188
457 230
457 21
458 174
458 432
458 31
459 121
459 146
459 206
460 99
460 291
460 403
461 180
461 164
461 181
462 340
462 243
462 463
464 465
464 183
464 116
466 400
466 432
466 133
467 99
467 100
467 101
468 355
468 257
468 307
469 119
469 120
469 121
470 52
470 45
470 53
471 351
471 238
471 291
472 73
472 473
472 277
474 128
474 80
474 193
475 321
475 303
475 366
476 130
476 332
476 217
477 342
477 355
477 116
478 385
478 479
478 480
481 240
481 7
481 241
482 181
482 290
482 291
483 332
483 338
483 448
484 438
484 389
484 393
485 199
485 2
485 430
486 342
486 70
486 262
487 63
487 372
487 46
488 38
488 171
488 366
489 330
489 140
489 453
490 491
490 335
490 223
492 37
492 40
492 26
493 17
493 18
493 19
494 66
494 306
494 307
495 85
495 64
495 426
496 21
496 22
496 23
497 273
497 89
497 279
498 70
498 145
498 279
499 500
499 438
499 501
502 246
502 413
502 18
503 349
503 27
503 59
504 190
504 120
504 191
505 349
505 350
505 351
506 41
506 89
506 90
507 437
507 108
507 508
509 510
509 9
509 90
511 165
511 171
511 61
512 21
512 22
512 23
513 85
513 314
513 443
514 162
514 50
514 281
515 70
515 71
515 22
516 183
516 269
516 411
517 312
517 443
517 277
518 358
518 1
518 202
519 5
519 6
519 7
520 372
520 290
520 178
521 152
521 121
521 111
522 45
522 77
522 480
523 195
523 64
523 196
524 138
524 145
524 146
525 85
525 86
525 87
526 500
526 527
526 193
528 221
528 27
528 97
529 237
529 175
529 238
530 103
530 104
530 105
531 119
531 55
531 203
532 126
532 129
532 501
533 93
533 96
533 97
534 138
534 139
534 140
535 287
535 50
535 68
536 130
536 332
536 217
537 25
537 26
537 27
538 180
538 113
538 366
539 126
539 129
539 501
540 388
540 389
540 87
541 354
541 104
541 252
542 330
542 140
542 453
543 270
543 501
543 109
544 128
544 142
544 143
545 63
545 372
545 46
546 190
546 79
546 413
547 316
547 317
547 303
548 52
548 140
548 57
549 269
549 270
549 271
550 209
550 375
550 123
551 422
551 105
551 480
552 221
552 27
552 97
553 266
553 168
553 491
554 71
554 294
554 134
555 353
555 5
555 154
556 125
556 234
556 235
557 158
557 38
557 191
558 500
558 527
558 193
559 188
559 35
559 204
560 214
560 369
560 253
561 73
561 562
561 304
563 22
563 49
563 109
564 437
564 438
564 142
565 354
565 104
565 252
566 567
566 180
566 413
568 128
568 129
568 130
569 570
569 66
569 425
571 130
571 234
571 158
572 232
572 42
572 165
573 180
573 164
573 181
574 270
574 501
574 109
575 500
575 164
575 232
576 287
576 50
576 68
577 437
577 438
577 142
578 438
578 389
578 393
579 44
579 312
579 96
580 340
580 243
580 463
581 355
581 257
581 307
582 161
582 276
582 583
584 358
584 126
584 479
585 138
585 287
585 18
586 152
586 299
586 97
587 174
587 175
587 79
588 86
588 217
588 397
589 270
589 148
589 465
590 583
590 159
590 169
591 332
591 338
591 448
592 196
592 279
592 178
593 256
593 369
593 594
595 276
595 129
595 277
596 422
596 261
596 245
597 213
597 214
597 215
598 435
598 562
598 594
599 351
599 238
599 291
600 5
600 237
600 290
601 317
601 430
601 253
602 567
602 55
602 349
603 139
603 284
603 235
604 188
604 230
604 21
605 29
605 223
605 134
606 202
606 203
606 204
607 249
607 234
607 186
608 208
608 360
608 94
609 85
609 64
609 426
610 570
610 66
610 425
611 261
611 175
611 325
612 181
612 290
612 291
613 136
613 295
613 90
614 139
614 273
614 274
615 138
615 287
615 18
616 136
616 295
616 90
617 276
617 162
617 145
618 70
618 71
618 22
619 312
619 443
619 277
620 276
620 162
620 145
621 208
621 107
621 243
622 351
622 238
622 291
623 29
623 49
623 50
624 237
624 246
624 221
625 22
625 49
625 109
626 149
626 281
626 168
627 99
627 291
627 403
628 71
628 294
628 134
629 21
629 22
629 23
630 270
630 148
630 465
631 1
631 184
631 223
632 353
632 432
632 247
633 240
633 7
633 241
634 85
634 86
634 87
635 53
635 230
635 193
636 17
636 369
636 370
637 358
637 126
637 479
638 639
638 294
638 42
640 34
640 252
640 253
641 130
641 332
641 217
642 375
642 376
642 203
643 55
643 56
643 57
644 68
644 327
644 449
645 5
645 237
645 290
646 17
646 369
646 370
647 1
647 184
647 223
648 180
648 113
648 366
649 448
649 375
649 650
651 570
651 213
651 508
652 273
652 360
652 451
653 214
653 226
653 2
654 139
654 284
654 235
655 435
655 240
655 149
656 448
656 375
656 650
657 316
657 87
657 232
658 37
658 40
658 26
659 44
659 312
659 96
660 70
660 71
660 22
661 119
661 75
661 425
662 162
662 50
662 281
663 128
663 142
663 143
664 37
664 148
664 451
665 261
665 262
665 263
666 73
666 473
666 277
667 190
667 668
667 430
669 148
669 149
669 150
670 34
670 252
670 253
671 265
671 266
671 267
672 92
672 93
672 94
673 527
673 435
673 155
674 479
674 302
674 200
675 397
675 376
675 117
676 1
676 2
676 3
677 1
677 2
677 3
678 342
678 355
678 116
679 104
679 56
679 101
680 19
680 167
680 304
681 403
681 200
681 187
682 353
682 432
682 247
683 583
683 132
683 204
684 180
684 113
684 366
685 400
685 60
685 96
686 196
686 279
686 178
687 438
687 389
687 393
688 199
688 2
688 430
689 66
689 67
689 68
690 276
690 162
690 145
691 330
691 594
691 451
692 115
692 116
692 117
693 385
693 479
693 480
694 349
694 350
694 351
695 298
695 240
695 325
696 479
696 302
696 200
697 190
697 668
697 430
698 37
698 40
698 26
699 400
699 60
699 96
700 340
700 53
700 295
701 364
701 35
701 306
702 136
702 330
702 113
703 403
703 200
703 187
704 639
704 17
704 63
705 706
705 350
705 562
707 111
707 112
707 113
708 353
708 354
708 355
709 74
709 411
709 210
710 68
710 327
710 449
711 177
711 167
711 712
713 52
713 140
713 57
714 45
714 77
714 480
715 128
715 129
715 130
716 639
716 294
716 42
717 314
717 706
717 389
718 570
718 66
718 425
719 119
719 75
719 425
720 570
720 82
720 184
721 82
721 11
721 83
722 70
722 145
722 279
723 340
723 243
723 463
724 195
724 284
724 202
725 650
725 473
725 426
726 350
726 93
726 267
727 71
727 221
727 307
728 388
728 389
728 87
729 349
729 27
729 59
730 63
730 9
730 64
731 372
731 473
731 354
732 92
732 266
732 351
733 246
733 413
733 18
734 73
734 74
734 75
735 273
735 360
735 451
736 583
736 132
736 204
737 353
737 5
737 154
738 249
738 92
738 14
739 126
739 129
739 501
740 639
740 411
740 191
741 33
741 15
741 281
742 196
742 279
742 178
743 266
743 168
743 491
744 167
744 168
744 169
745 252
745 527
745 112
746 232
746 42
746 165
747 245
747 246
747 247
748 82
748 11
748 83
749 448
749 247
749 449
750 397
750 376
750 117
751 330
751 140
751 453
752 130
752 332
752 217
753 567
753 19
753 30
754 40
754 41
754 42
755 111
755 133
755 117
756 13
756 217
756 143
757 327
757 77
757 94
758 330
758 594
758 451
759 183
759 269
759 411
760 364
760 256
760 245
761 33
761 164
761 165
762 435
762 562
762 594
763 33
763 34
763 35
764 119
764 55
764 203
765 570
765 82
765 184
766 358
766 1
766 202
767 437
767 108
767 508
768 252
768 527
768 112
769 265
769 34
769 271
770 237
770 175
770 238
771 41
771 425
771 426
772 108
772 321
772 80
773 25
773 11
773 52
774 330
774 594
774 451
775 422
775 261
775 245
776 56
776 335
776 235
777 7
777 388
777 159
778 314
778 706
778 389
779 38
779 171
779 366
780 208
780 209
780 210
781 53
781 230
781 193
782 271
782 146
782 105
783 510
783 263
783 274
784 6
784 393
784 338
785 92
785 266
785 351
786 119
786 120
786 121
787 111
787 112
787 113
788 26
788 79
788 80
789 125
789 234
789 235
790 265
790 215
790 187
791 269
791 270
791 271
792 73
792 74
792 75
793 15
793 314
793 206
794 128
794 142
794 143
795 422
795 261
795 245
796 180
796 164
796 181
797 273
797 360
797 451
798 422
798 105
798 480
799 108
799 321
799 80
800 73
800 562
800 304
801 302
801 303
801 304
802 567
802 55
802 349
803 40
803 41
803 42
804 25
804 37
804 38
805 85
805 86
805 87
806 29
806 49
806 50
807 139
807 273
807 274
808 364
808 35
808 306
809 422
809 261
809 245
810 125
810 83
810 171
811 270
811 148
811 465
812 15
812 314
812 206
813 174
813 238
813 210
814 73
814 473
814 277
815 165
815 171
815 61
816 209
816 375
816 123
817 437
817 712
817 263
818 41
818 89
818 90
819 364
819 82
819 177
820 195
820 64
820 196
821 174
821 238
821 210
822 312
822 443
822 277
823 215
823 338
823 150
824 317
824 430
824 253
825 125
825 83
825 171
826 99
826 291
826 403
827 25
827 37
827 38
828 103
828 104
828 105
829 463
829 89
829 449
830 639
830 17
830 63
831 181
831 115
831 321
832 316
832 87
832 232
833 1
833 184
833 223
834 570
834 213
834 508
835 306
835 397
835 206
836 284
836 298
836 299
837 85
837 64
837 426
838 510
838 443
838 101
839 437
839 108
839 508
840 639
840 294
840 42
841 53
841 230
841 193
842 154
842 115
842 155
843 358
843 40
843 150
844 527
844 435
844 155
845 10
845 142
845 143
846 372
846 473
846 354
847 132
847 133
847 134
848 186
848 370
848 287
849 335
849 453
849 360
850 273
850 89
850 279
851 177
851 178
851 23
852 583
852 159
852 169
853 388
853 299
853 712
854 63
854 9
854 64
855 353
855 432
855 247
856 29
856 30
856 31
857 103
857 6
857 508
858 332
858 338
858 448
859 183
859 57
859 184
860 92
860 93
860 94
861 262
861 650
861 453
862 863
862 479
862 302
862 200
864 190
864 668
864 430
865 354
865 104
865 252
866 257
866 267
866 376
867 302
867 303
867 304
868 44
868 312
868 96
869 149
869 281
869 168
870 25
870 11
870 52
871 161
871 276
871 583
872 138
872 145
872 146
873 45
873 77
873 480
874 190
874 79
874 413
875 465
875 230
875 3
876 316
876 157
876 3
877 125
877 126
877 49
878 56
878 335
878 235
879 13
879 241
879 327
880 119
880 75
880 425
881 30
881 83
881 74
882 510
882 263
882 274
883 138
883 139
883 140
884 276
884 129
884 277
885 215
885 338
885 150
886 261
886 262
886 263
887 108
887 321
887 80
888 273
888 360
888 451
889 353
889 432
889 247
890 385
890 298
890 67
891 161
891 276
891 583
892 111
892 112
892 113
893 128
893 80
893 193
894 17
894 18
894 19
895 340
895 243
895 463
896 491
896 335
896 223
897 26
897 79
897 80
898 209
898 375
898 123
899 37
899 148
899 451
900 350
900 93
900 267
901 152
901 100
901 132
902 103
902 44
902 668
903 388
903 299
903 712
904 7
904 388
904 159
905 353
905 354
905 355
906 208
906 107
906 243
907 115
907 116
907 117
908 332
908 10
908 325
909 128
909 80
909 193
910 463
910 89
910 449
911 256
911 369
911 594
912 358
912 126
912 479
913 249
913 92
913 14
914 52
914 45
914 53
915 214
915 369
915 253
916 128
916 142
916 143
917 29
917 223
917 134
918 38
918 171
918 366
919 9
919 10
919 11
920 639
920 17
920 63
921 270
921 501
921 109
922 342
922 70
922 262
923 208
923 107
923 243
924 437
924 712
924 263
925 353
925 5
925 154
926 188
926 35
926 204
927 214
927 369
927 253
928 567
928 55
928 349
929 327
929 77
929 94
930 510
930 9
930 90
931 125
931 126
931 49
932 266
932 168
932 491
933 340
933 53
933 295
934 350
934 93
934 267
935 139
935 273
935 274
936 321
936 303
936 366
937 157
937 668
937 199
938 1
938 184
938 223
939 276
939 129
939 277
940 349
940 350
940 351
941 570
941 82
941 184
942 59
942 60
942 61
943 68
943 327
943 449
944 353
944 354
944 355
945 213
945 249
945 21
946 181
946 290
946 291
947 316
947 87
947 232
948 29
948 30
948 31
949 188
949 35
949 204
950 639
950 411
950 191
951 261
951 175
951 325
952 195
952 100
952 241
953 287
953 50
953 68
954 41
954 425
954 426
955 149
955 281
955 168
956 385
956 479
956 480
957 650
957 473
957 426
958 321
958 303
958 366
959 44
959 45
959 46
960 240
960 7
960 241
961 119
961 120
961 121
962 85
962 314
962 443
963 317
963 430
963 253
964 270
964 501
964 109
965 188
965 35
965 204
966 491
966 335
966 223
967 437
967 712
967 263
968 266
968 168
968 491
969 7
969 388
969 159
970 249
970 234
970 186
971 265
971 34
971 271
972 157
972 158
972 159
973 190
973 120
973 191
974 388
974 389
974 87
975 138
975 145
975 146
976 177
976 167
976 712
977 340
977 302
977 61
978 86
978 217
978 397
979 314
979 706
979 389
980 99
980 100
980 101
981 161
981 162
981 46
982 19
982 167
982 304
983 639
983 17
983 63
984 68
984 327
984 449
985 25
985 11
985 52
986 372
986 473
986 354
987 30
987 83
987 74
988 271
988 146
988 105
989 25
989 11
989 52
990 190
990 79
990 413
991 372
991 290
991 178
992 294
992 169
992 295
993 63
993 9
993 64
994 29
994 30
994 31
995 262
995 650
995 453
996 317
996 209
996 370
997 500
997 164
997 232
998 332
998 338
998 448
999 388
999 299
999 712
1000 188
1000 230
1000 21
1001 152
1001 299
1001 97
1002 527
1002 435
1002 155
1003 136
1003 14
1003 23
1004 422
1004 385
1004 269
1005 335
1005 453
1005 360
1006 9
1006 10
1006 11
1007 232
1007 42
1007 165
1008 510
1008 443
1008 101
1009 104
1009 56
1009 101
1010 19
1010 167
1010 304
1011 265
1011 266
1011 267
1012 510
1012 443
1012 101
1013 56
1013 335
1013 235
1014 202
1014 203
1014 204
1015 385
1015 298
1015 67
1016 273
1016 89
1016 279
1017 195
1017 100
1017 241
1018 500
1018 164
1018 232
1019 342
1019 154
1019 31
1020 196
1020 312
1020 123
1021 276
1021 162
1021 145
1022 342
1022 154
1022 31
1023 375
1023 376
1023 203
1024 510
1024 9
1024 90
1025 107
1025 274
1025 403
1026 249
1026 234
1026 186
1027 317
1027 209
1027 370
1028 256
1028 86
1028 257
1029 256
1029 369
1029 594
1030 364
1030 256
1030 245
1031 107
1031 274
1031 403
1032 364
1032 256
1032 245
1033 316
1033 157
1033 3
1034 257
1034 267
1034 376
1035 256
1035 86
1035 257
1036 181
1036 115
1036 321
1037 252
1037 527
1037 112
1038 22
1038 49
1038 109
1039 706
1039 491
1039 463
1040 350
1040 93
1040 267
1041 265
1041 34
1041 271
1042 157
1042 158
1042 159
1043 186
1043 370
1043 287
1044 342
1044 355
1044 116
1045 190
1045 668
1045 430
1046 161
1046 276
1046 583
1047 567
1047 180
1047 413
1048 583
1048 159
1048 169
1049 177
1049 167
1049 712
1050 208
1050 360
1050 94
1051 103
1051 6
1051 508
1052 195
1052 64
1052 196
1053 138
1053 139
1053 140
1054 74
1054 411
1054 210
1055 86
1055 217
1055 397
1056 358
1056 40
1056 150
1057 162
1057 50
1057 281
1058 500
1058 438
1058 501
1059 358
1059 1
1059 202
1060 73
1060 562
1060 304
1061 152
1061 100
1061 132
1062 158
1062 38
1062 191
1063 45
1063 77
1063 480
1064 148
1064 149
1064 150
1065 107
1065 274
1065 403
1066 6
1066 393
1066 338
1067 249
1067 92
1067 14
1068 121
1068 146
1068 206
1069 317
1069 209
1069 370
1070 103
1070 6
1070 508
1071 567
1071 55
1071 349
1072 111
1072 133
1072 117
1073 570
1073 213
1073 508
1074 25
1074 26
1074 27
1075 639
1075 411
1075 191
1076 13
1076 241
1076 327
1077 157
1077 668
1077 199
1078 358
1078 1
1078 202
1079 583
1079 132
1079 204
1080 73
1080 473
1080 277
1081 400
1081 393
1081 112
1082 317
1082 209
1082 370
1083 237
1083 246
1083 221
1084 355
1084 257
1084 307
1085 403
1085 200
1085 187
1086 107
1086 274
1086 403
1087 639
1087 294
1087 42
1088 75
1088 60
1088 123
1089 130
1089 234
1089 158
1090 570
1090 213
1090 508
1091 157
1091 668
1091 199
1092 33
1092 164
1092 165
1093 126
1093 129
1093 501
1094 500
1094 527
1094 193
1095 465
1095 183
1095 116
1096 403
1096 200
1096 187
1097 41
1097 425
1097 426
1098 570
1098 66
1098 425
1099 237
1099 246
1099 221
1100 74
1100 411
1100 210
1101 99
1101 226
1101 120
1102 202
1102 203
1102 204
1103 59
1103 60
1103 61
1104 500
1104 438
1104 501
1105 103
1105 44
1105 668
1106 257
1106 267
1106 376
1107 213
1107 214
1107 215
1108 136
1108 295
1108 90
1109 246
1109 413
1109 18
1110 208
1110 107
1110 243
1111 332
1111 10
1111 325
1112 34
1112 252
1112 253
1113 196
1113 312
1113 123
1114 9
1114 10
1114 11
1115 13
1115 14
1115 15
1116 353
1116 5
1116 154
1117 342
1117 70
1117 262
1118 13
1118 217
1118 143
1119 157
1119 668
1119 199
1120 208
1120 209
1120 210
1121 465
1121 183
1121 116
1122 358
1122 40
1122 150
1123 463
1123 89
1123 449
1124 422
1124 385
1124 269
1125 195
1125 284
1125 202
1126 13
1126 241
1126 327
1127 245
1127 246
1127 247
1128 22
1128 49
1128 109
1129 85
1129 314
1129 443
1130 13
1130 14
1130 15
1131 104
1131 56
1131 101
1132 342
1132 154
1132 31
1133 119
1133 75
1133 425
1134 52
1134 140
1134 57
1135 448
1135 375
1135 650
1136 63
1136 372
1136 46
1137 316
1137 317
1137 303
1138 55
1138 56
1138 57
1139 400
1139 60
1139 96
1140 422
1140 105
1140 480
1141 15
1141 314
1141 206
1142 103
1142 104
1142 105
1143 5
1143 237
1143 290
1144 10
1144 142
1144 143
1145 121
1145 146
1145 206
1146 55
1146 56
1146 57
1147 510
1147 443
1147 101
1148 161
1148 226
1148 243
1149 104
1149 56
1149 101
1150 294
1150 169
1150 295
1151 73
1151 562
1151 304
1152 33
1152 15
1152 281
1153 510
1153 263
1153 274
1154 372
1154 290
1154 178
1155 270
1155 148
1155 465
1156 174
1156 432
1156 31
1157 162
1157 50
1157 281
1158 53
1158 230
1158 193
1159 108
1159 321
1159 80
1160 479
1160 302
1160 200
1161 165
1161 171
1161 61
1162 5
1162 6
1162 7
1163 332
1163 10
1163 325
1164 30
1164 83
1164 74
1165 385
1165 298
1165 67
1166 271
1166 146
1166 105
1167 237
1167 175
1167 238
1168 706
1168 350
1168 562
1169 567
1169 19
1169 30
1170 465
1170 230
1170 3
1171 92
1171 266
1171 351
1172 269
1172 270
1172 271
1173 93
1173 96
1173 97
1174 136
1174 295
1174 90
1175 437
1175 712
1175 263
1176 26
1176 79
1176 80
1177 148
1177 149
1177 150
1178 316
1178 87
1178 232
1179 256
1179 369
1179 594
1180 330
1180 594
1180 451
1181 85
1181 314
1181 443
1182 183
1182 269
1182 411
1183 195
1183 100
1183 241
1184 249
1184 234
1184 186
1185 152
1185 121
1185 111
1186 567
1186 19
1186 30
1187 152
1187 100
1187 132
1188 252
1188 527
1188 112
1189 372
1189 473
1189 354
1190 213
1190 249
1190 21
1191 650
1191 473
1191 426
1192 29
1192 49
1192 50
1193 167
1193 168
1193 169
1194 99
1194 100
1194 101
1195 177
1195 178
1195 23
1196 103
1196 44
1196 668
1197 422
1197 385
1197 269
1198 510
1198 9
1198 90
1199 7
1199 388
1199 159
1200 128
1200 129
1200 130
1201 306
1201 397
1201 206
1202 400
1202 60
1202 96
1203 136
1203 330
1203 113
1204 199
1204 2
1204 430
1205 75
1205 60
1205 123
1206 317
1206 430
1206 253
1207 435
1207 562
1207 594
1208 208
1208 360
1208 94
1209 103
1209 6
1209 508
1210 463
1210 89
1210 449
1211 70
1211 145
1211 279
1212 75
1212 60
1212 123
1213 388
1213 299
1213 712
1214 157
1214 158
1214 159
1215 261
1215 262
1215 263
1216 354
1216 104
1216 252
1217 500
1217 164
1217 232
1218 706
1218 350
1218 562
1219 214
1219 369
1219 253
1220 316
1220 157
1220 3
1221 115
1221 116
1221 117
1222 132
1222 133
1222 134
1223 99
1223 226
1223 120
1224 330
1224 140
1224 453
1225 33
1225 34
1225 35
1226 340
1226 53
1226 295
1227 103
1227 44
1227 668
1228 583
1228 159
1228 169
1229 265
1229 215
1229 187
1230 327
1230 77
1230 94
1231 465
1231 183
1231 116
1232 448
1232 247
1232 449
1233 37
1233 148
1233 451
1234 165
1234 171
1234 61
1235 66
1235 306
1235 307
1236 706
1236 491
1236 463
1237 340
1237 302
1237 61
1238 174
1238 432
1238 31
1239 583
1239 132
1239 204
1240 111
1240 133
1240 117
1241 400
1241 393
1241 112
1242 130
1242 234
1242 158
1243 437
1243 108
1243 508
1244 44
1244 45
1244 46
1245 10
1245 142
1245 143
1246 265
1246 215
1246 187
1247 706
1247 491
1247 463
1248 214
1248 226
1248 2
1249 355
1249 257
1249 307
1250 33
1250 34
1250 35
1251 527
1251 435
1251 155
1252 119
1252 55
1252 203
1253 52
1253 45
1253 53
1254 208
1254 209
1254 210
1255 294
1255 169
1255 295
1256 435
1256 562
1256 594
1257 340
1257 302
1257 61
1258 265
1258 215
1258 187
1259 186
1259 370
1259 287
1260 70
1260 145
1260 279
1261 107
1261 108
1261 109
1262 107
1262 108
1262 109
1263 6
1263 393
1263 338
1264 119
1264 55
1264 203
1265 500
1265 438
1265 501
1266 29
1266 223
1266 134
1267 177
1267 178
1267 23
1268 33
1268 164
1268 165
1269 570
1269 82
1269 184
1270 86
1270 217
1270 397
1271 650
1271 473
1271 426
1272 448
1272 375
1272 650
1273 284
1273 298
1273 299
1274 71
1274 294
1274 134
1275 262
1275 650
1275 453
1276 385
1276 479
1276 480
1277 174
1277 432
1277 31
1278 59
1278 60
1278 61
1279 364
1279 35
1279 306
1280 190
1280 79
1280 413
1281 364
1281 82
1281 177
1282 340
1282 53
1282 295
1283 500
1283 527
1283 193
1284 161
1284 226
1284 243
1285 375
1285 376
1285 203
1286 437
1286 438
1286 142
1287 215
1287 338
1287 150
1288 67
1288 77
1288 59
1289 422
1289 105
1289 480
1290 400
1290 432
1290 133
1291 19
1291 167
1291 304
1292 17
1292 369
1292 370
1293 465
1293 230
1293 3
1294 195
1294 284
1294 202
1295 567
1295 180
1295 413
1296 152
1296 299
1296 97
1297 196
1297 312
1297 123
1298 349
1298 27
1298 59
1299 397
1299 376
1299 117
1300 161
1300 226
1300 243
1301 209
1301 375
1301 123
1302 73
1302 74
1302 75
1303 435
1303 240
1303 149
1304 67
1304 77
1304 59
1305 152
1305 299
1305 97
1306 67
1306 77
1306 59
1307 465
1307 230
1307 3
1308 400
1308 393
1308 112
1309 138
1309 287
1309 18
1310 372
1310 290
1310 178
1311 510
1311 263
1311 274
1312 180
1312 113
1312 366
1313 435
1313 240
1313 149
1314 174
1314 175
1314 79
1315 38
1315 171
1315 366
1316 214
1316 226
1316 2
1317 136
1317 14
1317 23
1318 491
1318 335
1318 223
1319 262
1319 650
1319 453
1320 186
1320 187
1320 188
1321 257
1321 267
1321 376
1322 199
1322 200
1322 155
1323 186
1323 370
1323 287
1324 314
1324 706
1324 389
1325 335
1325 453
1325 360
1326 186
1326 187
1326 188
1327 567
1327 19
1327 30
1328 177
1328 167
1328 712
1329 706
1329 491
1329 463
1330 448
1330 247
1330 449
1331 298
1331 240
1331 325
1332 107
1332 108
1332 109
1333 327
1333 77
1333 94
1334 17
1334 18
1334 19
1335 400
1335 432
1335 133
1336 567
1336 180
1336 413
1337 138
1337 287
1337 18
1338 438
1338 389
1338 393
1339 136
1339 14
1339 23
1340 183
1340 57
1340 184
1341 37
1341 40
1341 26
1342 85
1342 64
1342 426
1343 245
1343 246
1343 247
1344 639
1344 411
1344 191
1345 174
1345 238
1345 210
1346 342
1346 355
1346 116
1347 358
1347 126
1347 479
1348 136
1348 330
1348 113
1349 316
1349 317
1349 303
1350 706
1350 350
1350 562
