126 189
0 1
2 3
4 5
6 7
8 9
10 11
12 13
14 15
16 17
18 19
20 21
22 23
24 25
26 23
27 28
29 30
31 32
33 34
35 36
37 38
39 40
41 42
43 11
44 45
45 15
46 12
47 48
49 50
51 52
16 53
30 54
55 56
57 58
44 59
60 56
55 39
9 48
61 28
62 63
59 64
56 65
66 67
41 68
69 9
70 71
69 72
18 73
74 75
47 40
76 77
78 27
46 19
79 80
66 81
82 58
83 34
76 50
84 85
86 72
68 13
87 7
88 89
66 90
17 36
29 91
49 90
10 92
83 38
93 33
94 95
96 40
78 91
97 98
97 68
97 51
22 67
69 98
87 95
99 100
35 101
60 63
79 25
102 103
104 105
100 106
61 106
62 105
21 7
49 34
70 65
107 103
108 101
99 88
4 88
46 84
70 109
24 36
89 3
83 85
91 50
44 63
16 96
37 110
111 72
102 54
8 100
94 71
57 112
29 73
99 113
35 109
111 43
6 92
57 43
114 21
20 17
115 32
104 33
108 64
116 117
14 54
118 42
119 25
86 120
6 52
61 121
79 11
122 103
1 2
108 85
74 92
114 115
94 121
59 28
104 51
123 2
124 12
37 80
53 15
124 113
75 22
98 109
112 121
107 106
76 65
120 117
55 122
78 123
26 110
125 38
82 5
14 110
93 96
31 13
118 39
8 125
74 64
0 122
114 125
18 119
41 27
60 115
42 80
86 45
107 81
105 89
5 101
31 67
24 81
75 47
62 119
102 52
82 30
118 116
58 32
113 77
26 71
19 95
20 123
111 1
120 90
0 84
23 3
10 77
93 112
73 48
4 116
124 53
87 117
