1846 2203
0 1
2 3
4 5
6 7
8 9
10 11
12 13
14 15
16 17
18 19
20 21
22 23
24 25
26 27
28 29
30 31
32 33
34 35
15 36
37 38
39 40
41 42
43 2
44 45
46 47
48 49
50 51
52 53
54 55
1 56
57 58
59 60
61 62
63 64
65 66
67 68
69 70
71 72
73 74
75 76
77 78
79 80
81 82
83 84
85 86
87 88
89 90
91 92
93 94
95 88
96 5
97 98
99 100
101 102
103 104
105 106
107 108
109 110
111 112
26 113
114 115
116 117
118 119
120 121
122 123
124 125
126 127
128 129
130 131
132 133
134 135
136 137
138 112
139 140
77 141
119 142
143 144
145 146
147 148
149 150
151 152
153 154
155 156
157 158
159 160
161 162
163 164
12 165
166 113
167 168
169 170
171 172
173 174
175 176
177 178
158 179
180 181
182 183
184 25
185 186
15 187
188 189
190 191
192 193
194 101
26 195
196 197
198 32
199 200
51 201
202 203
204 205
1 206
207 25
208 209
210 211
212 25
213 214
215 123
104 216
217 218
219 220
221 222
223 197
224 55
225 226
227 228
229 230
231 232
99 233
234 235
236 237
238 239
240 241
242 68
243 2
244 245
246 247
227 248
249 250
251 252
253 254
255 256
257 258
259 260
261 152
262 263
181 264
151 141
265 266
267 268
269 270
271 36
272 273
274 2
275 276
277 278
279 26
280 281
18 282
283 187
46 284
192 285
18 83
286 2
217 287
285 288
21 289
290 291
292 293
294 295
296 297
298 299
300 301
126 302
303 304
305 306
307 58
308 101
136 309
26 310
138 311
312 313
294 1
314 315
316 317
318 319
320 321
322 323
324 32
325 326
119 327
99 328
329 330
331 332
333 334
335 68
336 337
338 339
340 341
342 343
344 345
346 347
348 349
350 88
351 352
89 32
353 354
355 356
357 358
359 360
361 362
363 364
365 366
367 119
368 101
369 370
371 372
373 374
375 376
377 5
378 379
380 381
382 383
384 385
386 387
234 313
52 388
155 389
143 390
391 217
392 393
83 394
395 396
397 398
399 156
215 400
401 330
402 403
404 405
238 282
406 25
407 408
11 409
410 411
305 412
328 413
2 414
415 416
417 418
419 420
296 421
422 32
423 424
425 426
227 427
428 429
430 431
432 433
434 435
434 436
437 438
439 44
440 441
272 442
443 444
445 446
447 298
448 449
450 451
452 304
453 124
134 454
99 455
456 457
458 459
460 461
192 216
462 463
464 465
177 466
467 468
469 470
471 472
473 474
475 476
477 257
478 479
480 481
482 483
484 409
485 387
486 2
487 488
221 489
46 48
177 490
491 492
333 493
263 187
494 495
99 496
217 497
349 313
498 429
471 499
500 252
48 90
85 88
296 164
501 220
502 503
504 31
259 505
506 507
508 419
509 388
415 468
510 511
512 513
85 514
515 123
259 516
517 518
519 76
520 511
521 522
523 524
354 525
99 313
526 2
46 527
349 528
128 529
530 29
2 531
532 55
296 533
530 89
534 437
535 536
537 170
57 290
483 538
539 55
437 13
126 101
220 540
541 542
543 544
20 545
2 546
547 370
548 267
549 312
99 95
550 182
192 95
551 552
553 362
554 555
541 556
557 558
119 559
560 29
70 561
392 562
563 564
565 566
6 567
568 55
569 570
571 572
257 573
574 575
576 577
578 528
47 579
239 580
581 582
583 584
346 585
586 29
587 588
589 442
590 296
591 592
36 593
217 594
595 596
90 74
475 597
19 598
136 599
439 600
601 89
475 300
602 603
70 323
309 604
605 464
606 607
608 3
134 511
37 609
134 248
610 256
611 612
422 36
217 425
151 444
613 614
99 234
239 388
615 267
202 616
617 618
521 389
434 619
99 192
620 25
621 1
40 354
622 623
483 624
410 625
626 627
18 628
208 629
2 630
631 298
632 55
633 634
321 635
415 636
637 104
638 32
639 640
641 642
643 416
644 479
645 646
234 647
648 244
182 649
650 651
321 652
653 212
654 655
656 155
657 658
659 660
296 609
661 36
47 662
663 664
665 666
87 642
2 667
668 669
140 220
670 29
671 645
672 470
673 197
1 674
675 676
192 590
677 678
679 680
681 166
682 683
611 158
684 685
686 244
687 688
202 689
690 691
119 622
401 217
116 692
572 104
120 541
693 572
47 694
353 695
333 696
697 698
699 466
700 217
328 701
611 702
363 141
703 704
32 705
706 707
694 15
708 709
710 389
455 444
217 232
435 660
0 294
602 711
712 25
370 702
713 158
1 714
715 311
348 675
229 716
234 717
718 719
333 720
502 336
721 604
722 104
723 724
725 726
727 331
633 728
452 729
21 26
730 483
731 446
732 266
19 394
733 173
734 68
735 736
737 709
738 739
740 141
741 742
349 743
744 677
745 746
522 747
112 311
371 748
709 749
750 751
752 294
753 170
754 755
178 220
756 15
482 495
283 757
758 759
760 761
762 763
136 764
47 765
766 197
99 767
768 49
769 1
770 313
48 732
771 264
772 32
95 336
26 773
774 775
36 711
716 230
776 2
777 778
779 155
780 781
219 782
783 784
785 710
85 786
217 787
788 442
508 193
789 123
742 790
791 350
792 793
500 723
510 588
794 709
795 796
797 798
351 799
179 296
238 289
800 801
802 229
803 804
805 29
806 2
611 807
808 796
483 809
810 141
333 811
812 104
813 660
814 32
52 19
815 712
816 623
817 32
215 818
819 88
820 30
99 147
821 822
823 313
333 824
825 826
700 444
238 807
827 828
483 829
830 831
333 832
2 833
834 288
643 42
296 835
303 25
836 290
837 387
653 25
838 354
11 839
79 771
840 841
842 843
366 595
844 124
172 88
26 636
598 845
321 429
656 846
656 766
466 220
847 131
290 848
321 580
849 323
850 145
72 851
852 49
182 503
853 854
855 856
2 565
857 858
745 296
286 164
859 669
155 197
595 237
860 55
861 577
862 863
864 505
865 83
621 32
866 867
192 81
761 354
192 868
508 114
212 712
368 699
212 869
870 294
272 589
758 29
323 514
871 1
872 749
873 874
41 184
475 875
322 513
876 877
878 656
296 879
47 880
881 25
732 882
193 789
424 883
290 58
119 884
281 885
515 400
886 25
887 2
888 889
64 711
865 330
697 890
891 892
893 353
464 222
894 895
136 604
671 319
192 896
656 388
820 504
897 36
898 192
321 899
900 901
902 2
903 904
232 905
344 906
907 908
820 865
314 656
521 294
909 910
911 912
261 913
192 914
915 395
916 319
79 917
333 918
2 919
920 921
701 922
923 365
888 924
614 516
925 444
16 68
926 197
353 441
927 403
143 928
929 566
930 931
932 933
434 934
935 353
936 394
937 938
827 939
940 941
475 558
104 942
410 943
294 944
818 400
846 945
534 360
177 220
946 947
388 154
39 695
948 400
949 256
564 184
950 951
952 953
192 942
215 515
639 954
387 955
956 572
957 958
959 212
960 642
656 580
961 962
963 142
964 623
965 966
967 968
517 969
217 795
970 617
971 55
478 64
464 42
136 817
764 604
203 413
44 972
482 929
973 974
594 32
975 35
976 95
977 978
141 979
980 974
981 982
983 205
984 669
192 756
10 839
217 761
294 170
791 88
985 170
368 826
697 986
987 988
989 40
990 991
992 993
699 636
342 374
320 994
182 154
995 906
571 996
997 998
99 999
1000 1001
475 1002
238 1003
827 1004
1005 25
1006 1007
748 1008
452 173
1009 711
1010 433
1011 871
1012 1013
1014 1015
19 1016
244 438
1017 25
305 1018
1019 855
1020 549
456 1021
2 1022
136 1023
1024 1025
899 831
18 1016
1026 55
18 220
395 1027
437 359
1028 141
1029 1030
853 1031
979 332
1032 296
876 1033
1034 25
1035 1036
154 289
1037 645
623 1038
1039 730
656 1040
1041 349
101 160
1042 1043
1044 1045
475 1046
1047 294
1048 1049
1050 2
2 1051
715 138
1052 1053
1054 25
886 68
1055 1056
1057 1058
392 831
1059 394
967 1060
1061 55
1062 1063
228 252
251 181
1064 262
1065 1066
471 1067
1068 528
701 5
105 1069
114 1070
612 388
19 936
47 875
26 1071
817 604
202 1072
392 297
475 1073
992 1074
1075 349
1076 133
99 409
346 1077
1078 1079
1080 1081
477 573
572 1082
569 1083
1084 26
119 1085
606 1086
1087 968
303 212
992 1088
1089 572
392 1090
1091 572
48 1092
318 645
298 337
48 1093
1094 177
26 166
1095 36
81 1096
217 1097
18 1098
977 353
1099 551
1100 68
471 1101
1062 994
126 166
483 1102
340 1103
639 1104
2 807
76 1105
1106 1107
338 1093
876 1108
820 401
1109 70
1110 60
1111 368
2 1112
192 1113
1015 1114
1115 32
1116 25
1117 101
1118 60
366 280
758 906
760 55
661 294
46 508
1119 131
285 55
450 511
1120 1121
26 1122
296 1123
1124 1125
1126 1127
47 1128
151 724
483 1129
192 1130
466 277
1131 354
1132 577
1133 1134
1135 25
1136 1137
549 172
571 928
2 1138
333 1139
1140 154
2 474
551 817
569 1141
305 388
1142 1143
876 1144
1145 1146
217 51
668 32
407 1147
1148 1149
787 55
119 1150
111 60
1151 761
386 525
1152 1153
19 628
391 547
192 1154
333 1155
99 339
364 55
1156 608
512 1157
639 561
1158 1159
475 361
182 1160
2 1161
1079 1162
1163 370
394 1164
1165 298
228 603
1166 2
370 387
1167 294
401 83
810 711
653 561
424 1168
441 1169
346 291
853 90
430 1119
461 88
977 40
1170 296
899 1171
23 1172
99 689
1173 25
1174 1175
2 1176
769 1177
984 217
20 534
1178 998
122 400
29 1179
633 1180
564 328
1181 1182
267 1183
28 596
121 928
365 1184
1185 1036
26 766
236 595
1186 1187
1188 947
1068 911
523 1189
2 1190
1191 1192
1193 639
611 154
998 1194
893 374
1011 1195
1196 221
228 1197
304 1198
1199 1200
99 1201
217 56
1202 182
212 1198
296 218
328 1203
349 442
314 251
820 992
1204 144
308 218
85 1205
99 1206
1207 1208
893 354
308 217
892 1209
1210 35
1211 747
461 711
107 884
645 319
322 1212
580 154
1213 1094
953 1056
697 1214
235 429
158 1215
1216 903
838 1217
220 1218
752 787
119 133
1219 1220
502 298
1221 1222
136 1223
1224 827
699 611
1225 1010
1226 363
1227 994
1228 1229
689 1230
1231 13
1232 1233
1234 29
452 311
978 40
437 824
1235 1236
972 55
1234 906
1237 594
136 1238
888 141
1048 1239
182 1240
568 1241
437 1242
238 580
1232 220
315 1243
633 572
1234 596
1224 319
1244 1245
773 1246
1247 947
340 55
540 32
1248 1249
1250 1216
1202 322
340 344
1251 845
87 1252
1253 51
1254 32
1255 1256
1257 374
1031 313
1258 1259
340 1260
1005 171
845 1261
1262 32
1263 798
812 1124
869 25
298 1264
425 1265
315 220
987 1266
1267 656
1020 1268
119 1269
1270 404
1271 596
1272 424
261 1273
1274 323
1275 1246
1276 65
1277 2
296 1278
1279 1280
959 304
738 485
1281 1282
308 892
1283 461
1284 1285
1061 141
837 1286
645 843
1287 588
897 170
1288 1289
625 25
527 675
656 409
1290 1291
1046 89
975 1292
361 323
600 1293
1294 141
136 1205
77 1295
192 51
119 747
217 1296
951 32
303 869
1297 547
846 289
113 160
126 220
411 645
141 49
1298 459
40 441
83 330
1299 1300
378 1301
1143 1302
475 804
623 1303
1304 349
1256 164
1305 710
192 327
182 77
732 1306
656 154
348 124
969 1307
64 507
1308 836
19 1040
320 121
1309 2
1310 1311
1312 167
961 26
126 1179
980 605
1313 404
1314 1315
19 1316
1317 461
1318 943
1319 1320
769 937
1195 1209
7 108
18 1321
1322 104
99 602
1323 1324
121 605
34 1210
1325 1326
328 5
1327 398
2 1328
758 541
147 1329
192 609
325 267
1330 556
1331 23
143 871
1332 1228
1333 2
1151 742
1334 1
386 1169
365 1335
1336 600
1337 1338
0 170
1339 2
1340 444
1341 2
286 163
65 838
333 1342
684 1343
2 1344
40 695
184 353
1345 62
199 1346
99 29
1347 197
571 1348
1349 1350
124 513
308 234
1351 1352
1353 55
656 1354
1081 370
37 1113
1355 1356
126 281
40 1357
1045 716
452 602
317 1358
386 40
1359 1151
789 831
1178 365
261 610
1360 528
1361 343
1336 439
202 1362
1363 1364
1365 72
893 1169
136 1366
876 1367
602 884
217 748
588 1368
1369 645
561 212
475 1212
238 388
1370 748
19 1371
1372 36
471 906
18 126
594 29
1373 1374
333 1375
899 195
314 1376
397 99
1377 1087
1378 1379
217 580
1380 1381
193 32
827 1382
389 49
1383 79
1196 222
341 433
1384 32
1385 572
37 710
1275 92
1386 1387
1056 492
515 818
163 1256
441 1388
333 1389
1390 1345
1391 669
715 452
59 1392
99 1393
623 1394
571 1074
1395 646
441 459
40 1396
378 1051
1397 116
853 739
1398 966
673 123
1399 32
699 21
1400 245
1401 1402
1403 2
483 1404
925 1405
1406 1407
1408 572
1192 1409
534 378
925 1410
121 1411
1 1412
1413 170
112 1414
1415 575
893 40
1416 1417
1418 735
1419 25
561 171
143 119
551 697
238 1420
220 1421
759 465
1000 1422
1119 104
40 525
685 425
81 84
673 400
1423 572
967 688
1424 836
430 1425
1426 1427
1428 735
611 178
889 1429
1430 623
1132 636
1431 1300
569 1432
865 84
992 1433
1434 1435
837 312
1436 1437
969 518
769 1438
1439 492
653 304
202 907
261 1440
192 171
166 1179
1441 1442
333 399
385 1443
673 515
430 416
1444 429
1445 1446
836 58
1308 1424
37 590
827 479
1428 450
1055 953
831 409
925 1192
1447 974
1448 170
936 83
891 597
589 273
909 1449
1450 974
1319 957
1312 1451
980 1447
99 748
1452 1214
312 955
1453 1454
99 1455
923 60
1456 1457
1336 44
191 449
192 259
1458 1414
1459 70
1460 588
1461 294
402 1462
1117 102
1463 951
319 1464
119 1465
415 525
1466 1467
602 365
483 1468
611 1469
1400 873
1470 1471
992 1472
6 1473
1474 51
1475 606
614 864
1476 947
1477 1478
1479 1480
1231 244
967 347
551 705
126 1234
1416 111
1481 132
1482 1243
342 1483
322 1484
1485 645
1486 1487
594 899
612 1243
555 463
193 669
2 1488
26 1489
336 298
1490 48
84 82
554 220
1491 2
26 1492
525 1169
1493 323
888 1494
583 1080
732 1495
77 1496
613 259
992 1497
1256 1498
1499 799
26 101
1500 1501
1502 1292
244 331
217 465
595 29
1503 354
501 126
1504 1192
1505 1506
121 1037
98 904
195 32
323 1507
1104 954
1508 1509
192 616
1510 1511
171 104
612 1512
464 1513
70 1514
1515 1170
99 495
845 831
317 1516
124 88
1275 197
432 1010
1517 55
1518 438
1519 1239
1520 1521
656 1522
987 410
1 1523
1524 1525
1526 1527
660 1528
1173 304
1252 298
46 1529
1530 220
1531 124
435 131
1532 938
1 1533
818 123
992 1534
424 48
1535 225
1331 216
471 340
346 1515
1005 653
37 949
1536 362
304 25
279 885
936 1164
684 55
55 1471
328 203
1537 144
449 1538
1232 1539
315 1540
483 1541
673 36
101 220
37 387
1542 1543
1544 101
732 1545
569 273
385 68
656 1243
552 32
1546 1067
116 1547
1548 1549
322 1550
323 572
322 1016
368 907
6 141
466 1376
6 1375
85 1551
475 524
1552 963
1553 1554
1555 1556
328 1557
202 409
1558 1559
1044 230
149 1560
1300 1561
48 1509
147 1562
1400 1563
653 87
1564 145
747 1471
212 207
643 217
1565 495
26 646
323 1566
656 1567
171 25
1568 1434
822 354
1031 1155
452 112
1569 855
1570 267
1313 1318
1400 145
430 1571
99 1572
1573 904
1574 374
0 25
1243 53
179 60
26 949
173 784
611 461
645 1575
1576 435
510 724
192 1577
477 258
1054 304
1578 193
238 1579
1580 36
52 315
26 130
1581 1388
548 610
1582 1501
452 899
1583 32
591 549
1584 528
1509 1585
1586 2
682 67
1535 226
396 470
1587 1096
1345 61
1588 503
1589 566
1590 1591
1592 189
1490 527
1474 212
1505 1401
386 1119
1593 554
84 558
1594 1164
450 374
1595 1379
876 1596
853 1597
1598 170
82 1599
922 5
558 330
377 1010
1600 184
1601 187
1574 283
1602 707
1238 604
897 141
321 1603
797 1263
365 195
1481 1076
1604 1605
114 1606
314 53
551 1442
124 1607
219 315
238 315
1232 1392
1608 64
1170 623
63 566
85 513
1609 2
563 1610
697 25
1611 1
385 1612
760 1151
812 1125
1613 875
217 1614
747 1615
121 1616
452 138
1617 1230
333 1478
1618 336
321 388
1619 1620
1442 604
238 611
689 739
1621 890
1045 230
509 580
545 144
1435 962
1622 1000
1 1623
99 1119
1106 321
1423 1475
296 1624
2 929
438 131
561 676
217 1492
501 1094
656 1625
875 1072
731 37
217 388
508 1125
1626 645
1627 10
784 1388
1224 645
302 220
1628 492
1244 1629
864 259
1390 62
1556 608
47 1113
430 342
545 994
172 131
523 410
1351 492
140 1630
992 1631
1632 340
217 1633
1193 479
1355 1634
1635 1636
1637 1260
28 366
262 572
119 708
1485 605
68 1638
1581 441
77 545
1390 61
182 1639
569 442
217 766
192 283
1640 104
845 874
1 170
837 485
1641 336
1642 410
1054 653
81 330
1643 58
1644 1645
1646 70
1647 294
40 353
108 1648
260 505
673 818
159 1649
684 1650
333 1392
1651 119
475 1189
37 1152
1054 1652
464 1533
366 1653
344 60
344 595
187 1010
1654 58
1655 645
1054 212
1656 1477
18 1657
321 296
1658 810
732 895
1659 32
333 1660
1325 12
892 1661
724 1036
19 1662
1663 1326
1664 1665
1075 1666
6 48
1667 29
123 400
1668 1227
1669 141
1220 247
1670 141
561 954
217 344
424 1330
571 731
47 1671
130 583
1505 1672
192 1673
182 979
1 222
475 1671
1260 29
192 36
1674 249
1675 654
853 689
818 122
99 1676
855 1072
1677 1053
738 313
475 322
1094 220
572 1507
768 1239
26 1420
695 141
1122 437
392 94
1678 294
238 1618
483 1679
85 948
1680 1681
571 1682
354 1683
1684 405
1685 296
2 1686
0 503
1373 1455
315 466
1687 1688
573 258
911 1689
623 955
515 122
715 112
197 1690
158 1691
217 1692
1195 826
70 1693
656 289
925 37
2 689
1657 220
1276 66
1295 899
119 1694
99 184
1178 1246
870 141
121 172
1695 1696
70 1697
810 0
817 141
461 513
1192 1698
52 656
455 1572
623 1699
368 1331
30 1435
1700 32
872 709
1701 1702
1703 1704
909 623
1423 368
1705 1379
1535 638
79 1236
2 1706
99 1239
99 1707
99 1557
437 131
151 1708
121 1709
689 313
70 1003
935 441
279 166
648 329
1148 192
771 1710
1113 609
1711 1712
192 1501
296 1713
21 178
296 909
99 387
614 296
1714 1715
343 528
1054 76
1716 405
907 1717
2 1718
475 1719
523 1635
1720 218
571 323
99 1721
1722 2
758 596
1723 141
1724 1351
637 1725
99 1726
345 1455
930 1715
1727 199
534 1728
1729 1730
1731 1732
450 1733
135 520
545 1204
180 264
52 282
1734 1292
178 101
305 580
296 107
67 1735
2 1736
1691 992
1737 1738
927 1462
82 330
1739 1548
1740 141
1741 1742
388 580
1743 588
1685 1292
333 1060
207 304
368 365
1744 2
1370 170
360 1745
1193 1746
121 854
1035 1747
199 1748
1749 166
365 205
1283 1750
1751 1752
1753 987
1754 60
273 442
336 1252
37 1501
128 1755
215 122
1345 1553
992 1756
1002 323
475 1757
1680 749
75 965
1001 1422
1295 1065
1758 29
482 1373
1416 419
1759 1427
1392 1760
927 1761
391 99
1762 1292
79 724
611 580
977 950
18 157
36 144
1763 1511
959 25
119 609
1321 170
1764 55
150 1560
1765 1260
99 201
1766 1767
425 1768
368 210
136 1769
894 246
1122 55
1283 253
1119 144
638 226
936 1770
521 32
1587 1708
1509 1483
1771 184
238 321
1772 298
300 121
63 660
1243 335
392 448
1486 1773
1774 119
1775 481
85 1776
101 299
935 245
1777 1008
368 628
645 640
1778 154
1283 645
1779 492
1780 2
834 55
1246 1781
1154 1067
301 112
1627 11
321 1782
55 393
1783 1784
611 388
1785 394
1786 783
386 354
378 1787
119 1788
1608 1789
450 1790
1791 1320
85 48
1792 556
1793 1357
330 1096
1373 712
448 1768
1046 121
286 1256
1794 1
616 296
1795 1796
388 885
1451 1797
1737 55
321 1798
800 1326
1416 971
1622 1422
199 492
134 2
47 609
1799 947
527 87
1195 711
1800 1801
99 942
571 1802
184 42
633 534
2 1803
510 1804
416 370
172 32
70 1805
285 60
1806 1807
1808 1198
936 1809
353 950
1810 503
543 239
143 1811
1812 1813
1084 104
489 1814
143 1724
401 84
434 1815
410 56
1816 2
523 475
1249 1350
41 643
407 1817
1721 381
431 424
1195 1818
99 1669
766 789
1819 1007
1561 449
328 775
119 1820
202 1821
1822 768
1823 405
1824 1825
2 1826
483 1827
994 1194
82 1096
217 8
1411 1828
606 781
919 1712
352 999
1210 975
460 353
1829 1830
322 940
1015 1755
1 1831
810 605
1832 1833
52 580
192 195
1834 1003
612 1835
68 1836
1837 1838
240 418
523 491
1839 2
1840 660
1812 144
136 1841
18 1097
1012 1842
543 1843
1106 1844
238 1282
898 838
1845 256
79 723
1508 32
698 25
307 290
