62 186
0 1
2 3
4 5
6 7
6 8
9 10
11 12
13 14
15 16
17 18
19 20
15 21
22 23
24 25
26 27
19 28
19 29
30 31
32 33
34 21
35 25
32 12
26 36
37 29
13 20
0 21
35 38
17 39
40 41
30 42
43 44
2 7
45 36
24 18
37 27
9 16
8 46
30 36
15 27
37 10
2 16
26 44
47 31
34 48
49 50
51 52
24 42
9 18
24 53
40 54
49 5
47 38
47 52
55 41
56 3
47 3
57 28
35 39
6 53
45 12
30 58
26 48
59 41
19 49
22 7
45 54
32 27
51 42
7 60
9 33
25 46
2 20
59 27
55 38
61 20
50 54
32 25
51 8
59 58
37 1
34 3
34 25
56 39
10 5
14 60
57 48
22 12
37 42
43 31
61 36
19 52
35 10
55 48
59 3
50 27
49 55
18 60
43 41
31 60
59 18
45 18
55 33
47 1
50 53
51 12
0 33
37 14
11 48
45 29
51 39
57 54
57 8
57 31
13 23
43 29
49 60
22 41
15 4
59 8
21 60
34 23
17 20
40 14
24 28
34 29
55 42
6 33
36 46
1 46
13 44
2 42
24 44
57 10
6 4
35 7
26 7
0 58
43 39
61 21
56 36
50 39
15 28
16 46
9 23
11 16
61 10
30 23
40 25
22 28
32 31
17 1
61 53
56 14
17 4
30 4
3 5
50 23
43 16
49 46
0 54
11 58
40 4
2 54
45 38
40 52
17 48
56 33
32 20
26 52
11 53
15 38
13 38
13 8
61 41
19 58
0 44
11 14
35 58
22 1
12 5
56 28
44 5
47 53
51 21
9 52
6 29
