118 531
0 1
0 2
0 3
0 4
0 5
0 6
0 7
0 8
0 9
1 10
1 11
1 12
1 13
1 14
1 15
1 16
1 17
10 18
10 19
10 20
10 21
10 22
10 23
10 24
10 25
18 26
18 27
18 28
18 29
18 30
18 31
18 32
18 33
26 34
26 12
26 4
26 35
26 36
26 37
26 38
26 39
34 40
34 41
34 42
34 43
34 44
34 16
34 45
34 6
40 46
40 28
40 21
40 47
40 17
40 48
40 49
40 50
46 51
46 52
46 53
46 54
46 55
46 32
46 56
46 23
51 57
51 42
51 35
51 58
51 33
51 59
51 60
51 61
57 62
57 63
57 64
57 65
57 66
57 45
57 67
57 37
62 68
62 53
62 47
62 69
62 6
62 70
62 71
62 72
68 73
68 74
68 14
68 3
68 75
68 56
68 76
68 48
73 77
73 64
73 58
73 78
73 23
73 79
73 80
73 81
77 82
77 2
77 30
77 20
77 83
77 67
77 84
77 59
82 85
82 14
82 69
82 5
82 37
82 86
82 87
82 88
85 89
85 19
85 44
85 4
85 15
85 76
85 90
85 70
89 91
89 30
89 78
89 22
89 48
89 8
89 92
89 93
91 94
91 12
91 55
91 21
91 31
91 84
91 95
91 79
94 96
94 44
94 5
94 36
94 59
94 25
94 97
94 98
96 99
96 28
96 66
96 35
96 16
96 90
96 7
96 86
99 100
99 55
99 22
99 17
99 70
99 39
99 101
99 9
100 11
100 42
100 75
100 47
100 32
100 95
100 24
100 8
11 102
11 66
11 36
11 33
11 79
11 50
11 103
102 27
102 53
102 83
102 58
102 45
102 7
102 38
102 25
27 104
27 75
27 17
27 6
27 86
27 61
27 105
104 41
104 64
104 15
104 69
104 56
104 24
104 49
104 39
41 106
41 83
41 33
41 23
41 8
41 72
41 107
106 52
106 14
106 31
106 78
106 67
106 38
106 60
106 50
52 108
52 15
52 6
52 37
52 25
52 81
52 109
108 63
108 30
108 16
108 5
108 76
108 49
108 71
108 61
63 110
63 31
63 23
63 48
63 39
63 88
63 111
110 74
110 44
110 32
110 22
110 84
110 60
110 80
110 72
74 112
74 16
74 37
74 59
74 50
74 93
74 113
112 2
112 55
112 45
112 36
112 90
112 71
112 87
112 81
2 114
2 32
2 48
2 70
2 61
2 98
114 19
114 66
114 56
114 17
114 95
114 80
114 92
114 88
19 115
19 45
19 59
19 79
19 72
19 9
115 12
115 75
115 67
115 33
115 7
115 87
115 97
115 93
12 116
12 56
12 70
12 86
12 81
116 28
116 83
116 76
116 6
116 24
116 92
116 101
116 98
28 117
28 67
28 79
28 8
28 88
117 42
117 15
117 84
117 23
117 38
117 97
117 103
117 9
42 13
42 76
42 86
42 25
42 93
13 53
13 31
13 90
13 37
13 49
13 101
13 105
53 29
53 84
53 8
53 39
53 98
29 64
29 16
29 95
29 48
29 60
29 103
29 107
64 43
64 90
64 25
64 50
64 9
43 14
43 32
43 7
43 59
43 71
43 105
43 109
14 54
14 95
14 39
14 61
54 30
54 45
54 24
54 70
54 80
54 107
54 111
30 65
30 7
30 50
30 72
65 44
65 56
65 38
65 79
65 87
65 109
65 113
44 3
44 24
44 61
44 81
3 55
3 67
3 49
3 86
3 92
3 111
55 20
55 38
55 72
55 88
20 66
20 76
20 60
20 8
20 97
20 113
66 4
66 49
66 81
66 93
4 75
4 84
4 71
4 25
4 101
75 21
75 60
75 88
75 98
21 83
21 90
21 80
21 39
21 103
83 35
83 71
83 93
83 9
35 15
35 95
35 87
35 50
35 105
15 47
15 80
15 98
47 31
47 7
47 92
47 61
47 107
31 58
31 87
31 9
58 16
58 24
58 97
58 72
58 109
16 69
16 92
69 32
69 38
69 101
69 81
69 111
32 78
32 97
78 45
78 49
78 103
78 88
78 113
45 5
45 101
5 56
5 60
5 105
5 93
56 22
56 103
22 67
22 71
22 107
22 98
67 36
67 105
36 76
36 80
36 109
36 9
76 17
76 107
17 84
17 87
17 111
84 33
84 109
33 90
33 92
33 113
90 6
90 111
6 95
6 97
95 23
95 113
23 7
23 101
7 37
37 24
37 103
24 48
48 38
48 105
38 59
59 49
59 107
49 70
70 60
70 109
60 79
79 71
79 111
71 86
86 80
86 113
80 8
8 87
87 25
25 92
92 39
39 97
97 50
50 101
101 61
61 103
103 72
72 105
105 81
81 107
107 88
88 109
109 93
93 111
111 98
98 113
113 9
