290 3800
0 1
0 2
0 3
0 4
0 5
0 6
0 7
0 8
0 9
0 10
0 11
0 12
0 13
0 14
15 16
15 11
17 12
17 18
17 19
17 20
17 21
22 23
22 24
22 25
22 26
22 11
27 28
27 29
27 12
27 30
27 31
27 32
27 33
27 34
27 35
27 36
27 37
27 38
27 39
27 40
27 41
27 42
27 43
27 44
27 45
27 46
27 47
27 48
27 49
27 50
27 7
27 11
27 9
27 51
27 52
27 53
27 54
27 55
27 56
27 57
27 58
27 26
27 59
27 60
27 61
27 62
63 64
63 65
63 66
63 67
63 26
63 68
63 38
69 64
69 70
69 71
69 72
69 73
74 23
74 75
74 76
74 77
74 78
74 79
74 80
74 11
74 81
82 83
82 84
82 64
82 77
82 85
82 86
82 87
82 27
82 34
82 88
82 89
82 90
82 91
82 92
82 93
82 19
82 94
82 95
82 96
82 97
82 98
82 99
82 100
82 101
82 58
82 39
82 102
82 67
82 103
82 43
82 48
82 5
82 104
82 105
82 106
82 107
82 108
82 109
82 50
82 2
82 49
82 110
82 111
82 112
82 113
82 11
82 114
82 54
82 115
82 116
82 117
82 118
82 53
82 119
82 120
82 121
82 122
82 123
82 124
82 4
82 125
82 26
82 126
82 59
82 8
82 127
82 60
82 42
82 128
82 62
129 66
129 126
129 15
129 72
10 130
10 12
10 32
10 84
10 131
10 63
10 132
10 80
10 133
10 134
10 135
10 136
10 137
10 138
10 127
10 139
10 140
10 101
10 104
10 14
10 141
10 142
10 143
10 144
10 145
10 110
10 146
10 79
10 147
10 15
10 148
10 100
10 149
10 150
10 77
10 151
10 152
10 153
10 86
10 154
10 126
10 81
10 155
156 157
12 75
12 63
12 74
12 36
12 158
12 159
12 100
12 160
12 161
12 162
12 44
12 126
12 163
12 107
12 66
12 164
12 115
12 53
12 55
12 165
12 60
12 23
12 166
12 3
12 131
12 167
12 134
12 168
12 169
12 170
12 50
12 171
12 172
12 124
12 173
12 39
12 174
12 81
12 11
12 175
12 65
12 37
12 176
12 139
12 177
12 178
12 103
12 109
12 6
12 68
12 147
12 15
12 179
12 180
12 181
12 182
12 59
12 117
12 183
12 184
12 185
12 34
12 186
12 187
12 80
12 93
12 96
12 97
12 58
12 52
12 64
12 188
12 144
12 78
12 79
12 189
12 42
12 4
12 190
12 154
109 191
109 131
109 78
109 11
109 37
192 66
192 26
192 67
192 70
192 81
192 11
192 104
192 106
192 140
192 155
193 59
193 110
193 67
193 122
193 11
100 63
100 93
100 101
100 103
100 126
100 107
100 110
100 122
100 79
100 59
100 11
100 81
194 46
194 12
194 195
194 45
194 32
194 27
194 28
194 34
194 196
194 31
194 36
194 197
194 89
194 8
194 198
194 40
194 199
194 200
194 38
194 201
194 39
194 30
194 202
194 52
194 203
194 41
194 35
194 43
194 44
194 5
194 204
194 205
194 24
194 50
194 66
194 48
194 49
194 110
194 122
194 78
194 68
194 206
194 9
194 51
194 207
194 53
194 54
194 120
194 121
194 7
194 208
194 55
194 56
194 57
194 58
194 26
194 209
194 59
194 4
194 11
194 72
194 62
210 67
210 104
210 19
210 155
210 139
210 97
211 212
211 209
211 5
211 68
211 180
211 60
160 178
160 19
67 37
67 162
67 14
67 110
67 122
67 11
67 51
67 190
213 214
76 162
76 16
76 81
161 193
161 191
161 63
161 78
161 162
161 11
161 37
215 152
215 12
215 108
162 65
162 64
162 66
162 11
44 22
44 32
44 89
44 168
44 24
44 48
44 14
44 216
44 110
44 122
44 57
44 121
44 56
44 26
44 209
44 11
44 72
5 89
5 212
5 44
5 107
5 110
5 122
5 57
5 125
5 26
5 14
5 11
5 81
163 11
163 217
163 79
107 84
107 22
107 168
107 127
107 216
107 110
107 126
107 154
107 11
108 12
108 51
108 218
108 126
108 33
108 164
108 31
108 90
108 91
108 156
108 65
108 21
108 219
108 220
108 56
108 58
108 67
108 221
108 76
108 103
108 140
108 96
108 6
108 107
108 222
108 110
108 122
108 204
108 223
108 121
108 86
108 183
108 182
108 26
108 59
108 190
108 11
108 224
141 79
141 154
141 100
142 23
142 100
142 66
142 211
142 173
142 59
2 12
2 126
2 32
2 33
2 225
2 37
2 140
2 138
2 94
2 202
2 108
2 191
2 104
2 43
2 110
2 226
2 112
2 16
2 122
2 78
2 114
2 59
2 11
33 31
33 63
33 74
33 36
33 193
33 160
33 67
33 162
33 44
33 107
33 66
33 226
33 227
33 115
33 100
33 73
33 150
33 55
33 228
33 26
33 165
33 229
33 23
33 32
33 230
33 195
33 197
33 99
33 231
33 232
33 50
33 16
33 171
33 158
33 233
33 124
33 57
33 125
33 79
33 81
33 11
33 72
33 224
33 28
33 12
33 205
33 19
33 65
33 176
33 139
33 38
33 39
33 30
33 41
33 104
33 216
33 68
33 161
33 121
33 59
33 151
33 86
33 155
33 34
33 234
33 235
33 97
33 58
33 43
33 209
33 14
33 64
33 144
33 7
33 78
33 114
33 223
33 236
33 20
33 189
33 237
33 56
33 25
33 24
33 126
226 122
226 110
226 67
226 59
226 11
226 37
112 12
112 51
112 31
112 33
112 40
112 94
112 211
112 45
112 66
112 49
112 27
112 110
112 122
112 204
112 114
112 207
112 100
112 5
112 59
112 11
112 42
112 224
227 23
227 59
227 63
227 69
227 162
227 11
128 84
128 218
128 127
128 111
128 117
128 90
128 116
128 93
128 42
128 107
238 28
238 218
238 24
238 195
238 197
238 66
238 220
238 1
238 138
238 140
238 48
238 239
238 199
238 44
238 198
238 86
238 79
238 51
238 121
238 240
238 26
238 59
238 11
238 61
238 224
115 171
115 81
207 28
207 12
207 32
207 24
207 131
207 36
207 197
207 89
207 200
207 231
207 58
207 138
207 40
207 48
207 46
207 44
207 198
207 111
207 16
207 57
207 121
207 241
207 228
207 26
207 11
118 23
118 12
118 191
118 33
118 186
118 225
118 10
118 96
118 169
118 212
118 140
118 104
118 110
118 111
118 16
118 171
118 206
118 242
118 161
118 152
118 117
118 11
118 81
53 197
53 38
53 48
53 5
53 110
53 122
53 11
53 68
53 121
53 56
53 57
53 59
53 204
53 72
73 23
150 222
150 76
150 152
106 84
106 12
106 115
106 31
106 33
106 90
106 225
106 10
106 96
106 127
106 76
106 6
106 243
106 104
106 105
106 204
106 216
106 110
106 16
106 122
106 86
106 171
106 242
106 237
106 59
106 11
106 42
106 81
106 155
55 36
55 38
55 58
55 39
55 37
55 40
55 41
55 43
55 44
55 50
55 57
55 68
55 52
55 53
55 56
55 59
55 60
55 72
212 169
71 126
244 4
244 32
244 24
244 111
244 76
244 35
244 59
244 54
228 168
228 138
228 191
228 125
228 110
228 122
228 216
228 11
228 224
228 107
26 110
26 66
165 79
209 11
209 72
245 173
246 12
246 191
246 188
246 76
246 111
246 78
246 225
246 11
246 104
246 37
229 110
229 78
229 162
229 37
60 22
60 37
60 110
60 122
247 28
247 45
247 205
247 248
247 196
247 36
247 197
247 89
247 200
247 231
247 194
247 48
247 104
247 239
247 199
247 44
247 198
247 26
247 249
247 121
247 125
247 24
247 59
247 250
247 11
247 61
36 22
36 32
36 197
36 89
36 65
36 21
36 50
36 200
36 251
36 231
36 38
36 103
36 44
36 204
36 24
36 66
36 48
36 110
36 122
36 57
36 68
36 53
36 54
36 121
36 202
36 56
36 5
36 26
36 59
36 60
36 72
36 224
252 99
252 68
252 12
252 67
3 231
3 216
3 158
3 24
3 11
3 44
3 197
3 89
3 224
253 66
253 245
253 211
253 161
253 10
253 167
32 110
32 89
32 11
32 202
32 209
32 24
32 78
32 26
230 233
196 12
196 32
196 24
196 36
196 197
196 89
196 200
196 231
196 138
196 202
196 44
196 6
196 205
196 14
196 198
196 48
196 216
196 110
196 122
196 86
196 51
196 207
196 53
196 119
196 121
196 7
196 50
196 57
196 4
196 241
196 58
196 26
196 209
196 59
196 11
196 224
196 155
88 231
88 12
88 170
88 11
88 172
88 94
90 84
90 127
90 93
90 107
90 81
195 32
195 24
195 36
195 197
195 89
195 200
195 21
195 11
195 140
195 231
195 138
195 44
195 22
195 205
195 48
195 110
195 254
195 122
195 51
195 233
195 121
195 241
195 125
195 58
195 26
195 59
195 190
195 204
195 224
197 32
197 89
197 110
197 24
197 44
197 5
197 66
197 48
197 216
197 79
197 121
197 57
197 125
197 26
197 209
188 251
188 22
188 162
188 79
188 225
188 11
188 176
255 110
255 122
255 186
255 225
255 11
255 81
94 236
94 32
94 90
94 10
94 93
94 11
94 97
94 77
94 67
94 192
94 42
94 103
94 101
94 104
94 105
94 106
94 141
94 64
94 50
94 110
94 226
94 122
94 78
94 68
94 114
94 9
94 116
94 118
94 53
94 179
94 54
94 123
94 55
94 4
94 125
94 59
94 152
94 127
94 60
94 155
167 23
167 212
134 130
98 256
98 12
98 45
98 33
98 19
98 257
98 255
98 37
98 118
98 96
98 59
98 138
98 94
98 67
98 162
98 108
98 6
98 191
98 188
98 258
98 110
98 226
98 122
98 78
98 152
98 206
98 13
98 252
98 259
98 123
98 71
98 125
98 70
98 250
98 127
98 11
98 42
98 126
168 216
231 197
231 89
231 65
231 212
231 24
231 44
231 66
231 48
231 110
231 122
231 51
231 189
231 121
231 125
231 26
231 11
1 247
1 54
1 12
1 115
1 218
1 22
1 32
1 248
1 28
1 196
1 80
1 36
1 197
1 89
1 8
1 255
1 40
1 21
1 11
1 195
1 200
1 251
1 231
1 100
1 58
1 194
1 39
1 102
1 24
1 76
1 203
1 41
1 4
1 43
1 44
1 5
1 232
1 239
1 205
1 108
1 46
1 50
1 199
1 48
1 242
1 216
1 198
1 254
1 260
1 7
1 57
1 68
1 128
1 9
1 51
1 207
1 13
1 53
1 179
1 73
1 120
1 121
1 106
1 45
1 193
1 240
1 241
1 182
1 26
1 209
1 261
1 81
1 235
1 60
1 61
1 224
1 62
251 26
251 24
251 44
251 54
251 48
262 208
262 222
262 12
262 263
102 28
102 12
102 218
102 3
102 45
102 33
102 90
102 195
102 197
102 94
102 168
102 231
102 138
102 44
102 126
102 107
102 216
102 110
102 16
102 122
102 86
102 125
102 228
102 59
102 11
102 42
264 222
264 12
264 263
264 165
208 12
208 129
208 56
208 145
208 15
208 114
208 223
208 36
208 10
208 66
208 118
208 219
169 16
203 28
203 32
203 248
203 131
203 195
203 255
203 140
203 64
203 96
203 48
203 6
203 205
203 216
203 110
203 111
203 112
203 11
203 125
203 228
203 26
203 59
203 86
203 224
48 126
48 89
48 11
48 32
48 66
48 110
48 122
48 26
48 54
48 24
48 209
243 12
243 191
243 110
243 33
243 81
243 195
243 10
243 104
243 19
243 105
243 21
243 233
243 220
232 22
232 36
232 251
232 201
232 202
232 76
232 48
232 26
232 126
232 54
232 4
232 24
232 59
46 28
46 12
46 32
46 24
46 34
46 36
46 197
46 198
46 37
46 38
46 39
46 52
46 40
46 41
46 42
46 103
46 43
46 44
46 5
46 205
46 191
46 48
46 110
46 122
46 78
46 68
46 53
46 55
46 56
46 50
46 57
46 58
46 26
46 59
46 72
46 224
265 31
265 33
265 260
265 88
265 10
265 37
265 235
265 98
265 77
265 221
265 191
265 110
265 111
265 226
265 122
265 78
265 152
265 217
265 125
265 59
265 229
265 11
79 22
79 70
47 126
47 58
47 67
47 40
47 41
47 119
47 46
47 66
47 49
47 33
47 7
47 60
47 68
47 114
47 15
47 54
47 259
47 180
47 55
47 125
47 11
47 72
8 28
8 195
8 218
8 22
8 197
8 33
8 24
8 196
8 36
8 10
8 89
8 200
8 37
8 140
8 168
8 231
8 138
8 102
8 3
8 203
8 122
8 43
8 44
8 126
8 104
8 105
8 107
8 108
8 110
8 199
8 216
8 50
8 111
8 7
8 86
8 223
8 51
8 207
8 13
8 45
8 5
8 125
8 228
8 26
8 59
8 241
8 11
8 224
8 81
49 12
49 31
49 33
49 34
49 36
49 37
49 38
49 39
49 211
49 30
49 40
49 41
49 42
49 43
49 5
49 14
49 46
49 110
49 122
49 57
49 68
49 52
49 13
49 53
49 7
49 55
49 56
49 50
49 78
49 71
49 58
49 59
49 250
49 60
49 72
49 224
170 121
170 26
170 44
170 200
110 126
16 144
16 110
174 214
174 225
9 29
9 30
9 31
9 24
9 34
9 196
9 36
9 197
9 38
9 39
9 37
9 40
9 41
9 35
9 54
9 44
9 232
9 209
9 46
9 198
9 49
9 50
9 7
9 204
9 68
9 52
9 53
9 119
9 121
9 55
9 57
9 58
9 26
9 59
9 4
9 11
9 72
9 224
9 62
172 78
242 23
242 12
242 216
242 125
242 169
242 59
242 234
242 115
242 11
242 204
242 229
242 81
233 121
233 266
233 151
119 28
119 12
119 191
119 32
119 197
119 39
119 67
119 44
119 205
119 198
119 110
119 226
119 16
119 122
119 78
119 207
119 158
119 26
119 24
119 59
120 12
120 218
120 30
120 31
120 32
120 27
120 34
120 36
120 37
120 38
120 39
120 211
120 40
120 41
120 43
120 44
120 191
120 46
120 47
120 49
120 110
120 254
120 122
120 60
120 68
120 52
120 53
120 7
120 180
120 55
120 56
120 50
120 78
120 58
120 59
120 11
120 42
120 72
120 62
176 221
176 11
124 59
124 110
124 211
124 5
124 122
124 11
38 32
38 44
38 110
38 78
38 68
38 122
38 125
38 59
38 60
57 56
57 202
57 162
57 110
57 26
57 11
57 72
240 28
240 12
240 36
240 30
240 24
240 32
240 248
240 63
240 195
240 197
240 200
240 199
240 140
240 251
240 231
240 58
240 203
240 44
240 205
240 239
240 50
240 66
240 48
240 216
240 33
240 198
240 254
240 57
240 9
240 119
240 121
240 4
240 241
240 194
240 26
240 209
240 59
240 27
240 190
240 204
240 61
240 224
125 37
125 168
125 171
125 78
125 11
173 78
173 11
267 23
267 12
267 91
267 30
267 202
267 32
267 33
267 24
267 35
267 88
267 235
267 74
267 187
267 11
267 129
267 268
267 158
267 8
267 255
267 65
267 94
267 172
267 139
267 97
267 98
267 41
267 58
267 38
267 194
267 39
267 37
267 85
267 67
267 76
267 161
267 66
267 103
267 192
267 43
267 191
267 64
267 46
267 265
267 50
267 2
267 40
267 49
267 258
267 77
267 250
267 110
267 227
267 78
267 68
267 114
267 54
267 9
267 21
267 148
267 118
267 242
267 189
267 179
267 119
267 120
267 7
267 180
267 109
267 56
267 193
267 25
267 125
267 228
267 173
267 126
267 59
267 246
267 229
267 269
267 60
267 206
267 95
267 72
267 80
225 191
225 74
225 66
225 140
225 64
225 76
225 221
225 235
225 6
225 183
225 110
225 226
225 78
225 115
225 189
225 54
225 5
225 24
225 224
225 81
171 23
171 169
81 23
81 84
81 127
81 144
81 162
81 216
81 110
81 122
81 78
81 171
81 125
81 153
204 22
204 32
204 24
204 197
204 89
204 168
204 231
204 38
204 67
204 144
204 44
204 48
204 251
204 216
204 16
204 57
204 68
204 171
204 189
204 54
204 180
204 124
204 56
204 193
204 26
204 59
204 81
204 126
206 29
206 12
206 191
206 33
206 69
206 225
206 268
206 37
206 192
206 38
206 138
206 41
206 141
206 49
206 110
206 111
206 122
206 71
206 59
206 11
206 42
61 30
61 22
61 205
61 28
61 36
61 197
61 200
61 231
61 38
61 58
61 138
61 202
61 41
61 43
61 44
61 24
61 32
61 46
61 198
61 66
61 48
61 49
61 50
61 7
61 57
61 54
61 121
61 55
61 56
61 26
61 209
61 4
61 72
72 23
72 56
72 37
72 202
72 66
72 110
72 78
224 126
224 32
224 24
224 197
224 89
224 37
224 231
224 44
224 204
224 107
224 216
224 110
224 16
224 122
224 57
224 51
224 121
224 22
224 5
224 125
224 26
224 209
224 59
224 14
224 11
83 23
83 110
83 12
83 258
83 111
83 59
83 186
83 206
83 204
28 195
28 22
28 205
28 24
28 131
28 6
28 132
28 36
28 197
28 89
28 21
28 11
28 140
28 200
28 251
28 231
28 58
28 138
28 52
28 41
28 54
28 44
28 183
28 232
28 32
28 66
28 48
28 170
28 110
28 57
28 51
28 53
28 121
28 241
28 125
28 201
28 26
28 209
28 59
28 4
28 204
28 72
28 224
270 152
270 12
270 134
271 12
271 54
263 150
263 63
263 222
263 12
263 33
263 122
263 162
263 59
218 84
218 195
218 22
218 32
218 24
218 90
218 36
218 197
218 168
218 231
218 138
218 3
218 103
218 43
218 44
218 126
218 232
218 205
218 14
218 204
218 216
218 110
218 254
218 122
218 51
218 13
218 54
218 127
218 124
218 4
218 5
218 125
218 26
218 153
218 11
218 224
127 23
127 84
127 126
99 25
99 125
99 153
99 209
272 11
272 130
272 189
272 235
205 126
205 32
205 11
205 36
205 197
205 89
205 200
205 21
205 231
205 67
205 103
205 44
205 209
205 24
205 110
205 48
205 216
205 50
205 122
205 121
205 125
205 26
205 59
205 204
205 224
248 218
248 22
248 32
248 33
248 24
248 35
248 63
248 36
248 197
248 66
248 140
248 231
248 58
248 162
248 44
248 104
248 204
248 205
248 110
248 199
248 216
248 198
248 122
248 86
248 196
248 121
248 241
248 125
248 26
248 59
248 11
248 61
248 81
260 12
260 191
260 110
260 127
260 109
35 28
35 218
35 3
35 22
35 32
35 24
35 34
35 164
35 36
35 40
35 37
35 251
35 58
35 202
35 76
35 67
35 44
35 126
35 232
35 46
35 48
35 7
35 57
35 51
35 18
35 54
35 55
35 78
35 4
35 201
35 26
35 61
273 259
273 188
273 136
273 22
273 221
273 162
273 195
273 191
273 156
273 20
273 183
273 237
91 78
91 225
91 189
175 126
175 59
175 152
175 204
268 71
268 125
268 110
268 59
19 178
65 23
65 37
37 23
37 92
37 16
37 189
13 36
13 3
13 22
13 205
13 131
13 195
13 197
13 21
13 96
13 39
13 211
13 43
13 6
13 14
13 5
13 147
13 121
13 241
13 11
13 224
13 81
139 122
139 180
139 126
139 63
139 11
139 16
139 212
274 11
136 251
136 231
136 182
136 12
136 23
136 22
136 157
136 223
136 197
136 209
137 245
137 12
177 59
39 191
39 32
39 36
39 37
39 11
39 38
39 211
39 5
39 204
39 14
39 50
39 110
39 122
39 57
39 68
39 52
39 53
39 180
39 56
39 78
39 58
39 59
39 60
39 72
30 12
30 51
30 191
30 32
30 34
30 36
30 197
30 56
30 39
30 40
30 41
30 43
30 46
30 50
30 110
30 16
30 78
30 68
30 52
30 53
30 122
30 180
30 55
30 58
30 24
30 59
30 4
30 60
30 72
103 126
103 110
103 122
103 57
103 25
103 59
103 11
103 81
11 214
11 26
11 23
11 202
11 110
11 123
11 19
11 65
11 180
11 64
11 78
11 77
11 126
261 247
261 85
261 45
261 27
261 28
261 34
261 35
261 186
261 36
261 89
261 38
261 58
261 39
261 30
261 40
261 41
261 43
261 31
261 46
261 110
261 49
261 33
261 50
261 112
261 122
261 60
261 68
261 223
261 9
261 51
261 52
261 53
261 120
261 121
261 7
261 55
261 56
261 57
261 4
261 194
261 24
261 59
261 11
261 61
261 72
261 62
41 63
41 36
41 37
41 38
41 39
41 44
41 110
41 11
41 68
41 52
41 53
41 54
41 56
41 50
41 57
41 58
41 59
41 60
41 72
42 84
42 32
42 69
42 90
42 156
42 93
42 53
42 58
42 39
42 127
42 67
42 103
42 126
42 64
42 142
42 188
42 153
42 226
42 57
42 100
42 54
42 123
42 124
42 26
42 59
42 11
221 77
221 16
221 152
149 117
149 81
6 24
6 11
6 197
6 89
6 212
6 231
6 211
6 5
6 209
6 66
6 121
6 125
6 26
6 81
6 204
104 23
104 12
104 225
104 205
104 197
104 28
104 131
104 186
104 74
104 90
104 195
104 255
104 13
104 96
104 251
104 242
104 136
104 138
104 202
104 76
104 42
104 162
104 54
104 5
104 163
104 14
104 135
104 77
104 6
104 78
104 174
104 115
104 207
104 100
104 179
104 149
104 237
104 145
104 125
104 24
104 59
104 171
104 152
104 153
104 204
104 154
104 183
104 81
105 3
105 22
105 33
105 196
105 36
105 21
105 108
105 48
105 6
105 216
105 7
105 68
105 223
105 13
105 100
105 122
105 59
105 11
105 224
249 11
85 130
85 202
85 27
85 69
85 129
85 10
85 193
85 100
85 194
85 210
85 270
85 67
85 76
85 5
85 108
85 142
85 66
85 33
85 226
85 112
85 227
85 115
85 207
85 118
85 53
85 73
85 150
85 55
85 71
85 228
85 246
85 229
85 60
85 23
85 36
85 30
85 32
85 196
85 88
85 90
85 225
85 197
85 255
85 94
85 167
85 220
85 98
85 168
85 231
85 127
85 208
85 203
85 106
85 46
85 265
85 50
85 8
85 49
85 110
85 16
85 2
85 152
85 9
85 172
85 45
85 119
85 120
85 176
85 124
85 57
85 125
85 173
85 79
85 81
85 11
85 206
85 72
85 224
85 83
85 28
85 12
85 263
85 218
85 260
85 91
85 268
85 65
85 37
85 13
85 139
85 38
85 177
85 39
85 103
85 41
85 221
85 109
85 143
85 216
85 122
85 68
85 147
85 148
85 161
85 54
85 214
85 275
85 180
85 59
85 151
85 86
85 62
85 155
85 133
85 29
85 184
85 185
85 191
85 34
85 164
85 187
85 80
85 89
85 93
85 140
85 97
85 56
85 58
85 138
85 269
85 52
85 40
85 43
85 64
85 250
85 276
85 7
85 78
85 114
85 223
85 236
85 274
85 189
85 237
85 25
85 77
85 235
85 154
85 126
277 17
277 22
277 160
277 86
277 19
277 20
278 274
278 12
278 136
278 85
278 67
278 25
278 33
278 117
278 225
278 95
278 279
278 97
7 28
7 205
7 34
7 36
7 197
7 89
7 200
7 198
7 37
7 11
7 231
7 38
7 39
7 30
7 52
7 40
7 41
7 43
7 44
7 5
7 232
7 204
7 14
7 46
7 110
7 122
7 78
7 68
7 223
7 207
7 158
7 53
7 191
7 55
7 56
7 50
7 57
7 71
7 58
7 209
7 59
7 4
7 60
7 72
143 23
143 69
216 126
198 28
198 195
198 3
198 205
198 36
198 197
198 89
198 200
198 11
198 140
198 231
198 24
198 41
198 44
198 32
198 48
198 66
198 170
198 254
198 57
198 52
198 121
198 241
198 58
198 26
198 209
198 4
198 204
198 72
198 224
122 32
122 89
122 11
122 107
122 222
122 110
122 57
122 180
122 56
122 125
122 24
122 126
122 64
280 117
280 152
280 12
280 10
68 32
68 37
68 5
68 110
68 122
68 60
68 180
68 56
68 78
68 72
131 26
131 197
131 195
131 89
131 21
131 67
131 142
131 51
131 189
131 121
131 157
131 24
131 183
51 26
51 32
51 89
51 48
51 44
51 110
51 122
51 57
51 121
51 24
51 11
18 201
18 202
18 59
18 36
18 232
281 11
281 152
281 189
281 10
148 23
148 12
148 39
148 233
148 77
148 151
148 152
148 11
148 65
148 21
148 161
179 77
179 75
179 138
179 122
179 59
179 78
179 74
179 80
179 225
179 11
54 26
54 32
54 84
54 24
54 127
54 72
282 22
121 22
121 32
121 89
121 202
121 24
121 66
121 48
121 216
121 110
121 122
121 57
121 125
121 26
121 11
275 11
275 177
275 274
275 91
180 19
180 37
180 110
180 78
45 195
45 218
45 3
45 126
45 205
45 33
45 28
45 34
45 196
45 124
45 36
45 197
45 89
45 200
45 198
45 21
45 168
45 231
45 38
45 138
45 24
45 40
45 41
45 44
45 5
45 104
45 32
45 14
45 110
45 48
45 216
45 50
45 7
45 86
45 223
45 207
45 121
45 122
45 55
45 57
45 4
45 125
45 228
45 26
45 59
45 81
45 250
45 11
45 224
45 62
257 12
257 7
257 195
257 237
241 24
241 205
241 197
241 200
241 231
241 44
241 209
241 48
241 121
241 4
241 26
241 11
182 23
182 201
182 59
182 11
182 21
220 26
220 202
220 5
59 22
59 67
59 162
59 44
59 107
59 66
59 60
59 32
59 168
59 202
59 48
59 110
59 16
59 78
59 81
59 11
59 72
59 65
59 216
59 122
59 68
59 51
59 121
59 180
59 89
59 56
59 57
59 209
59 64
59 144
59 126
117 23
117 184
117 22
117 197
117 175
117 167
117 139
117 251
117 101
117 209
117 222
117 223
117 157
117 245
117 152
117 72
283 11
86 12
86 115
86 218
86 126
86 205
86 197
86 24
86 234
86 225
86 200
86 65
86 195
86 231
86 138
86 67
86 96
86 48
86 6
86 104
86 216
86 110
86 16
86 122
86 204
86 68
86 242
86 237
86 78
86 4
86 5
86 125
86 26
86 59
86 11
86 223
86 81
86 155
183 59
183 66
183 69
183 235
183 204
183 11
183 81
62 12
62 32
62 33
62 34
62 196
62 63
62 186
62 36
62 11
62 38
62 39
62 40
62 41
62 162
62 43
62 6
62 204
62 46
62 50
62 7
62 49
62 110
62 113
62 78
62 52
62 53
62 122
62 55
62 56
62 57
62 58
62 59
62 60
62 42
155 84
155 12
155 90
155 225
155 96
155 127
155 6
155 104
155 216
155 110
155 16
155 122
155 171
155 115
155 242
155 237
155 125
155 59
155 204
155 42
155 81
133 139
256 130
256 126
256 91
256 272
256 134
29 50
29 12
29 62
29 38
29 32
29 58
29 34
29 7
29 36
29 52
29 30
29 72
29 119
184 59
184 76
184 162
184 79
21 32
21 197
21 44
21 66
21 122
21 51
21 54
21 121
21 125
21 26
21 190
21 72
191 64
191 32
191 80
191 66
191 37
191 176
191 235
191 99
191 56
191 67
191 76
191 221
191 126
191 16
191 78
191 68
191 189
191 125
191 59
191 229
191 11
191 72
254 124
254 241
254 205
254 59
254 44
254 6
254 11
34 195
34 24
34 36
34 38
34 39
34 40
34 41
34 42
34 43
34 44
34 50
34 110
34 122
34 204
34 68
34 52
34 53
34 54
34 180
34 55
34 56
34 57
34 4
34 58
34 26
34 59
34 138
34 60
34 72
186 16
186 59
186 57
186 152
187 214
187 23
187 59
187 11
187 212
31 12
31 159
31 30
31 126
31 32
31 34
31 186
31 100
31 234
31 52
31 65
31 37
31 168
31 242
31 38
31 40
31 41
31 43
31 104
31 232
31 46
31 171
31 124
31 53
31 119
31 180
31 55
31 56
31 86
31 42
31 72
31 81
31 155
80 75
80 76
80 77
80 78
80 37
200 32
200 197
200 89
200 231
200 44
200 66
200 48
200 110
200 26
200 121
200 24
200 224
89 126
89 11
89 110
89 216
89 26
89 125
93 84
93 127
93 11
279 23
279 12
279 253
279 33
279 131
279 92
279 231
279 201
279 162
279 6
279 104
279 142
279 66
279 110
279 122
279 206
279 118
279 233
279 109
279 71
279 151
279 204
279 154
158 59
158 182
158 184
158 205
158 175
158 169
158 227
158 6
158 15
158 197
158 11
158 72
140 24
140 197
140 200
140 21
140 231
140 48
140 209
140 122
140 121
140 26
140 11
97 59
97 191
97 78
97 186
97 145
97 103
97 132
97 204
96 11
96 57
96 5
96 107
135 153
135 76
135 81
284 66
284 257
284 157
284 12
284 225
285 135
285 126
285 110
285 33
285 16
285 186
285 11
285 104
58 24
58 32
58 110
58 36
58 197
58 89
58 50
58 231
58 38
58 202
58 76
58 44
58 204
58 48
58 205
58 122
58 11
58 68
58 53
58 54
58 121
58 56
58 57
58 26
58 59
58 229
58 60
58 72
234 23
234 59
234 63
234 162
234 115
234 81
269 191
269 110
269 33
269 122
269 78
269 11
269 37
269 96
52 24
52 36
52 65
52 38
52 202
52 5
52 209
52 110
52 50
52 122
52 204
52 68
52 53
52 54
52 180
52 56
52 57
52 4
52 58
52 26
52 59
52 229
52 60
52 72
40 28
40 32
40 36
40 197
40 37
40 139
40 38
40 39
40 21
40 52
40 41
40 43
40 5
40 191
40 232
40 110
40 122
40 78
40 68
40 53
40 121
40 180
40 56
40 50
40 57
40 58
40 24
40 59
40 60
40 72
43 32
43 78
43 100
43 36
43 56
43 39
43 211
43 41
43 22
43 191
43 110
43 66
43 50
43 122
43 11
43 68
43 52
43 53
43 42
43 180
43 58
43 26
43 59
43 138
43 229
43 60
43 72
101 214
116 84
116 12
116 127
116 59
116 90
116 93
116 42
152 16
152 147
152 217
152 77
164 211
164 202
164 11
64 23
64 37
64 110
199 195
199 218
199 45
199 32
199 28
199 35
199 36
199 197
199 89
199 200
199 19
199 220
199 251
199 231
199 211
199 24
199 48
199 6
199 205
199 44
199 198
199 51
199 207
199 196
199 121
199 4
199 58
199 26
199 86
250 191
250 33
250 37
250 58
250 39
250 211
250 30
250 40
250 41
250 31
250 110
250 216
250 50
250 111
250 122
250 78
250 68
250 52
250 53
250 55
250 59
276 130
276 152
276 117
258 217
258 12
258 56
258 39
258 31
258 226
258 59
258 236
258 11
258 220
258 249
145 66
145 6
145 129
286 214
286 8
286 71
286 10
286 12
286 97
111 84
111 12
111 32
111 131
111 90
111 64
111 135
111 127
111 103
111 6
111 232
111 110
111 34
111 100
111 180
111 59
111 224
146 71
113 184
78 92
78 65
78 37
78 64
78 110
78 189
78 25
114 23
114 191
114 225
114 19
114 37
114 96
114 43
114 110
114 122
114 78
114 79
114 158
114 59
114 117
114 11
114 42
223 126
223 129
223 197
223 21
223 5
223 66
223 145
223 204
223 158
223 59
223 11
223 72
223 224
236 122
236 211
236 59
236 11
287 83
287 184
287 218
287 30
287 86
287 32
287 10
287 27
287 34
287 63
287 186
287 37
287 197
287 65
287 94
287 96
287 242
287 98
287 168
287 100
287 38
287 194
287 138
287 102
287 211
287 264
287 67
287 148
287 40
287 41
287 103
287 43
287 52
287 56
287 104
287 106
287 85
287 209
287 107
287 108
287 46
287 265
287 47
287 8
287 49
287 258
287 33
287 110
287 112
287 122
287 57
287 114
287 223
287 9
287 124
287 118
287 53
287 189
287 261
287 119
287 120
287 214
287 149
287 180
287 55
287 282
287 50
287 280
287 240
287 25
287 225
287 59
287 171
287 81
287 250
287 11
287 42
287 72
287 224
287 62
287 155
95 12
95 85
95 11
95 154
95 94
20 99
20 178
20 160
20 11
20 19
288 218
288 85
288 45
288 33
288 34
288 197
288 1
288 58
288 39
288 102
288 211
288 43
288 44
288 5
288 104
288 105
288 107
288 8
288 7
288 11
288 68
288 126
288 13
288 119
288 86
288 228
288 59
288 14
288 204
288 72
288 224
288 81
237 12
237 115
237 11
237 81
259 251
259 99
259 221
259 174
259 176
157 79
56 37
56 66
56 110
56 78
50 32
50 24
50 197
50 89
50 38
50 5
50 110
50 122
50 204
50 68
50 53
50 56
50 26
50 209
50 59
50 60
50 72
4 32
4 24
4 36
4 197
4 200
4 140
4 251
4 231
4 38
4 202
4 67
4 44
4 183
4 205
4 50
4 48
4 110
4 57
4 51
4 53
4 54
4 121
4 122
4 56
4 26
4 59
4 72
4 224
87 235
201 26
201 32
201 202
201 231
201 37
201 72
24 89
24 202
24 110
24 66
24 26
24 209
24 11
289 11
289 142
289 85
289 152
289 10
70 66
70 110
70 122
138 32
138 197
138 36
138 89
138 220
138 231
138 58
138 211
138 44
138 5
138 107
138 50
138 216
138 110
138 226
138 78
138 68
138 121
138 180
138 4
138 26
138 11
138 126
138 224
235 76
235 92
153 127
154 123
126 84
239 28
239 36
239 45
239 32
239 197
239 24
239 131
239 196
239 195
239 200
239 89
239 8
239 140
239 231
239 136
239 137
239 194
239 138
239 44
239 6
239 104
239 205
239 199
239 48
239 198
239 51
239 207
239 121
239 241
239 125
239 58
239 26
239 59
239 4
239 117
239 11
