833 1038
0 1
2 3
4 5
6 7
8 9
10 11
12 13
14 15
11 16
17 18
19 20
21 22
23 24
2 25
26 27
7 28
29 5
30 31
32 33
34 35
36 37
30 38
39 40
41 42
29 43
44 7
45 36
46 47
48 26
49 50
26 42
51 52
5 53
54 55
56 57
58 37
59 60
61 62
63 64
17 65
66 67
68 69
70 60
7 71
72 18
73 74
56 75
76 77
78 79
80 81
82 83
7 84
85 50
11 86
7 87
88 76
89 90
91 51
7 92
30 93
94 95
96 37
97 98
99 100
101 65
66 102
103 104
105 106
56 107
108 109
110 111
112 110
26 98
113 114
115 116
11 117
11 118
119 120
121 37
122 123
124 110
125 7
126 127
35 128
90 129
130 131
132 133
134 119
94 135
112 136
137 138
139 140
103 141
142 50
143 144
134 145
146 147
148 36
56 149
150 58
151 5
7 152
153 154
155 156
150 157
158 159
11 160
161 120
11 162
163 150
164 165
158 166
36 167
105 168
169 170
171 74
5 95
172 173
174 17
175 176
150 177
7 178
179 98
105 180
156 109
111 54
36 181
105 182
183 5
11 2
50 184
185 186
187 150
188 189
190 36
171 5
7 191
94 81
192 193
11 194
195 147
196 197
198 102
78 164
7 199
200 13
201 195
202 5
7 203
204 90
195 1
51 205
206 11
207 135
39 208
7 157
209 210
36 211
212 127
37 213
214 60
215 189
216 217
113 218
132 219
220 7
221 101
222 223
224 186
119 37
225 226
137 90
227 50
228 132
39 36
5 217
229 230
231 232
233 52
234 56
235 127
236 237
238 1
105 239
240 56
164 241
51 242
202 7
144 140
243 244
7 245
246 22
193 81
30 247
147 5
200 36
5 248
175 249
250 251
252 7
253 137
254 255
11 125
36 256
195 26
257 56
11 258
216 259
81 260
261 56
262 173
263 86
264 50
109 265
266 197
267 268
269 270
80 150
271 272
109 273
274 275
276 127
99 277
278 270
279 280
39 0
281 282
158 237
283 284
285 286
158 137
287 103
288 289
210 290
112 54
291 36
101 18
292 90
270 293
9 294
295 22
36 296
297 298
299 17
132 300
150 301
39 302
232 65
303 76
29 264
304 270
305 241
306 161
307 53
308 270
94 90
309 135
49 310
110 189
311 5
312 9
41 64
195 82
47 18
9 168
313 90
164 173
30 314
109 315
313 316
78 317
233 1
106 170
318 7
137 173
319 90
200 1
320 102
321 322
323 7
105 324
325 200
326 102
327 328
329 120
330 298
331 50
332 50
333 334
335 294
11 64
336 226
337 81
11 338
339 36
340 24
341 76
187 342
109 343
344 345
334 346
122 81
137 347
348 349
350 132
118 351
11 352
235 170
256 270
11 353
354 36
355 4
356 11
110 1
216 357
358 359
14 95
29 360
147 361
233 58
208 92
285 26
362 363
364 365
366 95
367 368
310 369
370 56
371 84
190 183
372 12
373 374
375 7
200 135
376 226
377 50
36 378
52 365
379 7
380 15
90 381
382 135
383 290
384 385
15 290
0 119
7 386
375 117
387 388
389 47
390 189
233 11
391 11
1 20
392 173
0 4
393 7
394 270
150 395
396 36
397 150
398 47
399 1
400 109
401 283
7 402
403 37
404 9
405 406
407 22
408 409
90 410
36 162
155 170
170 411
170 412
321 413
414 11
298 415
416 60
173 67
172 270
417 109
103 418
90 15
419 36
102 420
421 26
11 422
409 13
29 423
423 135
153 95
424 7
325 425
120 86
299 18
392 76
426 427
428 150
429 20
195 7
430 53
431 5
173 432
433 37
310 434
435 249
436 434
7 353
132 437
30 150
438 56
56 369
439 36
11 440
102 441
442 443
118 418
29 370
444 445
446 36
36 74
447 237
448 5
331 255
449 22
450 47
58 120
200 411
451 50
195 270
452 109
1 293
30 453
2 36
195 36
454 189
11 455
78 357
456 457
405 458
335 166
4 211
164 388
459 460
36 461
158 462
463 7
29 464
465 50
466 467
150 468
1 469
90 470
132 471
5 472
405 473
81 180
36 474
475 7
164 466
476 255
477 132
56 478
479 279
132 480
175 216
51 277
481 482
5 483
484 286
243 485
11 321
486 487
7 37
255 420
313 36
488 7
270 86
153 15
29 489
490 120
11 173
132 491
137 492
109 493
187 494
495 496
158 497
498 7
367 499
500 90
335 501
132 502
56 503
30 12
68 193
504 7
505 90
506 26
36 20
507 95
490 335
508 90
509 36
500 247
510 81
342 494
258 135
511 7
140 22
347 512
513 514
515 37
516 517
56 518
119 519
500 109
231 17
110 323
520 521
498 173
391 36
522 20
523 524
525 264
526 200
527 50
528 529
212 38
530 118
484 531
532 264
269 183
533 22
534 127
36 535
536 50
537 150
88 150
405 538
466 494
7 256
539 216
540 218
541 231
542 36
543 544
36 469
7 545
137 81
546 186
379 270
547 548
37 472
45 197
326 197
26 265
549 102
11 550
118 551
379 11
45 552
553 554
196 361
5 486
335 168
11 555
45 9
4 556
210 557
558 186
4 20
102 559
560 345
132 561
562 563
564 277
405 565
566 567
224 309
261 568
39 157
113 409
569 5
274 570
571 26
572 170
573 81
1 74
574 26
7 213
442 18
575 576
11 577
426 578
132 579
113 135
78 580
247 170
581 450
103 217
582 7
150 583
47 578
150 584
458 218
333 440
585 47
99 586
587 36
77 588
589 36
136 55
590 218
132 168
45 591
122 592
593 566
99 594
11 595
596 109
36 597
513 598
12 200
7 427
143 173
52 5
599 381
600 60
601 602
50 603
604 5
516 605
105 606
607 60
397 77
553 608
366 609
173 610
611 50
595 612
136 150
312 127
364 613
183 20
614 170
119 74
11 615
9 109
150 109
387 550
250 616
134 517
617 289
355 618
269 7
0 323
146 1
619 173
620 22
110 56
183 81
621 36
375 36
622 109
130 623
356 624
47 625
626 183
627 47
628 401
629 630
190 128
631 540
632 95
8 103
486 633
68 634
635 81
560 636
230 637
235 5
30 638
103 639
640 295
7 396
500 81
641 642
169 643
396 644
266 442
519 645
646 50
398 578
647 648
298 270
36 649
119 147
5 412
650 26
150 651
60 652
462 137
356 36
653 37
7 654
7 655
92 371
426 328
656 281
596 286
657 109
658 659
7 660
132 661
125 36
321 662
663 282
26 83
664 665
408 666
566 170
7 667
99 668
509 7
5 669
5 251
172 170
37 670
147 118
671 442
484 672
56 673
11 511
674 26
675 676
78 380
457 677
678 173
119 679
118 639
202 90
11 296
200 62
231 18
150 384
680 127
681 682
127 289
683 102
684 7
150 685
257 50
533 18
36 422
481 686
208 687
553 688
144 282
29 200
144 109
484 462
7 689
690 691
7 692
176 470
124 119
693 102
694 5
695 36
696 697
698 173
575 401
699 173
700 701
321 486
173 618
190 429
702 170
36 670
703 170
704 127
705 77
706 95
9 707
103 708
174 18
216 470
120 157
709 605
56 563
558 710
7 711
712 255
713 37
195 119
714 715
716 50
11 211
553 717
718 60
7 352
7 719
196 720
721 37
190 644
9 722
4 81
426 47
45 330
30 516
7 723
56 137
110 45
233 26
200 724
58 200
725 50
366 417
36 726
392 170
321 727
233 119
728 180
18 65
454 244
4 1
164 566
380 347
5 302
729 1
156 730
60 731
105 188
732 173
733 77
39 73
29 94
29 734
735 616
11 736
737 738
373 739
330 519
203 36
292 20
355 718
56 740
136 617
36 741
742 218
663 572
520 22
142 173
382 170
737 26
694 679
7 743
541 454
233 7
164 295
56 247
744 150
745 746
747 7
127 284
261 81
748 382
749 750
164 550
415 20
39 92
751 752
753 659
553 118
29 663
36 120
754 755
348 756
335 757
11 402
131 118
7 758
88 9
0 36
78 87
47 239
597 24
178 265
216 759
37 760
250 36
513 746
597 450
761 618
530 26
39 161
364 210
560 762
498 135
763 764
200 746
136 210
236 765
344 56
766 755
150 767
146 36
56 768
29 769
29 380
504 36
7 120
118 770
390 81
11 167
281 771
375 460
772 1
164 98
405 773
321 774
29 775
132 776
777 77
778 90
150 249
779 621
201 460
39 120
405 780
353 36
781 26
171 37
335 782
356 58
0 263
370 95
231 101
783 74
45 37
372 13
784 785
748 786
382 127
323 210
525 634
787 50
26 762
188 37
110 55
788 402
738 95
789 790
791 90
792 50
153 383
793 183
81 794
39 45
462 200
7 556
158 380
29 795
76 796
111 210
150 508
7 797
11 203
593 553
364 798
298 799
153 691
258 111
663 166
26 800
52 37
526 666
801 802
41 226
150 330
117 7
803 804
7 805
281 289
11 806
105 807
795 76
563 81
808 310
236 809
80 56
236 810
39 460
811 286
144 430
812 813
144 470
814 50
350 9
56 168
815 60
816 132
73 5
210 817
331 102
81 818
36 84
819 820
821 822
150 823
511 36
542 7
200 824
615 36
405 825
215 826
506 94
109 120
560 670
58 250
14 154
9 827
828 36
829 26
196 389
94 5
5 794
7 726
306 137
830 590
831 282
543 764
36 1
321 26
9 832
