112 168
0 1
2 3
4 5
6 7
8 9
10 11
12 13
14 15
16 17
18 19
20 21
22 23
24 25
26 27
28 29
30 31
18 6
32 17
33 29
34 35
36 11
37 38
39 40
41 42
43 12
20 44
45 26
46 47
48 20
49 50
51 46
37 52
28 35
53 54
55 1
56 57
14 58
45 0
44 59
38 60
61 2
56 62
63 64
65 58
30 66
67 22
8 62
67 68
69 22
3 70
15 71
2 72
73 74
53 75
32 76
43 71
52 34
77 78
34 79
65 50
80 15
26 47
81 74
60 59
33 82
83 21
84 85
86 51
81 24
84 42
87 49
25 23
80 70
88 5
88 6
89 68
19 90
18 62
91 92
4 11
93 90
94 85
77 10
7 58
46 95
96 66
97 23
96 72
54 47
76 21
73 63
55 98
35 76
97 27
38 99
100 41
91 95
39 100
24 14
92 9
101 89
69 102
103 52
55 104
77 9
94 63
36 16
49 60
83 73
44 105
100 98
98 59
78 79
87 106
37 107
84 5
64 82
33 70
61 78
8 31
95 42
101 50
93 17
4 108
57 109
86 99
13 68
53 57
101 109
94 109
93 97
45 79
48 88
105 54
56 40
1 64
80 105
65 110
69 107
0 7
48 67
99 19
106 27
30 106
83 66
87 108
32 110
103 71
3 90
25 39
96 111
12 104
75 111
61 89
107 111
43 31
108 29
91 110
82 102
74 86
75 36
92 102
13 51
103 85
72 41
104 16
28 40
81 10
