869 3208
0 1
0 2
0 3
1 4
1 2
1 3
1 5
4 6
4 3
4 5
4 7
6 8
6 5
6 7
6 9
8 10
8 7
8 9
8 11
10 12
10 9
10 11
10 13
12 14
12 11
12 13
12 15
14 16
14 13
14 15
14 17
16 15
16 17
2 3
2 18
2 19
3 5
3 18
3 19
3 20
5 7
5 19
5 20
5 21
7 9
7 20
7 21
7 22
9 11
9 21
9 22
9 23
11 13
11 22
11 23
11 24
13 15
13 23
13 24
13 25
15 17
15 24
15 25
15 26
17 25
17 26
18 19
18 27
18 28
19 20
19 27
19 28
19 29
20 21
20 28
20 29
20 30
21 22
21 29
21 30
21 31
22 23
22 30
22 31
22 32
23 24
23 31
23 32
23 33
24 25
24 32
24 33
24 34
25 26
25 33
25 34
25 35
26 34
26 35
27 28
28 29
29 30
30 31
30 36
30 37
31 32
31 36
31 37
31 38
32 33
32 37
32 38
32 39
33 34
33 38
33 39
33 40
34 35
34 39
34 40
34 41
35 40
35 41
36 37
36 42
36 43
37 38
37 42
37 43
37 44
38 39
38 43
38 44
38 45
39 40
39 44
39 45
39 46
40 41
40 45
40 46
40 47
41 46
41 47
42 43
42 48
42 49
43 44
43 48
43 49
43 50
44 45
44 49
44 50
44 51
45 46
45 50
45 51
45 52
46 47
46 51
46 52
46 53
47 52
47 53
48 49
48 54
48 55
49 50
49 54
49 55
49 56
50 51
50 55
50 56
50 57
51 52
51 56
51 57
51 58
52 53
52 57
52 58
52 59
53 58
53 59
54 55
54 60
54 61
55 56
55 60
55 61
55 62
56 57
56 61
56 62
56 63
57 58
57 62
57 63
57 64
58 59
58 63
58 64
58 65
59 66
59 64
59 65
59 67
59 68
66 65
66 67
66 68
60 61
60 69
60 70
61 62
61 69
61 70
61 71
62 63
62 70
62 71
62 72
63 64
63 71
63 72
63 73
64 65
64 72
64 73
64 74
64 75
65 67
65 73
65 74
65 68
65 75
67 74
67 75
69 70
69 76
69 77
70 71
70 76
70 77
70 78
71 72
71 77
71 78
71 79
72 73
72 78
72 79
72 80
72 81
73 74
73 79
73 80
73 75
73 81
74 80
74 68
74 81
76 77
76 82
76 83
77 78
77 82
77 83
77 84
78 79
78 83
78 84
78 85
78 86
79 80
79 84
79 85
79 81
79 86
80 85
80 75
80 86
82 83
82 87
82 88
83 84
83 87
83 88
83 89
84 85
84 88
84 89
84 90
84 86
84 91
85 90
85 81
85 91
87 88
87 92
87 93
88 89
88 92
88 93
88 94
89 90
89 93
89 94
89 91
90 86
92 93
92 95
92 96
93 94
93 95
93 96
93 97
94 96
94 97
95 96
95 98
95 99
96 97
96 98
96 99
96 100
97 99
97 100
98 99
99 100
68 75
68 101
75 101
75 81
75 102
75 103
101 102
101 103
81 102
81 86
81 104
81 105
102 103
102 104
102 105
102 106
103 105
103 106
86 104
86 91
86 107
86 108
104 105
104 107
104 108
104 109
105 106
105 108
105 109
105 110
106 109
106 110
91 107
91 111
91 112
107 108
107 111
107 112
107 113
108 109
108 112
108 113
108 114
109 110
109 113
109 114
109 115
110 114
110 115
111 112
111 116
111 117
111 118
111 119
112 113
112 116
112 117
112 120
112 118
112 119
112 121
113 114
113 117
113 120
113 122
113 119
113 121
113 123
114 115
114 120
114 122
114 124
114 121
114 123
114 125
115 122
115 124
115 123
115 125
116 117
116 119
117 120
117 118
117 121
120 122
120 119
120 123
122 124
122 121
122 125
124 123
118 119
118 126
118 127
119 121
119 126
119 127
119 128
121 123
121 127
121 128
121 129
123 125
123 128
123 129
123 130
125 131
125 129
125 130
125 132
131 133
131 130
131 132
131 134
133 135
133 132
133 134
133 136
135 137
135 134
135 136
135 138
137 139
137 136
137 138
137 140
139 141
139 138
139 140
139 142
141 143
141 140
141 142
141 144
143 142
143 144
143 145
143 146
126 127
126 147
126 148
127 128
127 147
127 148
127 149
128 129
128 148
128 149
128 150
129 130
129 149
129 150
129 151
130 132
130 150
130 151
130 152
132 134
132 151
132 152
132 153
134 136
134 152
134 153
134 154
136 138
136 153
136 154
136 155
138 140
138 154
138 155
138 156
140 142
140 155
140 156
140 157
142 144
142 156
142 157
142 158
144 157
144 158
144 145
144 146
144 159
147 148
147 160
147 161
148 149
148 160
148 161
148 162
149 150
149 161
149 162
149 163
150 151
150 162
150 163
150 164
151 152
151 163
151 164
151 165
152 153
152 164
152 165
152 166
153 154
153 165
153 166
153 167
154 155
154 166
154 167
154 168
155 156
155 167
155 168
155 169
156 157
156 168
156 169
156 170
157 158
157 169
157 170
157 171
158 170
158 171
158 146
158 159
158 172
160 161
160 173
160 174
161 162
161 173
161 174
161 175
162 163
162 174
162 175
162 176
163 164
163 175
163 176
163 177
164 165
164 176
164 177
164 178
165 166
165 177
165 178
165 179
166 167
166 178
166 179
166 180
167 168
167 179
167 180
167 181
168 169
168 180
168 181
168 182
169 170
169 181
169 182
169 183
170 171
170 182
170 183
170 184
171 183
171 184
171 159
171 172
171 185
173 174
173 186
173 187
174 175
174 186
174 187
174 188
175 176
175 187
175 188
175 189
176 177
176 188
176 189
176 190
177 178
177 189
177 190
177 191
178 179
178 190
178 191
178 192
179 180
179 191
179 192
179 193
180 181
180 192
180 193
180 194
181 182
181 193
181 194
181 195
182 183
182 194
182 195
182 196
183 184
183 195
183 196
183 197
184 196
184 197
184 172
184 185
184 198
186 187
186 199
186 200
187 188
187 199
187 200
187 201
188 189
188 200
188 201
188 202
189 190
189 201
189 202
189 203
190 191
190 202
190 203
190 204
191 192
191 203
191 204
191 205
192 193
192 204
192 205
192 206
193 194
193 205
193 206
193 207
194 195
194 206
194 207
194 208
195 196
195 207
195 208
195 209
196 197
196 208
196 209
196 210
197 209
197 210
197 185
197 198
197 211
199 200
199 212
199 213
200 201
200 212
200 213
200 214
201 202
201 213
201 214
201 215
202 203
202 214
202 215
202 216
203 204
203 215
203 216
203 217
204 205
204 216
204 217
204 218
205 206
205 217
205 218
205 219
206 207
206 218
206 219
206 220
207 208
207 219
207 220
207 221
208 209
208 220
208 221
208 222
209 210
209 221
209 222
209 223
210 222
210 223
210 198
210 211
210 224
212 213
212 225
212 226
213 214
213 225
213 226
213 227
214 215
214 226
214 227
214 228
215 216
215 227
215 228
215 229
216 217
216 228
216 229
216 230
217 218
217 229
217 230
217 231
218 219
218 230
218 231
218 232
219 220
219 231
219 232
219 233
220 221
220 232
220 233
220 234
221 222
221 233
221 234
221 235
222 223
222 234
222 235
222 236
223 235
223 236
223 211
223 224
223 237
225 226
225 238
225 239
226 227
226 238
226 239
226 240
227 228
227 239
227 240
227 241
228 229
228 240
228 241
228 242
229 230
229 241
229 242
229 243
230 231
230 242
230 243
230 244
231 232
231 243
231 244
231 245
232 233
232 244
232 245
232 246
233 234
233 245
233 246
233 247
234 235
234 246
234 247
234 248
235 236
235 247
235 248
235 249
236 248
236 249
236 224
236 237
236 250
238 239
238 251
238 252
239 240
239 251
239 252
239 253
240 241
240 252
240 253
240 254
241 242
241 253
241 254
241 255
242 243
242 254
242 255
242 256
243 244
243 255
243 256
243 257
244 245
244 256
244 257
244 258
245 246
245 257
245 258
245 259
246 247
246 258
246 259
246 260
247 248
247 259
247 260
247 261
248 249
248 260
248 261
248 262
249 261
249 262
249 237
249 250
249 263
251 252
251 264
251 265
251 266
251 267
252 253
252 264
252 265
252 268
252 266
252 267
252 269
253 254
253 265
253 268
253 270
253 267
253 269
253 271
254 255
254 268
254 270
254 272
254 269
254 271
254 273
255 256
255 270
255 272
255 274
255 271
255 273
255 275
256 257
256 272
256 274
256 276
256 273
256 275
256 277
257 258
257 274
257 276
257 278
257 275
257 277
257 279
258 259
258 276
258 278
258 280
258 277
258 279
258 281
259 260
259 278
259 280
259 282
259 279
259 281
259 283
260 261
260 282
260 284
260 283
260 285
261 262
261 284
261 286
261 287
261 285
262 286
262 287
262 250
262 263
262 288
264 265
264 267
265 268
265 266
265 269
268 270
268 267
268 271
270 272
270 269
270 273
272 274
272 271
272 275
274 276
274 273
274 277
276 278
276 275
276 279
278 280
278 277
278 281
280 282
280 279
280 283
282 284
282 281
282 285
284 286
284 283
286 287
286 289
286 290
286 285
287 289
287 290
287 263
287 288
287 291
289 290
289 292
289 293
290 292
290 293
290 288
290 291
290 294
292 293
292 295
292 296
293 295
293 296
293 291
293 294
293 297
295 296
295 298
295 299
296 298
296 299
296 294
296 297
296 300
298 299
298 301
298 302
299 301
299 302
299 297
299 300
299 303
301 302
302 300
302 303
266 267
266 304
266 305
266 306
266 307
267 269
267 304
267 305
267 308
267 306
267 307
267 309
269 271
269 305
269 308
269 310
269 307
269 309
269 311
271 273
271 308
271 310
271 312
271 309
271 311
271 313
273 275
273 310
273 312
273 314
273 311
273 313
273 315
275 277
275 312
275 314
275 316
275 313
275 315
275 317
277 279
277 314
277 316
277 318
277 315
277 317
277 319
279 281
279 316
279 318
279 320
279 317
279 319
279 321
281 283
281 318
281 320
281 322
281 319
281 321
281 323
283 285
283 320
283 322
283 324
283 321
283 323
283 325
285 322
285 324
285 323
285 325
304 305
304 307
305 308
305 306
305 309
308 310
308 307
308 311
310 312
310 309
310 313
312 314
312 311
312 315
314 316
314 313
314 317
316 318
316 315
316 319
318 320
318 317
318 321
320 322
320 319
320 323
322 324
322 321
322 325
324 323
306 307
306 326
306 327
307 309
307 326
307 327
307 328
309 311
309 327
309 328
309 329
311 313
311 328
311 329
311 330
313 315
313 329
313 330
313 331
315 317
315 330
315 331
315 332
317 319
317 331
317 332
317 333
319 321
319 332
319 333
319 334
321 323
321 333
321 334
321 335
323 325
323 334
323 335
323 336
325 337
325 335
325 336
325 338
337 336
337 338
326 327
326 339
326 340
327 328
327 339
327 340
327 341
328 329
328 340
328 341
328 342
329 330
329 341
329 342
329 343
330 331
330 342
330 343
330 344
331 332
331 343
331 344
331 345
332 333
332 344
332 345
332 346
333 334
333 345
333 346
333 347
334 335
334 346
334 347
334 348
335 336
335 347
335 348
335 349
336 338
336 348
336 349
336 350
338 349
338 350
339 340
339 351
339 352
340 341
340 351
340 352
340 353
341 342
341 352
341 353
341 354
342 343
342 353
342 354
342 355
343 344
343 354
343 355
343 356
344 345
344 355
344 356
344 357
345 346
345 356
345 357
345 358
346 347
346 357
346 358
346 359
347 348
347 358
347 359
347 360
348 349
348 359
348 360
348 361
349 350
349 360
349 361
349 362
350 361
350 362
351 352
351 363
351 364
352 353
352 363
352 364
352 365
353 354
353 364
353 365
353 366
354 355
354 365
354 366
354 367
355 356
355 366
355 367
355 368
356 357
356 367
356 368
356 369
357 358
357 368
357 369
357 370
358 359
358 369
358 370
358 371
359 360
359 370
359 371
359 372
360 361
360 371
360 372
360 373
361 362
361 372
361 373
361 374
362 373
362 374
363 364
363 375
363 376
364 365
364 375
364 376
364 377
365 366
365 376
365 377
365 378
366 367
366 377
366 378
366 379
367 368
367 378
367 379
367 380
368 369
368 379
368 380
368 381
369 370
369 380
369 381
369 382
370 371
370 381
370 382
370 383
371 372
371 382
371 383
371 384
372 373
372 383
372 384
372 385
373 374
373 384
373 385
373 386
374 385
374 386
375 376
375 387
375 388
376 377
376 387
376 388
376 389
377 378
377 388
377 389
377 390
378 379
378 389
378 390
378 391
379 380
379 390
379 391
379 392
380 381
380 391
380 392
380 393
381 382
381 392
381 393
381 394
382 383
382 393
382 394
382 395
383 384
383 394
383 395
383 396
384 385
384 395
384 396
384 397
385 386
385 396
385 397
385 398
386 397
386 398
387 388
387 399
387 400
388 389
388 399
388 400
388 401
389 390
389 400
389 401
389 402
390 391
390 401
390 402
390 403
391 392
391 402
391 403
391 404
392 393
392 403
392 404
392 405
393 394
393 404
393 405
393 406
394 395
394 405
394 406
394 407
395 396
395 406
395 407
395 408
396 397
396 407
396 408
396 409
396 410
397 398
397 408
397 409
397 410
398 409
398 410
399 400
399 411
399 412
400 401
400 411
400 412
400 413
401 402
401 412
401 413
401 414
402 403
402 413
402 414
402 415
403 404
403 414
403 415
403 416
404 405
404 415
404 416
404 417
405 406
405 416
405 417
405 418
406 407
406 417
406 418
406 419
407 408
407 418
407 419
407 420
407 421
408 409
408 419
408 420
408 410
408 421
409 420
409 421
411 412
411 422
411 423
412 413
412 422
412 423
412 424
413 414
413 423
413 424
413 425
414 415
414 424
414 425
414 426
415 416
415 425
415 426
415 427
416 417
416 426
416 427
416 428
417 418
417 427
417 428
417 429
418 419
418 428
418 429
418 430
418 431
419 420
419 429
419 430
419 421
419 431
420 430
420 410
420 431
422 423
422 432
422 433
423 424
423 432
423 433
423 434
424 425
424 433
424 434
424 435
425 426
425 434
425 435
425 436
426 427
426 435
426 436
426 437
427 428
427 436
427 437
427 438
428 429
428 437
428 438
428 439
428 440
429 430
429 438
429 439
429 431
429 440
430 439
430 421
430 440
432 433
432 441
432 442
433 434
433 441
433 442
433 443
434 435
434 442
434 443
434 444
435 436
435 443
435 444
435 445
436 437
436 444
436 445
436 446
437 438
437 445
437 446
437 447
437 448
438 439
438 446
438 447
438 440
438 448
439 447
439 431
439 448
441 442
441 449
441 450
442 443
442 449
442 450
442 451
443 444
443 450
443 451
443 452
444 445
444 451
444 452
444 453
445 446
445 452
445 453
445 454
445 455
446 447
446 453
446 454
446 448
446 455
447 454
447 440
447 455
449 450
449 456
449 457
450 451
450 456
450 457
450 458
451 452
451 457
451 458
451 459
452 453
452 458
452 459
452 460
452 461
453 454
453 459
453 460
453 455
453 461
454 460
454 448
454 461
456 457
456 462
456 463
457 458
457 462
457 463
458 459
458 463
458 464
458 465
458 466
458 467
459 460
459 464
459 466
459 461
460 464
460 455
460 466
462 463
462 468
462 469
462 470
463 465
463 468
463 470
463 467
464 465
464 461
464 467
465 468
465 466
465 470
468 469
468 467
469 470
410 471
410 421
410 472
410 473
471 474
471 472
471 473
471 475
474 473
474 475
421 472
421 431
421 476
421 477
472 473
472 476
472 477
472 478
473 475
473 477
473 478
473 479
475 478
475 479
431 476
431 440
431 480
431 481
476 477
476 480
476 481
476 482
477 478
477 481
477 482
477 483
478 479
478 482
478 483
478 484
479 483
479 484
440 480
440 448
440 485
440 486
480 481
480 485
480 486
480 487
481 482
481 486
481 487
481 488
482 483
482 487
482 488
482 489
483 484
483 488
483 489
483 490
484 489
484 490
448 485
448 455
448 491
448 492
485 486
485 491
485 492
485 493
486 487
486 492
486 493
486 494
487 488
487 493
487 494
487 495
488 489
488 494
488 495
488 496
489 490
489 495
489 496
489 497
490 496
490 497
455 491
455 461
455 498
491 492
491 498
491 499
491 500
492 493
492 499
492 500
492 501
493 494
493 500
493 501
493 502
494 495
494 501
494 502
494 503
495 496
495 502
495 503
495 504
496 497
496 503
496 504
496 505
497 504
497 505
466 461
466 467
466 506
466 507
461 498
461 506
498 499
498 506
498 508
498 509
499 500
499 508
499 509
499 510
500 501
500 509
500 510
500 511
501 502
501 510
501 511
501 512
502 503
502 511
502 512
502 513
503 504
503 512
503 513
503 514
504 505
504 513
504 514
504 515
505 514
505 515
470 467
470 516
470 517
467 517
467 507
506 508
506 507
506 518
506 519
508 509
508 518
508 519
508 520
509 510
509 519
509 520
509 521
510 511
510 520
510 521
510 522
511 512
511 521
511 522
511 523
512 513
512 522
512 523
512 524
513 514
513 523
513 524
513 525
514 515
514 524
514 525
514 526
515 525
515 526
516 517
516 527
516 528
517 507
517 527
517 528
517 529
507 518
507 528
507 529
507 530
518 519
518 529
518 530
518 531
519 520
519 530
519 531
519 532
520 521
520 531
520 532
520 533
521 522
521 532
521 533
521 534
522 523
522 533
522 534
522 535
523 524
523 534
523 535
523 536
524 525
524 535
524 536
524 537
525 526
525 536
525 537
525 538
526 537
526 538
527 528
527 539
527 540
528 529
528 539
528 540
528 541
529 530
529 540
529 541
529 542
530 531
530 541
530 542
530 543
531 532
531 542
531 543
531 544
532 533
532 543
532 544
532 545
533 534
533 544
533 545
533 546
534 535
534 545
534 546
534 547
535 536
535 546
535 547
535 548
536 537
536 547
536 548
536 549
537 538
537 548
537 549
537 550
538 549
538 550
539 540
539 551
539 552
540 541
540 551
540 552
540 553
541 542
541 552
541 553
541 554
542 543
542 553
542 554
542 555
543 544
543 554
543 555
543 556
544 545
544 555
544 556
544 557
545 546
545 556
545 557
545 558
546 547
546 557
546 558
546 559
547 548
547 558
547 559
547 560
548 549
548 559
548 560
548 561
549 550
549 560
549 561
549 562
550 561
550 562
551 552
551 563
552 553
552 563
552 564
552 565
553 554
553 564
553 566
553 565
553 567
554 555
554 564
554 566
554 568
554 565
554 567
554 569
555 556
555 566
555 568
555 570
555 567
555 569
555 571
556 557
556 568
556 570
556 572
556 569
556 571
556 573
557 558
557 570
557 572
557 574
557 571
557 573
557 575
558 559
558 572
558 574
558 576
558 573
558 575
558 577
559 560
559 574
559 576
559 578
559 575
559 577
559 579
560 561
560 576
560 578
560 580
560 577
560 579
560 581
561 562
561 578
561 580
561 582
561 579
561 581
561 583
562 580
562 582
562 581
562 583
563 564
563 584
563 585
563 565
564 566
564 584
564 585
564 567
566 568
566 565
566 569
568 570
568 567
568 571
570 572
570 569
570 573
572 574
572 571
572 575
574 576
574 573
574 577
576 578
576 575
576 579
578 580
578 577
578 581
580 582
580 579
580 583
582 581
584 585
584 586
584 587
584 565
585 586
585 587
585 565
586 587
586 588
586 589
587 588
587 589
588 589
588 590
588 591
589 590
589 591
590 591
590 592
590 593
591 592
591 593
592 593
592 594
592 595
593 594
593 595
594 595
594 596
594 597
595 596
595 597
596 597
596 598
596 599
597 598
597 599
598 599
598 600
598 601
599 600
599 601
600 601
600 602
600 603
601 602
601 603
602 603
602 604
602 605
603 604
603 605
604 605
604 606
604 607
605 606
605 607
606 607
565 567
565 608
565 609
567 569
567 608
567 609
567 610
569 571
569 609
569 610
569 611
571 573
571 610
571 611
571 612
573 575
573 611
573 612
573 613
575 577
575 612
575 613
575 614
577 579
577 613
577 614
579 581
579 614
579 615
581 583
581 614
581 615
581 616
583 615
583 616
608 609
608 617
608 618
609 610
609 617
609 618
609 619
610 611
610 618
610 619
610 620
611 612
611 619
611 620
611 621
612 613
612 620
612 621
612 622
613 614
613 621
613 622
613 623
614 615
614 622
614 623
614 624
615 616
615 623
615 624
615 625
616 624
616 625
617 618
617 626
617 627
618 619
618 626
618 627
618 628
619 620
619 627
619 628
619 629
620 621
620 628
620 629
620 630
621 622
621 629
621 630
621 631
622 623
622 630
622 631
622 632
623 624
623 631
623 632
623 633
624 625
624 632
624 633
624 634
625 633
625 634
626 627
626 635
626 636
627 628
627 635
627 636
627 637
628 629
628 636
628 637
628 638
629 630
629 637
629 638
629 639
630 631
630 638
630 639
630 640
631 632
631 639
631 640
631 641
632 633
632 640
632 641
632 642
633 634
633 641
633 642
633 643
634 642
634 643
635 636
635 644
635 645
636 637
636 644
636 645
636 646
637 638
637 645
637 646
637 647
638 639
638 646
638 647
638 648
639 640
639 647
639 648
639 649
640 641
640 648
640 649
640 650
641 642
641 649
641 650
641 651
642 643
642 650
642 651
642 652
643 651
643 652
644 645
644 653
644 654
645 646
645 653
645 654
645 655
646 647
646 654
646 655
646 656
647 648
647 655
647 656
647 657
648 649
648 656
648 657
648 658
649 650
649 657
649 658
649 659
650 651
650 658
650 659
650 660
651 652
651 659
651 660
651 661
652 660
652 661
653 654
653 662
653 663
654 655
654 662
654 663
654 664
655 656
655 663
655 664
655 665
656 657
656 664
656 665
656 666
657 658
657 665
657 666
657 667
658 659
658 666
658 667
658 668
659 660
659 667
659 668
659 669
660 661
660 668
660 669
660 670
661 669
661 670
662 663
662 671
662 672
663 664
663 671
663 672
663 673
664 665
664 672
664 673
664 674
665 666
665 673
665 674
665 675
666 667
666 674
666 675
666 676
667 668
667 675
667 676
667 677
668 669
668 676
668 677
668 678
669 670
669 677
669 678
669 679
670 678
670 679
671 672
671 680
671 681
672 673
672 680
672 681
672 682
673 674
673 681
673 682
673 683
674 675
674 682
674 683
674 684
675 676
675 683
675 684
675 685
676 677
676 684
676 685
676 686
677 678
677 685
677 686
677 687
678 679
678 686
678 687
678 688
679 687
679 688
680 681
680 689
680 690
681 682
681 689
681 690
681 691
682 683
682 690
682 691
682 692
683 684
683 691
683 692
683 693
684 685
684 692
684 693
684 694
685 686
685 693
685 694
685 695
686 687
686 694
686 695
686 696
687 688
687 695
687 696
687 697
688 696
688 697
689 690
689 698
689 699
690 691
690 698
690 699
690 700
691 692
691 699
691 700
691 701
692 693
692 700
692 701
692 702
693 694
693 701
693 702
693 703
694 695
694 702
694 703
694 704
695 696
695 703
695 704
695 705
696 697
696 704
696 705
696 706
697 705
697 706
698 699
698 707
698 708
699 700
699 707
699 708
699 709
700 701
700 708
700 709
700 710
701 702
701 709
701 710
701 711
702 703
702 710
702 711
702 712
703 704
703 711
703 712
703 713
704 705
704 712
704 713
704 714
705 706
705 713
705 714
705 715
706 714
706 715
707 708
708 709
709 710
710 711
711 712
712 713
713 714
714 715
145 716
145 146
145 717
716 718
716 146
716 717
716 719
718 720
718 717
718 719
718 721
720 722
720 719
720 721
720 723
722 724
722 721
722 723
722 725
724 726
724 723
724 725
724 727
726 728
726 725
726 727
726 729
728 730
728 727
728 729
728 731
730 732
730 729
730 731
730 733
732 731
732 733
146 717
146 159
146 734
717 719
717 159
717 734
717 735
719 721
719 734
719 735
719 736
721 723
721 735
721 736
721 737
723 725
723 736
723 737
723 738
725 727
725 737
725 738
725 739
727 729
727 738
727 739
727 740
729 731
729 739
729 740
729 741
731 733
731 740
731 741
731 742
733 741
733 742
159 734
159 172
159 743
734 735
734 172
734 743
734 744
735 736
735 743
735 744
735 745
736 737
736 744
736 745
736 746
737 738
737 745
737 746
737 747
738 739
738 746
738 747
738 748
739 740
739 747
739 748
739 749
740 741
740 748
740 749
740 750
741 742
741 749
741 750
741 751
742 750
742 751
172 743
172 185
172 752
743 744
743 185
743 752
743 753
744 745
744 752
744 753
744 754
745 746
745 753
745 754
745 755
746 747
746 754
746 755
746 756
747 748
747 755
747 756
747 757
748 749
748 756
748 757
748 758
749 750
749 757
749 758
749 759
750 751
750 758
750 759
750 760
751 759
751 760
185 752
185 198
185 761
752 753
752 198
752 761
752 762
753 754
753 761
753 762
753 763
754 755
754 762
754 763
754 764
755 756
755 763
755 764
755 765
756 757
756 764
756 765
756 766
757 758
757 765
757 766
757 767
758 759
758 766
758 767
758 768
759 760
759 767
759 768
759 769
760 768
760 769
198 761
198 211
198 770
761 762
761 211
761 770
761 771
762 763
762 770
762 771
762 772
763 764
763 771
763 772
763 773
764 765
764 772
764 773
764 774
765 766
765 773
765 774
765 775
766 767
766 774
766 775
766 776
767 768
767 775
767 776
767 777
768 769
768 776
768 777
768 778
769 777
769 778
211 770
211 224
211 779
770 771
770 224
770 779
770 780
771 772
771 779
771 780
771 781
772 773
772 780
772 781
772 782
773 774
773 781
773 782
773 783
774 775
774 782
774 783
774 784
775 776
775 783
775 784
775 785
776 777
776 784
776 785
776 786
777 778
777 785
777 786
777 787
778 786
778 787
224 779
224 237
224 788
779 780
779 237
779 788
779 789
780 781
780 788
780 789
780 790
781 782
781 789
781 790
781 791
782 783
782 790
782 791
782 792
783 784
783 791
783 792
783 793
784 785
784 792
784 793
784 794
785 786
785 793
785 794
785 795
786 787
786 794
786 795
786 796
787 795
787 796
237 788
237 250
237 797
788 789
788 250
788 797
788 798
789 790
789 797
789 798
789 799
790 791
790 798
790 799
790 800
791 792
791 799
791 800
791 801
792 793
792 800
792 801
792 802
793 794
793 801
793 802
793 803
794 795
794 802
794 803
794 804
795 796
795 803
795 804
795 805
796 804
796 805
250 797
250 263
250 806
797 798
797 263
797 806
797 807
798 799
798 806
798 807
798 808
799 800
799 807
799 808
799 809
800 801
800 808
800 809
800 810
801 802
801 809
801 810
801 811
802 803
802 810
802 811
802 812
803 804
803 811
803 812
803 813
804 805
804 812
804 813
804 814
805 813
805 814
263 806
263 288
263 815
806 807
806 288
806 815
806 816
807 808
807 815
807 816
807 817
808 809
808 816
808 817
808 818
809 810
809 817
809 818
809 819
810 811
810 818
810 819
810 820
811 812
811 819
811 820
811 821
812 813
812 820
812 821
812 822
813 814
813 821
813 822
813 823
814 822
814 823
288 815
288 291
288 824
815 816
815 291
815 824
815 825
816 817
816 824
816 825
816 826
817 818
817 825
817 826
817 827
818 819
818 826
818 827
818 828
819 820
819 827
819 828
819 829
820 821
820 828
820 829
820 830
821 822
821 829
821 830
821 831
822 823
822 830
822 831
822 832
823 831
823 832
291 824
291 294
291 833
824 825
824 294
824 833
824 834
825 826
825 833
825 834
825 835
826 827
826 834
826 835
826 836
827 828
827 835
827 836
827 837
828 829
828 836
828 837
828 838
829 830
829 837
829 838
829 839
830 831
830 838
830 839
830 840
831 832
831 839
831 840
831 841
832 840
832 841
294 833
294 297
294 842
833 834
833 297
833 842
833 843
834 835
834 842
834 843
834 844
835 836
835 843
835 844
835 845
836 837
836 844
836 845
836 846
837 838
837 845
837 846
837 847
838 839
838 846
838 847
838 848
839 840
839 847
839 848
839 849
840 841
840 848
840 849
840 850
841 849
841 850
297 842
297 300
297 851
842 843
842 300
842 851
842 852
843 844
843 851
843 852
843 853
844 845
844 852
844 853
844 854
845 846
845 853
845 854
845 855
846 847
846 854
846 855
846 856
847 848
847 855
847 856
847 857
848 849
848 856
848 857
848 858
849 850
849 857
849 858
849 859
850 858
850 859
300 851
300 303
300 860
851 852
851 303
851 860
851 861
852 853
852 860
852 861
852 862
853 854
853 861
853 862
853 863
854 855
854 862
854 863
854 864
855 856
855 863
855 864
855 865
856 857
856 864
856 865
856 866
857 858
857 865
857 866
857 867
858 859
858 866
858 867
858 868
859 867
859 868
303 860
860 861
861 862
862 863
863 864
864 865
865 866
866 867
867 868
