607 2262
0 1
0 2
0 3
1 4
1 5
1 6
1 2
1 3
1 7
1 8
4 9
4 5
4 6
4 10
4 3
4 7
4 11
9 12
9 6
9 10
9 13
9 7
9 11
9 14
12 15
12 10
12 13
12 16
12 11
12 14
12 17
15 18
15 13
15 19
15 16
15 14
15 17
15 20
18 21
18 19
18 22
18 16
18 17
18 20
18 23
21 24
21 19
21 22
21 25
21 20
21 23
21 26
24 27
24 22
24 25
24 28
24 23
24 26
24 29
27 30
27 25
27 28
27 26
27 29
27 31
27 32
30 29
30 31
33 34
33 35
33 36
34 37
34 28
34 38
34 35
34 36
34 39
34 32
37 40
37 28
37 38
37 41
37 36
37 39
37 42
40 43
40 38
40 41
40 44
40 39
40 42
40 45
43 46
43 41
43 44
43 47
43 42
43 45
43 48
46 49
46 44
46 50
46 47
46 45
46 48
46 51
49 52
49 50
49 53
49 47
49 48
49 51
49 54
52 55
52 50
52 53
52 56
52 51
52 54
52 57
55 58
55 53
55 56
55 59
55 54
55 57
55 60
58 61
58 56
58 59
58 57
58 60
58 62
58 63
61 60
61 62
64 65
64 66
64 67
65 68
65 59
65 69
65 66
65 67
65 70
65 63
68 71
68 59
68 69
68 72
68 67
68 70
68 73
71 74
71 69
71 72
71 75
71 70
71 73
71 76
74 77
74 72
74 75
74 78
74 73
74 76
74 79
77 80
77 75
77 81
77 78
77 76
77 79
77 82
80 83
80 81
80 84
80 78
80 79
80 82
80 85
83 86
83 81
83 84
83 87
83 82
83 85
83 88
86 89
86 5
86 84
86 87
86 85
86 88
86 90
89 91
89 5
89 87
89 88
89 90
89 92
89 8
91 90
91 92
5 93
5 6
5 87
5 3
5 90
5 8
93 6
93 87
93 94
93 95
93 96
93 8
93 97
6 10
6 94
6 95
6 98
10 13
10 95
10 98
10 99
10 11
10 100
13 98
13 99
13 16
19 22
19 16
19 101
19 102
22 25
22 101
22 102
22 103
22 23
22 104
25 28
25 105
25 102
25 103
25 106
28 105
28 38
28 29
28 36
28 32
105 38
105 103
105 106
105 107
105 32
105 108
38 41
38 106
38 107
38 109
41 44
41 107
41 109
41 110
41 42
41 111
44 109
44 110
44 47
50 53
50 47
50 112
50 113
53 56
53 112
53 113
53 114
53 54
53 115
56 59
56 116
56 113
56 114
56 117
59 116
59 69
59 60
59 67
59 63
116 69
116 114
116 117
116 118
116 63
116 119
69 72
69 117
69 118
69 120
72 75
72 118
72 120
72 121
72 73
72 122
75 120
75 121
75 78
81 84
81 78
81 123
81 124
84 87
84 123
84 124
84 96
84 85
84 125
87 94
87 124
87 96
94 95
94 96
94 126
94 127
94 128
94 97
94 129
95 98
95 126
95 127
95 130
98 99
98 127
98 130
98 131
98 100
98 132
99 16
99 130
99 131
99 133
16 101
16 131
16 133
16 134
101 102
101 133
101 134
101 135
102 103
102 134
102 135
102 136
102 104
102 137
103 106
103 135
103 136
103 138
106 107
106 136
106 138
106 139
106 108
106 140
107 109
107 138
107 139
107 141
109 110
109 139
109 141
109 142
109 111
109 143
110 47
110 141
110 142
110 144
47 112
47 142
47 144
47 145
112 113
112 144
112 145
112 146
113 114
113 145
113 146
113 147
113 115
113 148
114 117
114 146
114 147
114 149
117 118
117 147
117 149
117 150
117 119
117 151
118 120
118 149
118 150
118 152
120 121
120 150
120 152
120 153
120 122
120 154
121 78
121 153
121 155
78 123
78 155
78 156
78 157
123 124
123 158
123 157
124 96
124 159
124 128
124 158
124 125
124 160
96 126
96 159
96 128
126 127
126 128
127 130
130 131
131 133
133 134
134 135
135 136
136 138
138 139
139 141
141 142
142 144
144 145
145 146
146 147
147 149
149 150
150 152
152 161
152 153
161 162
161 153
163 162
163 164
163 165
166 159
166 164
166 158
159 128
159 158
162 153
162 167
162 165
164 165
164 168
164 158
153 167
153 155
167 165
167 155
165 168
165 155
165 156
165 157
168 158
168 157
158 157
155 156
156 157
2 3
2 169
2 170
3 7
3 8
3 169
3 170
3 171
3 172
7 11
7 170
7 171
7 173
11 14
11 100
11 171
11 173
11 174
11 175
14 17
14 173
14 174
14 176
17 20
17 174
17 176
17 177
20 23
20 176
20 177
20 178
23 26
23 104
23 177
23 178
23 179
23 180
26 29
26 178
26 179
26 181
29 31
29 32
29 179
29 181
29 182
29 183
31 181
31 182
35 36
35 184
35 185
36 39
36 32
36 184
36 185
36 186
36 183
39 42
39 185
39 186
39 187
42 45
42 111
42 186
42 187
42 188
42 189
45 48
45 187
45 188
45 190
48 51
48 188
48 190
48 191
51 54
51 190
51 191
51 192
54 57
54 115
54 191
54 192
54 193
54 194
57 60
57 192
57 193
57 195
60 62
60 63
60 193
60 195
60 196
60 197
62 195
62 196
66 67
66 198
66 199
67 70
67 63
67 198
67 199
67 200
67 197
70 73
70 199
70 200
70 201
73 76
73 122
73 200
73 201
73 202
73 203
76 79
76 201
76 202
76 204
79 82
79 202
79 204
79 205
82 85
82 204
82 205
82 206
85 88
85 125
85 205
85 206
85 207
85 208
88 90
88 206
88 207
88 209
90 92
90 8
90 207
90 209
90 210
90 172
92 209
92 210
8 97
8 170
8 209
8 172
8 211
97 129
97 211
97 212
100 132
100 175
100 213
104 137
104 180
104 214
32 108
32 181
32 185
32 183
32 215
108 140
108 215
108 216
111 143
111 189
111 217
115 148
115 194
115 218
63 119
63 195
63 199
63 197
63 219
119 151
119 219
119 220
122 154
122 203
122 221
125 160
125 208
125 222
129 223
129 224
129 212
129 225
129 226
223 132
223 212
223 225
223 213
132 227
132 225
132 213
132 228
227 229
227 213
227 228
227 230
229 231
229 228
229 230
229 232
231 137
231 230
231 232
231 214
137 233
137 232
137 214
137 234
233 140
233 214
233 234
233 216
140 235
140 234
140 216
140 236
235 143
235 216
235 236
235 217
143 237
143 236
143 217
143 238
237 239
237 217
237 238
237 240
239 241
239 238
239 240
239 242
241 148
241 240
241 242
241 218
148 243
148 242
148 218
148 244
243 151
243 218
243 244
243 220
151 245
151 244
151 220
151 246
245 154
245 220
245 246
245 221
154 247
154 246
154 221
154 248
247 249
247 221
247 248
247 250
249 251
249 248
249 250
249 252
251 160
251 250
251 252
251 222
160 224
160 252
160 222
160 226
224 212
224 222
224 226
169 170
169 253
169 254
170 171
170 172
170 253
170 254
170 255
170 256
171 173
171 172
171 211
171 257
171 175
171 254
171 255
171 258
173 174
173 257
173 175
173 259
173 255
173 258
173 260
174 176
174 175
174 259
174 258
174 260
174 261
176 177
176 259
176 262
176 230
176 260
176 261
176 263
177 178
177 262
177 180
177 261
177 263
177 264
178 179
178 262
178 180
178 265
178 263
178 264
178 266
179 181
179 180
179 265
179 183
179 215
179 264
179 266
179 267
181 182
181 183
181 266
181 267
181 268
181 269
182 267
182 268
184 185
184 270
184 271
185 186
185 183
185 270
185 271
185 272
185 269
186 187
186 183
186 215
186 273
186 189
186 271
186 272
186 274
187 188
187 273
187 189
187 275
187 272
187 274
187 276
188 190
188 189
188 275
188 274
188 276
188 277
190 191
190 275
190 278
190 240
190 276
190 277
190 279
191 192
191 278
191 194
191 277
191 279
191 280
192 193
192 278
192 194
192 281
192 279
192 280
192 282
193 195
193 194
193 281
193 197
193 219
193 280
193 282
193 283
195 196
195 197
195 282
195 283
195 284
195 285
196 283
196 284
198 199
198 286
198 287
199 200
199 197
199 286
199 287
199 288
199 285
200 201
200 197
200 219
200 289
200 203
200 287
200 288
200 290
201 202
201 289
201 203
201 291
201 288
201 290
201 292
202 204
202 203
202 291
202 290
202 292
202 293
204 205
204 291
204 294
204 250
204 292
204 293
204 295
205 206
205 294
205 208
205 293
205 295
205 296
206 207
206 294
206 208
206 297
206 295
206 296
206 298
207 209
207 172
207 211
207 208
207 297
207 296
207 298
207 299
209 210
209 172
209 298
209 299
209 300
209 256
210 299
210 300
172 211
172 257
172 297
172 254
172 299
172 256
211 257
211 297
211 212
211 225
211 226
211 256
211 301
257 175
257 212
257 225
257 213
175 259
175 225
175 213
175 228
175 258
175 302
259 213
259 228
259 230
262 180
262 230
262 232
262 214
180 265
180 232
180 214
180 234
180 264
180 303
265 183
265 215
265 214
265 234
265 216
183 215
183 273
183 267
183 271
183 269
215 273
215 234
215 216
215 236
215 269
215 304
273 189
273 216
273 236
273 217
189 275
189 236
189 217
189 238
189 274
189 305
275 217
275 238
275 240
278 194
278 240
278 242
278 218
194 281
194 242
194 218
194 244
194 280
194 306
281 197
281 219
281 218
281 244
281 220
197 219
197 289
197 283
197 287
197 285
219 289
219 244
219 220
219 246
219 285
219 307
289 203
289 220
289 246
289 221
203 291
203 246
203 221
203 248
203 290
203 308
291 221
291 248
291 250
294 208
294 250
294 252
294 222
208 297
208 252
208 222
208 226
208 296
208 309
297 212
297 222
297 226
212 225
212 226
212 301
212 310
212 311
212 312
225 213
225 310
225 311
225 313
213 228
213 302
213 311
213 313
213 314
228 230
228 313
228 314
228 315
230 232
230 314
230 315
230 316
232 214
232 315
232 316
232 317
214 234
214 303
214 316
214 317
214 318
234 216
234 317
234 318
234 319
216 236
216 304
216 318
216 319
216 320
236 217
236 319
236 320
236 321
217 238
217 305
217 320
217 321
217 322
238 240
238 321
238 322
238 323
240 242
240 322
240 323
240 324
242 218
242 323
242 324
242 325
218 244
218 306
218 324
218 325
218 326
244 220
244 325
244 326
244 327
220 246
220 307
220 326
220 327
220 328
246 221
246 327
246 328
246 329
221 248
221 308
221 328
221 329
221 330
248 250
248 329
248 330
248 331
250 252
250 330
250 331
250 332
252 222
252 331
252 332
252 333
222 226
222 309
222 332
222 333
222 312
226 310
226 333
226 312
253 254
253 334
253 335
254 255
254 256
254 334
254 335
254 336
254 337
255 258
255 335
255 336
255 338
258 260
258 302
258 336
258 338
258 339
258 340
260 261
260 338
260 339
260 341
261 263
261 339
261 341
261 342
263 264
263 341
263 342
263 343
264 266
264 303
264 342
264 343
264 344
264 345
266 267
266 343
266 344
266 346
267 268
267 269
267 344
267 346
267 347
267 348
268 346
268 347
270 271
270 349
270 350
271 272
271 269
271 349
271 350
271 351
271 348
272 274
272 350
272 351
272 352
274 276
274 305
274 351
274 352
274 353
274 354
276 277
276 352
276 353
276 355
277 279
277 353
277 355
277 356
279 280
279 355
279 356
279 357
280 282
280 306
280 356
280 357
280 358
280 359
282 283
282 357
282 358
282 360
283 284
283 285
283 358
283 360
283 361
283 362
284 360
284 361
286 287
286 363
286 364
287 288
287 285
287 363
287 364
287 365
287 362
288 290
288 364
288 365
288 366
290 292
290 308
290 365
290 366
290 367
290 368
292 293
292 366
292 367
292 369
293 295
293 367
293 369
293 370
295 296
295 369
295 370
295 371
296 298
296 309
296 370
296 371
296 372
296 373
298 299
298 371
298 372
298 374
299 300
299 256
299 372
299 374
299 375
299 337
300 374
300 375
256 301
256 335
256 374
256 337
256 376
301 310
301 376
301 377
302 313
302 340
302 378
303 317
303 345
303 379
269 304
269 346
269 350
269 348
269 380
304 319
304 380
304 381
305 321
305 354
305 382
306 325
306 359
306 383
285 307
285 360
285 364
285 362
285 384
307 327
307 384
307 385
308 329
308 368
308 386
309 333
309 373
309 387
310 311
310 312
310 377
311 313
313 314
313 378
314 315
315 316
316 317
317 318
317 379
318 319
319 320
319 381
320 321
321 322
321 382
322 323
323 324
324 325
325 326
325 383
326 327
327 328
327 385
328 329
329 330
329 386
330 331
331 332
332 333
333 312
333 387
334 335
335 336
335 337
335 388
336 338
336 337
336 388
336 340
338 339
338 388
338 340
338 389
339 341
339 340
339 389
339 390
341 342
341 389
341 390
341 391
342 343
342 390
342 391
342 345
343 344
343 391
343 345
343 392
344 346
344 345
344 392
344 348
346 347
346 392
346 348
349 350
350 351
350 348
350 393
351 352
351 348
351 393
351 354
352 353
352 393
352 354
352 394
353 355
353 354
353 394
353 395
355 356
355 394
355 395
355 396
356 357
356 395
356 396
356 359
357 358
357 396
357 359
357 397
358 360
358 359
358 397
358 362
360 361
360 397
360 362
363 364
364 365
364 362
364 398
365 366
365 362
365 398
365 368
366 367
366 398
366 368
366 399
367 369
367 368
367 399
367 400
369 370
369 399
369 400
369 401
370 371
370 400
370 401
370 373
371 372
371 401
371 373
371 402
372 374
372 337
372 373
372 402
374 375
374 337
374 402
337 388
337 402
337 376
388 340
388 376
388 377
388 403
388 378
340 389
340 403
340 378
340 404
389 390
389 378
389 404
389 405
390 391
390 404
390 405
390 406
391 345
391 405
391 406
391 379
345 392
345 406
345 379
345 407
392 348
392 380
392 379
392 407
392 381
348 393
348 380
393 354
393 380
393 381
393 408
393 382
354 394
354 408
354 382
354 409
394 395
394 382
394 409
394 410
395 396
395 409
395 410
395 411
396 359
396 410
396 411
396 383
359 397
359 411
359 383
359 412
397 362
397 384
397 383
397 412
397 385
362 398
362 384
398 368
398 384
398 385
398 413
398 386
368 399
368 413
368 386
368 414
399 400
399 386
399 414
399 415
400 401
400 414
400 415
400 416
401 373
401 415
401 416
401 387
373 402
373 416
373 387
373 417
402 376
402 377
402 387
402 417
376 377
376 403
376 417
380 407
380 381
380 408
384 412
384 385
384 413
377 403
377 417
377 418
377 419
377 420
403 378
403 418
403 419
403 421
378 404
378 419
378 421
378 422
404 405
404 421
404 422
404 423
405 406
405 422
405 423
405 424
406 379
406 423
406 424
406 425
379 407
379 424
379 425
379 426
407 381
407 425
407 426
407 427
381 408
381 426
381 427
381 428
408 382
408 427
408 428
408 429
382 409
382 428
382 429
382 430
409 410
409 429
409 430
409 431
410 411
410 430
410 431
410 432
411 383
411 431
411 432
411 433
383 412
383 432
383 433
383 434
412 385
412 433
412 434
412 435
385 413
385 434
385 435
385 436
413 386
413 435
413 436
413 437
386 414
386 436
386 437
386 438
414 415
414 437
414 438
414 439
415 416
415 438
415 439
415 440
416 387
416 439
416 440
416 441
387 417
387 440
387 441
387 420
417 418
417 441
417 420
418 419
418 420
419 421
421 422
422 423
423 424
424 425
425 426
426 427
427 428
428 429
429 430
430 431
431 432
432 433
433 434
434 435
435 436
436 437
437 438
438 439
439 440
440 441
441 420
442 443
442 444
442 445
443 446
443 444
443 445
443 447
446 448
446 445
446 447
446 449
448 450
448 447
448 449
448 451
450 452
450 449
450 451
450 453
452 454
452 451
452 453
452 455
454 456
454 453
454 455
454 457
456 458
456 455
456 457
456 459
458 460
458 457
458 459
458 461
460 462
460 459
460 461
460 463
462 461
462 463
464 465
464 466
464 467
465 468
465 466
465 467
465 469
468 470
468 467
468 469
468 471
470 472
470 469
470 471
470 473
472 474
472 471
472 473
472 475
474 476
474 473
474 475
474 477
476 478
476 475
476 477
476 479
478 480
478 477
478 479
478 481
480 482
480 479
480 481
480 483
482 484
482 481
482 483
482 485
484 483
484 485
486 487
486 488
486 489
487 490
487 488
487 489
487 491
490 492
490 489
490 491
490 493
492 494
492 491
492 493
492 495
494 496
494 493
494 495
494 497
496 498
496 495
496 497
496 499
498 500
498 497
498 499
498 501
500 502
500 499
500 501
500 503
502 504
502 501
502 503
502 505
504 506
504 503
504 505
504 507
506 505
506 507
444 445
444 508
444 509
445 447
445 508
445 509
445 510
447 449
447 509
447 510
447 511
449 451
449 510
449 511
449 512
451 453
451 511
451 512
451 513
453 455
453 512
453 513
453 514
455 457
455 513
455 514
455 515
457 459
457 514
457 515
457 516
459 461
459 515
459 516
459 517
461 463
461 516
461 517
461 518
463 517
463 518
466 467
466 519
466 520
467 469
467 519
467 520
467 521
469 471
469 520
469 521
469 522
471 473
471 521
471 522
471 523
473 475
473 522
473 523
473 524
475 477
475 523
475 524
475 525
477 479
477 524
477 525
477 526
479 481
479 525
479 526
479 527
481 483
481 526
481 527
481 528
483 485
483 527
483 528
483 529
485 528
485 529
488 489
488 530
488 531
489 491
489 530
489 531
489 532
491 493
491 531
491 532
491 533
493 495
493 532
493 533
493 534
495 497
495 533
495 534
495 535
497 499
497 534
497 535
497 536
499 501
499 535
499 536
499 537
501 503
501 536
501 537
501 538
503 505
503 537
503 538
503 539
505 507
505 538
505 539
505 540
507 539
507 540
508 509
508 541
508 542
509 510
509 541
509 542
509 543
510 511
510 542
510 543
510 544
511 512
511 543
511 544
511 545
512 513
512 544
512 545
512 546
513 514
513 545
513 546
513 547
514 515
514 546
514 547
514 548
515 516
515 547
515 548
515 549
516 517
516 548
516 549
516 550
517 518
517 549
517 550
517 551
518 550
518 551
519 520
519 552
519 553
520 521
520 552
520 553
520 554
521 522
521 553
521 554
521 555
522 523
522 554
522 555
522 556
523 524
523 555
523 556
523 557
524 525
524 556
524 557
524 558
525 526
525 557
525 558
525 559
526 527
526 558
526 559
526 560
527 528
527 559
527 560
527 561
528 529
528 560
528 561
528 562
529 561
529 562
530 531
530 563
530 564
531 532
531 563
531 564
531 565
532 533
532 564
532 565
532 566
533 534
533 565
533 566
533 567
534 535
534 566
534 567
534 568
535 536
535 567
535 568
535 569
536 537
536 568
536 569
536 570
537 538
537 569
537 570
537 571
538 539
538 570
538 571
538 572
539 540
539 571
539 572
539 573
540 572
540 573
541 542
541 574
541 575
542 543
542 574
542 575
542 576
543 544
543 575
543 576
543 577
544 545
544 576
544 577
544 578
545 546
545 577
545 578
545 579
546 547
546 578
546 579
546 580
547 548
547 579
547 580
547 581
548 549
548 580
548 581
548 582
549 550
549 581
549 582
549 583
550 551
550 582
550 583
550 584
551 583
551 584
552 553
552 585
552 586
553 554
553 585
553 586
553 587
554 555
554 586
554 587
554 588
555 556
555 587
555 588
555 589
556 557
556 588
556 589
556 590
557 558
557 589
557 590
557 591
558 559
558 590
558 591
558 592
559 560
559 591
559 592
559 593
560 561
560 592
560 593
560 594
561 562
561 593
561 594
561 595
562 594
562 595
563 564
563 596
563 597
564 565
564 596
564 597
564 598
565 566
565 597
565 598
565 599
566 567
566 598
566 599
566 600
567 568
567 599
567 600
567 601
568 569
568 600
568 601
568 602
569 570
569 601
569 602
569 603
570 571
570 602
570 603
570 604
571 572
571 603
571 604
571 605
572 573
572 604
572 605
572 606
573 605
573 606
574 575
575 576
576 577
577 578
578 579
579 580
580 581
581 582
582 583
583 584
585 586
586 587
587 588
588 589
589 590
590 591
591 592
592 593
593 594
594 595
596 597
597 598
598 599
599 600
600 601
601 602
602 603
603 604
604 605
605 606
