366 2562
0 1
0 2
0 3
0 4
0 5
0 6
0 7
0 8
0 9
0 10
0 11
0 12
0 13
0 14
1 15
1 16
1 17
1 18
1 19
1 20
1 21
1 22
1 23
1 24
1 25
1 26
1 27
2 28
2 29
2 30
2 31
2 32
2 33
2 34
2 35
2 36
2 37
2 38
2 39
2 40
3 41
3 42
3 43
3 44
3 45
3 46
3 47
3 48
3 49
3 50
3 51
3 52
3 53
4 54
4 55
4 56
4 57
4 58
4 59
4 60
4 61
4 62
4 63
4 64
4 65
4 66
5 67
5 68
5 69
5 70
5 71
5 72
5 73
5 74
5 75
5 76
5 77
5 78
5 79
6 80
6 81
6 82
6 83
6 84
6 85
6 86
6 87
6 88
6 89
6 90
6 91
6 92
7 93
7 94
7 95
7 96
7 97
7 98
7 99
7 100
7 101
7 102
7 103
7 104
7 105
8 106
8 107
8 108
8 109
8 110
8 111
8 112
8 113
8 114
8 115
8 116
8 117
8 118
9 119
9 120
9 121
9 122
9 123
9 124
9 125
9 126
9 127
9 128
9 129
9 130
9 131
10 132
10 133
10 134
10 135
10 136
10 137
10 138
10 139
10 140
10 141
10 142
10 143
10 144
11 145
11 146
11 147
11 148
11 149
11 150
11 151
11 152
11 153
11 154
11 155
11 156
11 157
12 158
12 159
12 160
12 161
12 162
12 163
12 164
12 165
12 166
12 167
12 168
12 169
12 170
13 171
13 172
13 173
13 174
13 175
13 176
13 177
13 178
13 179
13 180
13 181
13 182
13 183
14 184
14 185
14 186
14 187
14 188
14 189
14 190
14 191
14 192
14 193
14 194
14 195
14 196
15 197
15 198
15 199
15 200
15 201
15 202
15 203
15 204
15 205
15 206
15 207
15 208
15 209
16 210
16 211
16 212
16 213
16 214
16 215
16 216
16 217
16 218
16 219
16 220
16 221
16 222
17 223
17 224
17 225
17 226
17 227
17 228
17 229
17 230
17 231
17 232
17 233
17 234
17 235
18 236
18 237
18 238
18 239
18 240
18 241
18 242
18 243
18 244
18 245
18 246
18 247
18 248
19 249
19 250
19 251
19 252
19 253
19 254
19 255
19 256
19 257
19 258
19 259
19 260
19 261
20 262
20 263
20 264
20 265
20 266
20 267
20 268
20 269
20 270
20 271
20 272
20 273
20 274
21 275
21 276
21 277
21 278
21 279
21 280
21 281
21 282
21 283
21 284
21 285
21 286
21 287
22 288
22 289
22 290
22 291
22 292
22 293
22 294
22 295
22 296
22 297
22 298
22 299
22 300
23 301
23 302
23 303
23 304
23 305
23 306
23 307
23 308
23 309
23 310
23 311
23 312
23 313
24 314
24 315
24 316
24 317
24 318
24 319
24 320
24 321
24 322
24 323
24 324
24 325
24 326
25 327
25 328
25 329
25 330
25 331
25 332
25 333
25 334
25 335
25 336
25 337
25 338
25 339
26 340
26 341
26 342
26 343
26 344
26 345
26 346
26 347
26 348
26 349
26 350
26 351
26 352
27 353
27 354
27 355
27 356
27 357
27 358
27 359
27 360
27 361
27 362
27 363
27 364
27 365
28 197
28 210
28 223
28 236
28 249
28 262
28 275
28 288
28 301
28 314
28 327
28 340
28 353
29 198
29 211
29 224
29 237
29 250
29 263
29 276
29 289
29 302
29 315
29 328
29 341
29 354
30 199
30 212
30 225
30 238
30 251
30 264
30 277
30 290
30 303
30 316
30 329
30 342
30 355
31 200
31 213
31 226
31 239
31 252
31 265
31 278
31 291
31 304
31 317
31 330
31 343
31 356
32 201
32 214
32 227
32 240
32 253
32 266
32 279
32 292
32 305
32 318
32 331
32 344
32 357
33 202
33 215
33 228
33 241
33 254
33 267
33 280
33 293
33 306
33 319
33 332
33 345
33 358
34 203
34 216
34 229
34 242
34 255
34 268
34 281
34 294
34 307
34 320
34 333
34 346
34 359
35 204
35 217
35 230
35 243
35 256
35 269
35 282
35 295
35 308
35 321
35 334
35 347
35 360
36 205
36 218
36 231
36 244
36 257
36 270
36 283
36 296
36 309
36 322
36 335
36 348
36 361
37 206
37 219
37 232
37 245
37 258
37 271
37 284
37 297
37 310
37 323
37 336
37 349
37 362
38 207
38 220
38 233
38 246
38 259
38 272
38 285
38 298
38 311
38 324
38 337
38 350
38 363
39 208
39 221
39 234
39 247
39 260
39 273
39 286
39 299
39 312
39 325
39 338
39 351
39 364
40 209
40 222
40 235
40 248
40 261
40 274
40 287
40 300
40 313
40 326
40 339
40 352
40 365
41 197
41 211
41 225
41 239
41 253
41 267
41 281
41 295
41 309
41 323
41 337
41 351
41 365
42 198
42 212
42 226
42 240
42 254
42 268
42 282
42 296
42 310
42 324
42 338
42 352
42 353
43 199
43 213
43 227
43 241
43 255
43 269
43 283
43 297
43 311
43 325
43 339
43 340
43 354
44 200
44 214
44 228
44 242
44 256
44 270
44 284
44 298
44 312
44 326
44 327
44 341
44 355
45 201
45 215
45 229
45 243
45 257
45 271
45 285
45 299
45 313
45 314
45 328
45 342
45 356
46 202
46 216
46 230
46 244
46 258
46 272
46 286
46 300
46 301
46 315
46 329
46 343
46 357
47 203
47 217
47 231
47 245
47 259
47 273
47 287
47 288
47 302
47 316
47 330
47 344
47 358
48 204
48 218
48 232
48 246
48 260
48 274
48 275
48 289
48 303
48 317
48 331
48 345
48 359
49 205
49 219
49 233
49 247
49 261
49 262
49 276
49 290
49 304
49 318
49 332
49 346
49 360
50 206
50 220
50 234
50 248
50 249
50 263
50 277
50 291
50 305
50 319
50 333
50 347
50 361
51 207
51 221
51 235
51 236
51 250
51 264
51 278
51 292
51 306
51 320
51 334
51 348
51 362
52 208
52 222
52 223
52 237
52 251
52 265
52 279
52 293
52 307
52 321
52 335
52 349
52 363
53 209
53 210
53 224
53 238
53 252
53 266
53 280
53 294
53 308
53 322
53 336
53 350
53 364
54 197
54 212
54 227
54 242
54 257
54 272
54 287
54 289
54 304
54 319
54 334
54 349
54 364
55 198
55 213
55 228
55 243
55 258
55 273
55 275
55 290
55 305
55 320
55 335
55 350
55 365
56 199
56 214
56 229
56 244
56 259
56 274
56 276
56 291
56 306
56 321
56 336
56 351
56 353
57 200
57 215
57 230
57 245
57 260
57 262
57 277
57 292
57 307
57 322
57 337
57 352
57 354
58 201
58 216
58 231
58 246
58 261
58 263
58 278
58 293
58 308
58 323
58 338
58 340
58 355
59 202
59 217
59 232
59 247
59 249
59 264
59 279
59 294
59 309
59 324
59 339
59 341
59 356
60 203
60 218
60 233
60 248
60 250
60 265
60 280
60 295
60 310
60 325
60 327
60 342
60 357
61 204
61 219
61 234
61 236
61 251
61 266
61 281
61 296
61 311
61 326
61 328
61 343
61 358
62 205
62 220
62 235
62 237
62 252
62 267
62 282
62 297
62 312
62 314
62 329
62 344
62 359
63 206
63 221
63 223
63 238
63 253
63 268
63 283
63 298
63 313
63 315
63 330
63 345
63 360
64 207
64 222
64 224
64 239
64 254
64 269
64 284
64 299
64 301
64 316
64 331
64 346
64 361
65 208
65 210
65 225
65 240
65 255
65 270
65 285
65 300
65 302
65 317
65 332
65 347
65 362
66 209
66 211
66 226
66 241
66 256
66 271
66 286
66 288
66 303
66 318
66 333
66 348
66 363
67 197
67 213
67 229
67 245
67 261
67 264
67 280
67 296
67 312
67 315
67 331
67 347
67 363
68 198
68 214
68 230
68 246
68 249
68 265
68 281
68 297
68 313
68 316
68 332
68 348
68 364
69 199
69 215
69 231
69 247
69 250
69 266
69 282
69 298
69 301
69 317
69 333
69 349
69 365
70 200
70 216
70 232
70 248
70 251
70 267
70 283
70 299
70 302
70 318
70 334
70 350
70 353
71 201
71 217
71 233
71 236
71 252
71 268
71 284
71 300
71 303
71 319
71 335
71 351
71 354
72 202
72 218
72 234
72 237
72 253
72 269
72 285
72 288
72 304
72 320
72 336
72 352
72 355
73 203
73 219
73 235
73 238
73 254
73 270
73 286
73 289
73 305
73 321
73 337
73 340
73 356
74 204
74 220
74 223
74 239
74 255
74 271
74 287
74 290
74 306
74 322
74 338
74 341
74 357
75 205
75 221
75 224
75 240
75 256
75 272
75 275
75 291
75 307
75 323
75 339
75 342
75 358
76 206
76 222
76 225
76 241
76 257
76 273
76 276
76 292
76 308
76 324
76 327
76 343
76 359
77 207
77 210
77 226
77 242
77 258
77 274
77 277
77 293
77 309
77 325
77 328
77 344
77 360
78 208
78 211
78 227
78 243
78 259
78 262
78 278
78 294
78 310
78 326
78 329
78 345
78 361
79 209
79 212
79 228
79 244
79 260
79 263
79 279
79 295
79 311
79 314
79 330
79 346
79 362
80 197
80 214
80 231
80 248
80 252
80 269
80 286
80 290
80 307
80 324
80 328
80 345
80 362
81 198
81 215
81 232
81 236
81 253
81 270
81 287
81 291
81 308
81 325
81 329
81 346
81 363
82 199
82 216
82 233
82 237
82 254
82 271
82 275
82 292
82 309
82 326
82 330
82 347
82 364
83 200
83 217
83 234
83 238
83 255
83 272
83 276
83 293
83 310
83 314
83 331
83 348
83 365
84 201
84 218
84 235
84 239
84 256
84 273
84 277
84 294
84 311
84 315
84 332
84 349
84 353
85 202
85 219
85 223
85 240
85 257
85 274
85 278
85 295
85 312
85 316
85 333
85 350
85 354
86 203
86 220
86 224
86 241
86 258
86 262
86 279
86 296
86 313
86 317
86 334
86 351
86 355
87 204
87 221
87 225
87 242
87 259
87 263
87 280
87 297
87 301
87 318
87 335
87 352
87 356
88 205
88 222
88 226
88 243
88 260
88 264
88 281
88 298
88 302
88 319
88 336
88 340
88 357
89 206
89 210
89 227
89 244
89 261
89 265
89 282
89 299
89 303
89 320
89 337
89 341
89 358
90 207
90 211
90 228
90 245
90 249
90 266
90 283
90 300
90 304
90 321
90 338
90 342
90 359
91 208
91 212
91 229
91 246
91 250
91 267
91 284
91 288
91 305
91 322
91 339
91 343
91 360
92 209
92 213
92 230
92 247
92 251
92 268
92 285
92 289
92 306
92 323
92 327
92 344
92 361
93 197
93 215
93 233
93 238
93 256
93 274
93 279
93 297
93 302
93 320
93 338
93 343
93 361
94 198
94 216
94 234
94 239
94 257
94 262
94 280
94 298
94 303
94 321
94 339
94 344
94 362
95 199
95 217
95 235
95 240
95 258
95 263
95 281
95 299
95 304
95 322
95 327
95 345
95 363
96 200
96 218
96 223
96 241
96 259
96 264
96 282
96 300
96 305
96 323
96 328
96 346
96 364
97 201
97 219
97 224
97 242
97 260
97 265
97 283
97 288
97 306
97 324
97 329
97 347
97 365
98 202
98 220
98 225
98 243
98 261
98 266
98 284
98 289
98 307
98 325
98 330
98 348
98 353
99 203
99 221
99 226
99 244
99 249
99 267
99 285
99 290
99 308
99 326
99 331
99 349
99 354
100 204
100 222
100 227
100 245
100 250
100 268
100 286
100 291
100 309
100 314
100 332
100 350
100 355
101 205
101 210
101 228
101 246
101 251
101 269
101 287
101 292
101 310
101 315
101 333
101 351
101 356
102 206
102 211
102 229
102 247
102 252
102 270
102 275
102 293
102 311
102 316
102 334
102 352
102 357
103 207
103 212
103 230
103 248
103 253
103 271
103 276
103 294
103 312
103 317
103 335
103 340
103 358
104 208
104 213
104 231
104 236
104 254
104 272
104 277
104 295
104 313
104 318
104 336
104 341
104 359
105 209
105 214
105 232
105 237
105 255
105 273
105 278
105 296
105 301
105 319
105 337
105 342
105 360
106 197
106 216
106 235
106 241
106 260
106 266
106 285
106 291
106 310
106 316
106 335
106 341
106 360
107 198
107 217
107 223
107 242
107 261
107 267
107 286
107 292
107 311
107 317
107 336
107 342
107 361
108 199
108 218
108 224
108 243
108 249
108 268
108 287
108 293
108 312
108 318
108 337
108 343
108 362
109 200
109 219
109 225
109 244
109 250
109 269
109 275
109 294
109 313
109 319
109 338
109 344
109 363
110 201
110 220
110 226
110 245
110 251
110 270
110 276
110 295
110 301
110 320
110 339
110 345
110 364
111 202
111 221
111 227
111 246
111 252
111 271
111 277
111 296
111 302
111 321
111 327
111 346
111 365
112 203
112 222
112 228
112 247
112 253
112 272
112 278
112 297
112 303
112 322
112 328
112 347
112 353
113 204
113 210
113 229
113 248
113 254
113 273
113 279
113 298
113 304
113 323
113 329
113 348
113 354
114 205
114 211
114 230
114 236
114 255
114 274
114 280
114 299
114 305
114 324
114 330
114 349
114 355
115 206
115 212
115 231
115 237
115 256
115 262
115 281
115 300
115 306
115 325
115 331
115 350
115 356
116 207
116 213
116 232
116 238
116 257
116 263
116 282
116 288
116 307
116 326
116 332
116 351
116 357
117 208
117 214
117 233
117 239
117 258
117 264
117 283
117 289
117 308
117 314
117 333
117 352
117 358
118 209
118 215
118 234
118 240
118 259
118 265
118 284
118 290
118 309
118 315
118 334
118 340
118 359
119 197
119 217
119 224
119 244
119 251
119 271
119 278
119 298
119 305
119 325
119 332
119 352
119 359
120 198
120 218
120 225
120 245
120 252
120 272
120 279
120 299
120 306
120 326
120 333
120 340
120 360
121 199
121 219
121 226
121 246
121 253
121 273
121 280
121 300
121 307
121 314
121 334
121 341
121 361
122 200
122 220
122 227
122 247
122 254
122 274
122 281
122 288
122 308
122 315
122 335
122 342
122 362
123 201
123 221
123 228
123 248
123 255
123 262
123 282
123 289
123 309
123 316
123 336
123 343
123 363
124 202
124 222
124 229
124 236
124 256
124 263
124 283
124 290
124 310
124 317
124 337
124 344
124 364
125 203
125 210
125 230
125 237
125 257
125 264
125 284
125 291
125 311
125 318
125 338
125 345
125 365
126 204
126 211
126 231
126 238
126 258
126 265
126 285
126 292
126 312
126 319
126 339
126 346
126 353
127 205
127 212
127 232
127 239
127 259
127 266
127 286
127 293
127 313
127 320
127 327
127 347
127 354
128 206
128 213
128 233
128 240
128 260
128 267
128 287
128 294
128 301
128 321
128 328
128 348
128 355
129 207
129 214
129 234
129 241
129 261
129 268
129 275
129 295
129 302
129 322
129 329
129 349
129 356
130 208
130 215
130 235
130 242
130 249
130 269
130 276
130 296
130 303
130 323
130 330
130 350
130 357
131 209
131 216
131 223
131 243
131 250
131 270
131 277
131 297
131 304
131 324
131 331
131 351
131 358
132 197
132 218
132 226
132 247
132 255
132 263
132 284
132 292
132 313
132 321
132 329
132 350
132 358
133 198
133 219
133 227
133 248
133 256
133 264
133 285
133 293
133 301
133 322
133 330
133 351
133 359
134 199
134 220
134 228
134 236
134 257
134 265
134 286
134 294
134 302
134 323
134 331
134 352
134 360
135 200
135 221
135 229
135 237
135 258
135 266
135 287
135 295
135 303
135 324
135 332
135 340
135 361
136 201
136 222
136 230
136 238
136 259
136 267
136 275
136 296
136 304
136 325
136 333
136 341
136 362
137 202
137 210
137 231
137 239
137 260
137 268
137 276
137 297
137 305
137 326
137 334
137 342
137 363
138 203
138 211
138 232
138 240
138 261
138 269
138 277
138 298
138 306
138 314
138 335
138 343
138 364
139 204
139 212
139 233
139 241
139 249
139 270
139 278
139 299
139 307
139 315
139 336
139 344
139 365
140 205
140 213
140 234
140 242
140 250
140 271
140 279
140 300
140 308
140 316
140 337
140 345
140 353
141 206
141 214
141 235
141 243
141 251
141 272
141 280
141 288
141 309
141 317
141 338
141 346
141 354
142 207
142 215
142 223
142 244
142 252
142 273
142 281
142 289
142 310
142 318
142 339
142 347
142 355
143 208
143 216
143 224
143 245
143 253
143 274
143 282
143 290
143 311
143 319
143 327
143 348
143 356
144 209
144 217
144 225
144 246
144 254
144 262
144 283
144 291
144 312
144 320
144 328
144 349
144 357
145 197
145 219
145 228
145 237
145 259
145 268
145 277
145 299
145 308
145 317
145 339
145 348
145 357
146 198
146 220
146 229
146 238
146 260
146 269
146 278
146 300
146 309
146 318
146 327
146 349
146 358
147 199
147 221
147 230
147 239
147 261
147 270
147 279
147 288
147 310
147 319
147 328
147 350
147 359
148 200
148 222
148 231
148 240
148 249
148 271
148 280
148 289
148 311
148 320
148 329
148 351
148 360
149 201
149 210
149 232
149 241
149 250
149 272
149 281
149 290
149 312
149 321
149 330
149 352
149 361
150 202
150 211
150 233
150 242
150 251
150 273
150 282
150 291
150 313
150 322
150 331
150 340
150 362
151 203
151 212
151 234
151 243
151 252
151 274
151 283
151 292
151 301
151 323
151 332
151 341
151 363
152 204
152 213
152 235
152 244
152 253
152 262
152 284
152 293
152 302
152 324
152 333
152 342
152 364
153 205
153 214
153 223
153 245
153 254
153 263
153 285
153 294
153 303
153 325
153 334
153 343
153 365
154 206
154 215
154 224
154 246
154 255
154 264
154 286
154 295
154 304
154 326
154 335
154 344
154 353
155 207
155 216
155 225
155 247
155 256
155 265
155 287
155 296
155 305
155 314
155 336
155 345
155 354
156 208
156 217
156 226
156 248
156 257
156 266
156 275
156 297
156 306
156 315
156 337
156 346
156 355
157 209
157 218
157 227
157 236
157 258
157 267
157 276
157 298
157 307
157 316
157 338
157 347
157 356
158 197
158 220
158 230
158 240
158 250
158 273
158 283
158 293
158 303
158 326
158 336
158 346
158 356
159 198
159 221
159 231
159 241
159 251
159 274
159 284
159 294
159 304
159 314
159 337
159 347
159 357
160 199
160 222
160 232
160 242
160 252
160 262
160 285
160 295
160 305
160 315
160 338
160 348
160 358
161 200
161 210
161 233
161 243
161 253
161 263
161 286
161 296
161 306
161 316
161 339
161 349
161 359
162 201
162 211
162 234
162 244
162 254
162 264
162 287
162 297
162 307
162 317
162 327
162 350
162 360
163 202
163 212
163 235
163 245
163 255
163 265
163 275
163 298
163 308
163 318
163 328
163 351
163 361
164 203
164 213
164 223
164 246
164 256
164 266
164 276
164 299
164 309
164 319
164 329
164 352
164 362
165 204
165 214
165 224
165 247
165 257
165 267
165 277
165 300
165 310
165 320
165 330
165 340
165 363
166 205
166 215
166 225
166 248
166 258
166 268
166 278
166 288
166 311
166 321
166 331
166 341
166 364
167 206
167 216
167 226
167 236
167 259
167 269
167 279
167 289
167 312
167 322
167 332
167 342
167 365
168 207
168 217
168 227
168 237
168 260
168 270
168 280
168 290
168 313
168 323
168 333
168 343
168 353
169 208
169 218
169 228
169 238
169 261
169 271
169 281
169 291
169 301
169 324
169 334
169 344
169 354
170 209
170 219
170 229
170 239
170 249
170 272
170 282
170 292
170 302
170 325
170 335
170 345
170 355
171 197
171 221
171 232
171 243
171 254
171 265
171 276
171 300
171 311
171 322
171 333
171 344
171 355
172 198
172 222
172 233
172 244
172 255
172 266
172 277
172 288
172 312
172 323
172 334
172 345
172 356
173 199
173 210
173 234
173 245
173 256
173 267
173 278
173 289
173 313
173 324
173 335
173 346
173 357
174 200
174 211
174 235
174 246
174 257
174 268
174 279
174 290
174 301
174 325
174 336
174 347
174 358
175 201
175 212
175 223
175 247
175 258
175 269
175 280
175 291
175 302
175 326
175 337
175 348
175 359
176 202
176 213
176 224
176 248
176 259
176 270
176 281
176 292
176 303
176 314
176 338
176 349
176 360
177 203
177 214
177 225
177 236
177 260
177 271
177 282
177 293
177 304
177 315
177 339
177 350
177 361
178 204
178 215
178 226
178 237
178 261
178 272
178 283
178 294
178 305
178 316
178 327
178 351
178 362
179 205
179 216
179 227
179 238
179 249
179 273
179 284
179 295
179 306
179 317
179 328
179 352
179 363
180 206
180 217
180 228
180 239
180 250
180 274
180 285
180 296
180 307
180 318
180 329
180 340
180 364
181 207
181 218
181 229
181 240
181 251
181 262
181 286
181 297
181 308
181 319
181 330
181 341
181 365
182 208
182 219
182 230
182 241
182 252
182 263
182 287
182 298
182 309
182 320
182 331
182 342
182 353
183 209
183 220
183 231
183 242
183 253
183 264
183 275
183 299
183 310
183 321
183 332
183 343
183 354
184 197
184 222
184 234
184 246
184 258
184 270
184 282
184 294
184 306
184 318
184 330
184 342
184 354
185 198
185 210
185 235
185 247
185 259
185 271
185 283
185 295
185 307
185 319
185 331
185 343
185 355
186 199
186 211
186 223
186 248
186 260
186 272
186 284
186 296
186 308
186 320
186 332
186 344
186 356
187 200
187 212
187 224
187 236
187 261
187 273
187 285
187 297
187 309
187 321
187 333
187 345
187 357
188 201
188 213
188 225
188 237
188 249
188 274
188 286
188 298
188 310
188 322
188 334
188 346
188 358
189 202
189 214
189 226
189 238
189 250
189 262
189 287
189 299
189 311
189 323
189 335
189 347
189 359
190 203
190 215
190 227
190 239
190 251
190 263
190 275
190 300
190 312
190 324
190 336
190 348
190 360
191 204
191 216
191 228
191 240
191 252
191 264
191 276
191 288
191 313
191 325
191 337
191 349
191 361
192 205
192 217
192 229
192 241
192 253
192 265
192 277
192 289
192 301
192 326
192 338
192 350
192 362
193 206
193 218
193 230
193 242
193 254
193 266
193 278
193 290
193 302
193 314
193 339
193 351
193 363
194 207
194 219
194 231
194 243
194 255
194 267
194 279
194 291
194 303
194 315
194 327
194 352
194 364
195 208
195 220
195 232
195 244
195 256
195 268
195 280
195 292
195 304
195 316
195 328
195 340
195 365
196 209
196 221
196 233
196 245
196 257
196 269
196 281
196 293
196 305
196 317
196 329
196 341
196 353
