492 1332
0 1
0 2
0 3
0 4
0 5
1 6
1 3
6 3
6 7
6 8
6 9
2 3
2 10
2 4
2 5
2 11
3 7
3 10
3 12
7 12
7 13
7 14
7 8
10 12
10 15
10 16
10 5
10 11
10 17
12 15
12 16
12 14
12 18
12 19
15 16
15 11
15 17
16 18
16 19
4 5
5 11
11 17
20 21
20 22
20 23
24 25
24 26
24 27
25 28
25 26
25 27
25 29
28 30
28 27
28 29
28 31
30 32
30 29
30 31
30 33
32 34
32 31
32 33
32 35
34 36
34 33
34 35
34 37
36 38
36 35
36 37
36 39
38 40
38 37
38 39
38 41
40 42
40 39
40 41
40 43
42 44
42 41
42 43
42 45
44 46
44 43
44 45
44 47
46 48
46 45
46 47
46 49
48 50
48 47
48 49
48 51
50 52
50 49
50 51
52 53
52 54
52 51
52 55
53 56
53 54
53 57
53 55
53 58
53 59
56 60
56 57
56 61
56 58
56 62
56 63
60 64
60 57
60 61
60 62
60 63
60 65
64 61
64 63
64 65
64 66
54 67
54 68
54 57
67 69
67 68
67 57
69 68
68 57
68 61
57 61
26 27
26 21
26 23
27 29
27 70
27 23
27 71
27 72
29 31
29 70
29 73
29 74
29 75
29 76
31 33
31 73
31 77
31 78
31 79
31 80
33 35
33 77
33 81
33 82
33 83
33 84
35 37
35 81
35 85
35 86
35 87
35 88
37 39
37 85
37 89
37 90
37 91
37 92
39 41
39 89
39 93
39 94
39 95
39 96
41 43
41 93
41 97
41 98
41 99
41 100
43 45
43 97
43 101
43 102
43 103
43 104
45 47
45 101
45 105
45 106
45 107
45 108
47 49
47 105
47 109
47 110
47 111
47 112
49 51
49 109
49 113
49 114
49 115
49 116
51 55
51 113
51 117
51 118
51 119
51 120
55 59
55 117
55 121
55 122
55 123
58 62
58 59
58 124
58 125
58 126
62 63
62 125
62 126
63 65
63 127
63 126
65 66
65 127
65 128
66 128
59 123
59 129
59 124
13 130
13 14
13 131
13 132
13 8
13 133
13 134
130 135
130 14
130 131
130 136
130 132
130 137
130 138
130 139
130 140
135 141
135 131
135 136
135 142
135 137
135 143
135 144
135 145
135 146
141 147
141 136
141 142
141 148
141 143
141 149
141 150
141 151
141 152
147 153
147 142
147 148
147 154
147 149
147 155
147 156
147 157
147 158
153 159
153 148
153 154
153 160
153 155
153 161
153 162
153 163
153 164
159 165
159 154
159 160
159 166
159 161
159 167
159 168
159 169
159 170
165 171
165 160
165 166
165 172
165 167
165 173
165 174
165 175
165 176
171 177
171 166
171 172
171 178
171 173
171 179
171 180
171 181
171 182
177 183
177 172
177 178
177 184
177 179
177 185
177 186
177 187
177 188
183 189
183 178
183 184
183 190
183 185
183 191
183 192
183 193
183 194
189 195
189 184
189 190
189 196
189 191
189 197
189 198
189 199
189 200
195 201
195 190
195 196
195 202
195 197
195 203
195 204
195 205
195 206
201 207
201 196
201 202
201 208
201 203
201 209
201 210
201 211
201 212
207 202
207 208
207 209
207 213
207 214
207 215
207 216
207 217
218 219
218 220
218 127
218 221
218 222
218 223
218 224
14 131
14 18
131 136
131 18
131 225
136 142
136 225
142 148
142 225
142 226
148 154
148 226
154 160
154 226
154 227
160 166
160 227
166 172
166 227
166 228
172 178
172 228
178 184
178 228
178 229
184 190
184 229
190 196
190 229
190 230
196 202
196 230
202 208
202 230
202 231
208 231
208 216
208 217
208 232
219 220
219 233
219 221
219 222
219 234
220 235
220 233
220 236
220 237
220 127
220 128
235 236
235 237
235 127
235 128
18 225
18 19
18 238
225 226
225 19
225 238
225 239
226 227
226 238
226 239
226 240
227 228
227 239
227 240
227 241
228 229
228 240
228 241
228 242
229 230
229 241
229 242
229 243
230 231
230 242
230 243
230 244
231 243
231 244
231 217
231 232
231 245
233 246
233 236
233 222
233 234
233 247
19 238
238 239
239 240
240 241
241 242
242 243
243 244
244 232
244 245
246 236
246 234
246 247
236 237
21 23
70 72
70 74
73 76
73 78
77 80
77 82
81 84
81 86
85 88
85 90
89 92
89 94
93 96
93 98
97 100
97 102
101 104
101 106
105 108
105 110
109 112
109 114
113 116
113 118
117 120
117 121
127 128
127 126
127 224
132 133
132 138
137 139
137 144
143 145
143 150
149 151
149 156
155 157
155 162
161 163
161 168
167 169
167 174
173 175
173 180
179 181
179 186
185 187
185 192
191 193
191 198
197 199
197 204
203 205
203 210
209 211
209 213
248 133
248 249
248 138
248 250
8 9
8 134
8 251
9 252
9 134
9 251
252 253
252 251
253 254
253 255
253 251
254 256
254 255
254 257
256 258
256 257
256 259
258 259
133 249
133 134
133 251
133 138
249 260
249 134
249 251
260 255
260 251
255 257
255 251
257 259
134 251
261 139
261 262
261 144
261 263
138 250
138 140
138 264
250 265
250 140
250 264
265 266
265 264
266 267
266 268
266 264
267 269
267 268
267 270
269 271
269 270
269 272
271 272
139 262
139 140
139 264
139 144
262 273
262 140
262 264
273 268
273 264
268 270
268 264
270 272
140 264
274 145
274 275
274 150
274 276
144 263
144 146
144 277
263 278
263 146
263 277
278 279
278 277
279 280
279 281
279 277
280 282
280 281
280 283
282 284
282 283
282 285
284 285
145 275
145 146
145 277
145 150
275 286
275 146
275 277
286 281
286 277
281 283
281 277
283 285
146 277
150 276
150 152
150 287
276 288
276 152
276 287
288 289
288 287
289 290
289 291
289 287
290 291
290 292
151 293
151 152
151 287
151 156
151 294
293 291
293 152
293 287
293 156
293 294
291 292
291 287
152 287
156 294
156 158
156 295
294 296
294 158
294 295
296 297
296 298
296 295
297 298
297 299
157 300
157 158
157 295
157 162
157 301
300 298
300 158
300 295
300 162
300 301
298 299
298 295
158 295
162 301
162 164
162 302
301 303
301 164
301 302
303 304
303 305
303 302
304 305
304 306
163 307
163 164
163 302
163 168
163 308
307 305
307 164
307 302
307 168
307 308
305 306
305 302
164 302
168 308
168 170
168 309
308 310
308 170
308 309
310 311
310 312
310 309
311 312
311 313
169 314
169 170
169 309
169 174
169 315
314 312
314 170
314 309
314 174
314 315
312 313
312 309
170 309
174 315
174 176
174 316
315 317
315 176
315 316
317 318
317 319
317 316
318 319
318 320
175 321
175 176
175 316
175 180
175 322
321 319
321 176
321 316
321 180
321 322
319 320
319 316
176 316
180 322
180 182
180 323
322 324
322 182
322 323
324 325
324 326
324 323
325 326
325 327
181 328
181 182
181 323
181 186
181 329
328 326
328 182
328 323
328 186
328 329
326 327
326 323
182 323
186 329
186 188
186 330
329 331
329 188
329 330
331 332
331 333
331 330
332 333
332 334
187 335
187 188
187 330
187 192
187 336
335 333
335 188
335 330
335 192
335 336
333 334
333 330
188 330
337 338
337 339
22 23
22 340
23 340
23 71
23 341
338 342
338 339
342 343
342 339
342 344
343 345
343 341
343 344
343 346
345 340
345 341
340 71
340 341
71 341
71 347
71 72
341 346
341 348
341 347
341 72
349 350
349 351
339 344
344 346
346 348
348 347
347 72
347 352
72 352
72 74
352 74
352 353
74 353
74 75
74 354
350 355
350 351
355 356
355 351
355 357
356 358
356 354
356 357
356 359
358 353
358 354
353 75
353 354
75 354
75 360
75 76
354 359
354 361
354 360
354 76
362 363
362 364
351 357
357 359
359 361
361 360
360 76
360 365
76 365
76 78
365 78
365 366
78 366
78 79
78 367
363 368
363 364
368 369
368 364
368 370
369 371
369 367
369 370
369 372
371 366
371 367
366 79
366 367
79 367
79 373
79 80
367 372
367 373
367 80
364 370
370 372
372 373
373 80
373 82
373 374
80 82
80 374
82 374
82 83
82 375
376 377
376 378
377 374
377 375
377 378
377 379
374 83
374 375
83 375
83 380
83 84
375 379
375 380
375 84
378 379
379 380
380 84
380 86
380 381
84 86
84 381
86 381
86 87
86 382
383 384
383 385
384 381
384 382
384 385
384 386
381 87
381 382
87 382
87 387
87 88
382 386
382 387
382 88
385 386
386 387
387 88
387 90
387 388
88 90
88 388
90 388
90 91
90 389
390 391
390 392
391 388
391 389
391 392
391 393
388 91
388 389
91 389
91 394
91 92
389 393
389 394
389 92
392 393
393 394
394 92
394 94
394 395
92 94
92 395
94 395
94 95
94 396
397 398
397 399
398 395
398 396
398 399
398 400
395 95
395 396
95 396
95 401
95 96
396 400
396 401
396 96
399 400
400 401
401 96
401 98
401 402
96 98
96 402
98 402
98 99
98 403
404 405
404 406
405 402
405 403
405 406
405 407
402 99
402 403
99 403
99 408
99 100
403 407
403 408
403 100
406 407
407 408
408 100
408 102
408 409
100 102
100 409
102 409
102 103
102 410
411 412
411 413
412 409
412 410
412 413
412 414
409 103
409 410
103 410
103 415
103 104
410 414
410 415
410 104
413 414
414 415
415 104
415 106
415 416
104 106
104 416
106 416
106 107
106 417
418 419
418 420
419 416
419 417
419 420
419 421
416 107
416 417
107 417
107 422
107 108
417 421
417 422
417 108
192 336
192 194
192 423
336 424
336 194
336 423
424 425
424 426
424 423
425 426
425 427
193 428
193 194
193 423
193 198
193 429
428 426
428 194
428 423
428 198
428 429
426 427
426 423
194 423
198 429
198 200
198 430
429 431
429 200
429 430
431 432
431 433
431 430
432 433
432 434
199 435
199 200
199 430
199 204
199 436
435 433
435 200
435 430
435 204
435 436
433 434
433 430
200 430
204 436
204 206
204 437
436 438
436 206
436 437
438 439
438 440
438 437
439 440
439 441
205 442
205 206
205 437
205 210
205 443
442 440
442 206
442 437
442 210
442 443
440 441
440 437
206 437
210 443
210 212
210 444
443 445
443 212
443 444
445 446
445 447
445 444
446 447
446 448
211 449
211 212
211 444
211 213
211 450
449 447
449 212
449 444
449 213
449 450
447 448
447 444
212 444
213 450
213 215
213 451
450 452
450 215
450 451
452 453
452 454
452 451
453 454
453 455
214 456
214 215
214 451
214 216
214 457
456 454
456 215
456 451
456 458
456 457
454 455
454 451
215 451
420 421
421 422
422 108
422 110
422 459
108 110
108 459
110 459
110 111
110 460
461 462
461 463
462 459
462 460
462 463
462 464
459 111
459 460
111 460
111 465
111 112
460 464
460 465
460 112
463 464
464 465
465 112
465 114
465 466
112 114
112 466
114 466
114 115
114 467
468 469
468 470
469 466
469 467
469 470
469 471
466 115
466 467
115 467
115 472
115 116
467 471
467 472
467 116
470 471
471 472
472 116
472 118
472 473
116 118
116 473
118 473
118 119
118 474
475 476
475 477
476 473
476 474
476 477
476 478
473 119
473 474
119 474
119 479
119 120
474 478
474 479
474 120
477 478
478 479
479 120
479 121
479 480
120 121
120 480
121 480
121 122
121 481
482 483
482 484
483 480
483 481
483 484
483 485
480 122
480 481
122 481
122 486
122 123
481 485
481 486
481 123
484 485
485 486
486 123
486 129
486 487
123 129
123 487
129 487
129 488
129 124
487 488
216 217
216 457
217 232
232 245
458 457
221 222
221 489
221 223
222 234
234 247
488 124
488 490
124 490
124 125
490 125
490 491
125 491
125 223
125 126
125 224
491 489
491 223
489 223
223 126
223 224
126 224
