307 1108
0 1
0 2
0 3
0 4
0 5
0 6
1 2
1 3
1 6
1 7
1 8
1 9
2 3
2 8
2 9
2 10
2 11
3 4
3 5
3 11
4 5
4 11
4 12
4 13
4 14
5 6
5 13
5 14
5 15
6 7
6 15
6 16
6 17
6 18
7 8
7 17
7 18
7 19
7 20
7 21
8 9
8 19
8 22
9 10
9 19
9 22
10 11
10 23
10 24
11 12
11 23
11 24
11 25
12 13
12 24
12 25
12 26
12 27
12 28
13 14
13 26
13 29
14 15
14 26
14 29
15 16
15 17
15 29
15 30
16 17
16 31
16 32
17 18
17 31
17 32
17 33
18 32
18 33
18 20
18 21
18 34
19 22
19 21
19 35
19 36
22 35
22 36
23 24
23 37
23 38
23 39
24 25
24 38
24 39
24 40
25 39
25 40
25 27
25 28
26 29
26 28
26 41
26 42
29 41
29 42
29 30
31 32
31 43
31 44
31 45
32 33
32 44
32 45
32 46
33 20
33 45
33 46
33 34
20 21
20 34
20 47
20 48
20 49
21 35
21 50
21 48
21 49
35 36
35 50
35 51
36 50
36 51
37 38
37 52
37 53
37 54
38 39
38 54
38 55
38 56
39 40
39 55
39 56
39 57
40 27
40 56
40 57
40 58
27 28
27 58
27 59
27 60
27 61
28 41
28 60
28 61
28 62
41 42
41 63
41 62
42 30
42 63
42 62
30 63
30 64
43 44
43 65
43 66
43 67
44 45
44 67
44 68
44 69
45 46
45 68
45 69
45 70
46 34
46 69
46 70
46 71
34 71
34 72
34 47
34 48
50 51
50 49
50 73
50 74
51 73
51 74
52 53
52 75
52 76
52 77
53 54
53 76
53 77
53 78
54 55
54 77
54 78
54 79
55 56
55 78
55 79
55 80
56 57
56 79
56 80
56 81
57 58
57 80
57 81
57 82
58 59
58 81
58 82
58 83
59 60
59 82
59 83
59 84
60 61
60 83
60 84
60 85
60 86
61 87
61 62
61 85
61 86
61 88
87 89
87 63
87 62
87 88
87 90
89 63
89 62
89 64
89 88
89 90
63 62
63 64
64 90
64 91
65 66
65 92
65 93
65 94
66 67
66 93
66 94
66 95
67 68
67 94
67 95
67 96
68 69
68 95
68 96
68 97
69 70
69 96
69 97
69 98
70 71
70 97
70 98
70 99
71 72
71 98
71 99
71 100
72 47
72 99
72 100
72 101
47 48
47 100
47 101
47 102
47 103
48 49
48 102
48 103
48 104
49 73
49 105
49 103
49 104
73 74
73 105
73 106
74 105
74 106
105 106
105 104
105 107
105 108
106 107
106 108
109 75
109 108
109 110
109 111
109 112
75 76
75 111
75 112
75 113
76 77
76 112
76 113
76 114
77 78
77 113
77 114
77 115
78 79
78 114
78 115
78 116
79 80
79 115
79 116
79 117
80 81
80 116
80 117
80 118
81 82
81 117
81 118
81 119
82 83
82 118
82 119
82 120
83 84
83 119
83 120
83 121
84 85
84 122
84 120
84 121
85 86
85 122
85 123
85 121
86 88
86 124
86 125
86 122
86 123
88 90
88 124
88 126
90 124
90 126
90 91
124 126
124 125
124 127
126 91
126 125
126 127
91 128
91 127
91 129
91 130
128 92
128 129
128 130
128 131
92 93
92 130
92 131
92 132
93 94
93 131
93 132
93 133
94 95
94 132
94 133
94 134
95 96
95 133
95 134
95 135
96 97
96 136
96 134
96 135
97 98
97 136
97 137
97 135
98 99
98 136
98 137
98 138
99 100
99 137
99 138
99 139
100 101
100 138
100 139
100 140
101 102
101 141
101 139
101 140
102 103
102 141
102 142
102 140
103 104
103 141
103 142
103 143
104 107
104 144
104 142
104 143
107 108
107 144
107 110
108 144
108 110
144 110
144 143
144 145
144 146
110 145
110 146
110 111
141 142
141 140
141 147
141 148
142 143
142 147
142 148
142 149
143 145
143 148
143 149
143 150
145 146
145 149
145 150
145 151
146 111
146 150
146 151
111 112
111 151
111 152
111 153
112 152
112 153
112 113
125 127
125 123
125 154
125 155
127 154
127 155
127 129
122 123
122 121
122 156
122 157
123 154
123 156
123 157
123 158
154 155
154 158
154 159
155 129
155 158
155 159
155 160
129 130
129 159
129 160
129 161
130 131
130 160
130 161
130 162
131 161
131 162
131 132
136 137
136 135
136 163
136 164
136 165
137 138
137 163
137 164
137 166
138 139
138 164
138 166
138 167
139 140
139 166
139 167
139 168
140 147
140 167
140 168
147 148
147 168
147 169
148 149
148 169
149 150
149 169
149 170
150 151
150 170
151 152
151 170
151 171
152 153
152 171
153 113
153 171
153 172
113 114
113 172
113 173
114 115
114 172
114 173
114 174
115 116
115 173
115 174
115 175
116 117
116 174
116 175
116 176
117 118
117 175
117 176
117 177
118 119
118 176
118 177
118 178
119 120
119 177
119 178
119 179
120 121
120 178
120 179
120 180
121 156
121 179
121 180
156 157
156 180
156 181
157 158
157 181
158 159
158 181
158 182
159 160
159 182
160 161
160 182
160 183
161 162
161 183
162 132
162 183
162 184
132 133
132 184
132 185
133 134
133 184
133 185
133 186
134 135
134 185
134 186
134 165
135 163
135 186
135 165
163 164
163 165
163 187
163 188
163 189
164 166
164 187
164 188
164 190
166 167
166 188
166 190
166 191
167 168
167 190
167 191
167 192
168 169
168 191
168 192
168 193
169 170
169 192
169 193
169 194
170 171
170 193
170 194
170 195
171 172
171 194
171 195
171 196
172 173
172 195
172 196
172 197
173 174
173 196
173 197
173 198
174 175
174 197
174 198
174 199
175 176
175 198
175 199
175 200
176 177
176 199
176 200
176 201
177 178
177 200
177 201
177 202
178 179
178 201
178 202
178 203
179 180
179 202
179 203
179 204
180 181
180 203
180 204
180 205
181 182
181 204
181 205
181 206
182 183
182 205
182 206
182 207
183 184
183 206
183 207
183 208
184 185
184 207
184 208
184 209
185 186
185 208
185 209
185 210
186 165
186 209
186 210
186 189
165 187
165 210
165 189
187 188
187 189
187 211
187 212
187 213
188 190
188 211
188 212
188 214
190 191
190 212
190 214
190 215
191 192
191 214
191 215
191 216
192 193
192 215
192 216
192 217
193 194
193 216
193 217
193 218
194 195
194 217
194 218
194 219
195 196
195 218
195 219
195 220
196 197
196 219
196 220
196 221
197 198
197 220
197 221
197 222
198 199
198 221
198 222
198 223
199 200
199 222
199 223
199 224
200 201
200 223
200 224
200 225
201 202
201 224
201 225
201 226
202 203
202 225
202 226
202 227
203 204
203 226
203 227
203 228
204 205
204 227
204 228
204 229
205 206
205 228
205 229
205 230
206 207
206 229
206 230
206 231
207 208
207 230
207 231
207 232
208 209
208 231
208 232
208 233
209 210
209 232
209 233
209 234
210 189
210 233
210 234
210 213
189 211
189 234
189 213
211 212
211 213
211 235
211 236
211 237
212 214
212 235
212 236
212 238
214 215
214 236
214 238
214 239
215 216
215 238
215 239
215 240
216 217
216 239
216 240
216 241
217 218
217 240
217 241
217 242
218 219
218 241
218 242
218 243
219 220
219 242
219 243
219 244
220 221
220 243
220 244
220 245
221 222
221 244
221 245
221 246
222 223
222 245
222 246
222 247
223 224
223 246
223 247
223 248
224 225
224 247
224 248
224 249
225 226
225 248
225 249
225 250
226 227
226 249
226 250
226 251
227 228
227 250
227 251
227 252
228 229
228 251
228 252
228 253
229 230
229 252
229 253
229 254
230 231
230 253
230 254
230 255
231 232
231 254
231 255
231 256
232 233
232 255
232 256
232 257
233 234
233 256
233 257
233 258
234 213
234 257
234 258
234 237
213 235
213 258
213 237
235 236
235 237
235 259
235 260
235 261
236 238
236 259
236 260
236 262
238 239
238 260
238 262
238 263
239 240
239 262
239 263
239 264
240 241
240 263
240 264
240 265
241 242
241 264
241 265
241 266
242 243
242 265
242 266
242 267
243 244
243 266
243 267
243 268
244 245
244 267
244 268
244 269
245 246
245 268
245 269
245 270
246 247
246 269
246 270
246 271
247 248
247 270
247 271
247 272
248 249
248 271
248 272
248 273
249 250
249 272
249 273
249 274
250 251
250 273
250 274
250 275
251 252
251 274
251 275
251 276
252 253
252 275
252 276
252 277
253 254
253 276
253 277
253 278
254 255
254 277
254 278
254 279
255 256
255 278
255 279
255 280
256 257
256 279
256 280
256 281
257 258
257 280
257 281
257 282
258 237
258 281
258 282
258 261
237 259
237 282
237 261
259 260
259 261
259 283
259 284
259 285
260 262
260 283
260 284
260 286
262 263
262 284
262 286
262 287
263 264
263 286
263 287
263 288
264 265
264 287
264 288
264 289
265 266
265 288
265 289
265 290
266 267
266 289
266 290
266 291
267 268
267 290
267 291
267 292
268 269
268 291
268 292
268 293
269 270
269 292
269 293
269 294
270 271
270 293
270 294
270 295
271 272
271 294
271 295
271 296
272 273
272 295
272 296
272 297
273 274
273 296
273 297
273 298
274 275
274 297
274 298
274 299
275 276
275 298
275 299
275 300
276 277
276 299
276 300
276 301
277 278
277 300
277 301
277 302
278 279
278 301
278 302
278 303
279 280
279 302
279 303
279 304
280 281
280 303
280 304
280 305
281 282
281 304
281 305
281 306
282 261
282 305
282 306
282 285
261 283
261 306
261 285
283 284
283 285
284 286
286 287
287 288
288 289
289 290
290 291
291 292
292 293
293 294
294 295
295 296
296 297
297 298
298 299
299 300
300 301
301 302
302 303
303 304
304 305
305 306
306 285
