1079 1541
0 1
2 3
4 5
6 7
8 5
9 10
11 12
13 14
15 16
17 18
19 20
21 22
23 24
25 26
27 28
29 30
31 32
33 34
35 3
36 37
38 39
40 41
42 43
44 45
46 47
48 49
50 51
40 52
53 54
55 22
56 57
58 40
42 59
60 61
32 62
63 3
64 65
66 67
68 69
70 50
71 72
73 74
75 76
77 49
42 78
79 80
81 82
83 84
42 85
86 87
88 89
90 40
91 92
40 93
94 95
96 97
98 99
100 42
101 102
38 53
103 50
104 105
82 106
107 108
37 109
110 111
112 113
53 12
42 114
68 115
40 116
117 22
118 53
119 120
42 69
121 122
123 124
125 126
127 128
129 127
130 61
131 3
3 132
133 134
135 95
34 136
137 37
138 37
139 140
141 142
143 32
144 34
145 146
58 45
147 148
149 150
151 53
152 153
22 154
42 155
156 157
40 158
159 160
100 161
0 162
163 164
156 8
165 42
166 167
168 169
170 53
171 102
172 173
12 72
174 125
175 34
176 72
177 34
178 179
22 49
178 169
180 1
27 181
182 49
53 183
46 184
42 185
21 186
187 188
189 190
191 192
193 157
194 125
195 196
197 198
199 127
200 201
202 34
203 204
205 206
207 50
208 209
210 211
152 212
190 142
213 214
23 215
216 102
31 217
22 218
219 220
221 222
223 224
145 225
145 226
227 7
228 157
229 111
34 230
231 232
233 234
113 235
205 22
236 237
238 46
239 30
240 16
111 241
242 243
244 245
246 125
75 169
247 162
248 249
145 250
251 200
66 121
197 252
253 22
53 254
255 256
46 257
258 211
259 260
53 261
262 263
264 72
265 22
231 266
267 268
269 270
34 271
272 273
274 275
276 22
34 277
22 278
72 279
280 34
81 281
282 68
283 284
53 285
286 135
287 2
288 68
228 289
53 290
291 292
293 1
238 294
34 295
40 136
204 296
99 297
195 212
298 299
219 22
300 301
302 252
68 168
303 140
304 212
34 305
306 126
307 68
3 308
309 117
40 310
16 142
236 311
42 312
117 313
178 111
229 46
22 314
19 169
112 315
178 53
191 316
317 318
193 126
319 126
320 321
322 121
323 102
324 126
325 22
18 121
326 50
327 50
231 88
328 329
330 331
31 332
333 334
335 336
286 2
337 338
339 340
64 341
342 46
191 343
344 292
345 346
302 347
348 212
40 349
23 350
48 253
351 113
42 352
121 353
354 355
356 98
107 32
152 357
174 358
359 46
151 126
360 249
262 361
362 363
232 140
364 249
365 299
156 366
367 239
191 368
369 146
350 370
371 357
40 372
125 373
40 374
48 375
89 376
377 50
378 22
379 380
127 318
381 34
382 383
384 385
386 387
258 169
388 46
21 135
42 389
14 5
156 390
293 178
191 391
262 392
262 24
393 127
394 72
350 395
396 125
397 296
341 61
320 398
341 399
400 70
302 401
53 402
27 403
404 126
175 169
405 53
406 169
351 94
407 140
408 39
90 34
64 409
410 411
412 413
17 29
58 193
414 104
58 22
415 95
53 416
157 417
303 324
231 418
244 419
203 84
192 140
420 3
34 421
422 53
22 95
48 423
48 10
424 425
42 121
426 427
428 429
44 430
431 213
34 41
48 135
15 46
169 432
22 433
66 22
434 22
233 221
435 22
436 49
437 438
439 440
34 441
25 442
262 443
260 221
444 445
351 232
446 34
169 447
66 109
448 121
50 449
169 318
394 450
362 451
79 452
453 159
119 454
455 456
23 457
44 458
269 459
34 460
40 461
156 462
40 463
121 464
465 466
467 68
157 179
468 23
469 46
34 470
79 471
31 305
351 114
157 472
473 121
474 475
238 181
476 50
34 477
478 72
102 346
262 479
156 480
481 1
415 79
200 107
482 46
212 483
147 484
485 169
486 43
487 50
49 459
156 293
480 112
156 488
145 489
34 490
491 454
169 92
492 340
262 493
303 494
40 154
495 30
384 496
497 498
499 500
145 91
159 397
98 68
501 50
502 126
503 169
126 504
505 506
298 211
34 507
27 508
509 510
119 511
512 262
53 513
156 514
127 425
515 34
21 49
326 516
517 169
22 372
474 518
112 519
238 520
521 34
303 284
269 522
523 524
525 1
34 526
527 22
528 529
49 530
22 531
406 532
533 534
73 230
231 492
535 111
536 179
175 22
27 537
290 399
34 538
539 244
540 97
519 541
48 59
542 46
159 43
27 543
42 544
545 221
238 416
22 373
3 546
111 547
190 548
549 46
44 550
446 402
205 406
197 80
81 49
426 551
176 53
552 192
553 34
388 554
40 278
34 555
246 98
300 121
525 221
556 557
558 57
275 559
111 560
561 34
562 72
563 564
565 1
116 22
16 43
267 566
0 567
267 237
156 568
569 406
570 32
571 423
48 38
40 572
146 296
573 574
34 575
576 154
9 577
521 22
81 34
68 578
34 530
34 551
68 579
580 297
22 581
582 50
583 191
584 89
585 3
48 22
586 5
302 587
588 34
589 590
591 592
205 358
593 3
594 595
68 596
126 490
141 597
111 92
598 599
40 216
187 600
601 121
198 532
571 98
119 106
221 602
603 140
446 102
604 46
231 350
605 23
58 606
253 607
536 107
608 609
610 102
159 74
112 59
42 611
96 612
34 126
613 244
426 25
40 144
197 45
392 292
149 127
64 448
614 615
616 78
22 572
19 617
101 3
527 618
101 140
619 23
620 213
621 212
180 532
576 126
622 42
40 238
586 397
206 459
72 623
406 459
284 624
272 150
625 111
626 627
87 628
446 406
281 47
22 39
195 179
629 22
48 9
99 107
630 454
631 296
632 34
633 126
27 634
267 14
193 95
81 125
32 635
436 42
195 132
210 142
42 636
335 496
135 527
501 637
17 638
639 640
34 557
9 641
642 541
123 643
82 221
0 532
644 324
525 124
40 273
645 102
646 72
614 647
236 648
262 649
156 650
25 4
616 651
68 299
125 652
501 436
653 406
654 541
172 509
161 299
467 50
655 46
169 97
17 23
605 201
656 397
501 657
156 658
436 278
659 159
34 660
133 255
251 18
661 662
663 45
664 46
665 548
666 667
262 668
244 669
670 548
50 671
22 672
673 50
674 102
49 39
23 121
675 62
121 676
323 677
32 678
284 679
426 198
680 121
681 236
203 628
46 682
40 221
112 290
465 683
25 509
356 32
684 50
42 685
32 686
157 331
46 687
194 40
53 379
19 68
436 459
393 68
300 688
174 99
689 209
200 548
267 690
442 244
34 691
611 1
68 183
692 599
188 179
241 47
40 574
262 693
639 23
40 557
2 169
298 694
217 695
415 49
260 167
152 50
511 159
131 50
696 89
468 697
407 53
698 50
262 699
96 700
145 701
406 702
333 68
231 160
231 703
176 299
704 474
705 49
130 60
345 140
706 707
708 34
10 136
40 3
111 709
87 397
710 34
711 46
231 712
42 268
84 713
714 53
715 598
46 433
10 576
111 716
463 518
302 671
717 62
718 40
34 10
332 318
145 516
174 436
719 40
199 454
593 267
156 460
27 191
541 720
252 157
123 167
721 213
238 722
34 95
40 723
110 2
40 724
725 167
90 102
175 3
708 22
726 686
40 373
23 727
728 140
156 178
34 729
730 50
731 284
415 732
339 733
734 643
386 30
306 72
151 39
735 50
441 102
156 70
436 461
68 2
34 736
568 1
737 357
738 346
236 739
365 740
174 7
677 459
589 157
174 738
42 193
469 178
262 741
742 121
87 204
129 628
172 160
197 743
744 256
489 50
194 745
746 53
194 49
58 747
156 369
675 748
68 749
562 489
42 750
751 752
753 49
754 244
25 341
541 755
42 756
525 757
758 50
325 34
657 399
2 111
759 760
761 548
762 68
284 763
354 764
53 346
616 52
145 580
27 765
276 358
522 695
766 159
231 92
144 22
178 1
767 157
157 768
280 111
769 770
25 273
771 22
0 196
212 772
42 773
203 397
262 774
775 776
29 80
777 778
262 779
780 781
53 432
707 782
42 783
565 784
785 169
786 5
53 787
788 121
302 118
236 250
176 126
789 126
436 305
746 42
552 111
17 541
29 790
42 791
792 45
28 89
32 793
794 244
25 104
448 795
796 169
209 657
797 3
99 34
798 5
799 800
597 159
40 801
34 257
253 454
242 275
25 745
802 652
233 803
426 804
619 262
499 805
437 806
19 807
155 323
808 213
157 49
189 402
809 126
157 810
811 46
34 812
2 546
34 373
284 232
221 113
68 813
814 126
211 3
22 815
816 459
639 262
34 817
133 534
99 32
571 34
82 53
40 201
23 237
818 423
819 541
820 107
53 618
821 146
822 49
156 823
818 18
824 825
244 826
827 49
175 179
157 22
552 121
828 34
233 829
328 30
336 494
262 830
200 249
393 541
34 831
198 832
833 34
3 637
267 615
745 834
393 20
476 284
337 661
156 252
835 50
836 3
837 838
603 300
252 2
68 839
444 5
191 290
840 707
174 49
174 109
209 841
842 40
563 417
114 46
269 843
262 748
216 34
320 844
3 845
644 454
846 671
176 89
570 847
16 169
41 22
172 233
34 59
244 848
145 192
701 331
849 50
87 146
330 701
386 478
850 851
852 22
853 350
126 261
283 50
586 129
165 89
854 459
855 559
81 22
351 763
23 410
125 420
808 761
49 314
86 410
379 312
856 857
34 455
40 858
231 178
253 155
859 102
86 14
860 284
176 140
112 235
233 861
42 460
862 191
661 292
223 157
46 332
53 863
69 411
406 53
68 864
34 865
657 244
102 530
866 244
624 3
145 867
200 332
125 95
302 753
694 753
868 5
124 121
157 869
870 871
34 872
196 62
873 5
203 126
874 34
34 875
0 876
194 46
244 164
877 140
80 30
878 102
587 2
15 75
879 3
280 121
880 126
221 235
53 881
221 882
112 883
523 37
884 541
825 548
157 885
886 72
34 887
888 126
226 548
179 889
517 42
890 89
193 111
891 142
892 893
48 416
492 126
95 346
68 894
404 340
145 895
896 50
40 536
31 42
897 140
663 898
899 46
900 747
238 901
262 902
83 867
903 236
231 904
905 906
907 3
79 488
169 832
34 276
908 179
509 140
98 49
68 192
284 909
197 59
910 39
125 82
911 912
913 46
111 532
48 95
491 709
751 196
27 914
915 53
916 244
267 917
918 323
34 572
34 919
920 89
209 713
40 66
40 708
921 121
922 846
616 184
573 923
924 50
694 450
219 111
563 925
77 81
862 316
860 494
194 176
926 927
426 928
310 22
929 22
73 930
23 693
193 276
931 541
388 932
46 167
933 49
42 191
127 49
68 934
935 112
928 169
656 657
280 53
231 936
284 289
937 121
552 169
121 95
231 938
191 939
262 350
545 112
356 108
25 57
81 46
926 140
239 843
940 169
79 941
942 402
436 169
375 95
943 417
121 687
357 772
156 944
34 945
870 22
396 524
68 350
127 946
616 672
238 879
34 154
34 801
947 40
948 34
48 949
751 454
746 68
436 53
126 672
482 121
302 611
379 39
862 43
436 238
394 23
238 950
951 127
145 952
22 953
558 341
258 32
174 10
206 423
954 955
155 856
559 279
956 5
157 957
25 167
958 661
959 930
960 417
628 397
961 50
76 241
962 69
177 22
53 1
491 925
963 262
22 878
436 154
98 297
351 160
964 111
965 42
21 966
129 146
967 111
335 70
515 22
34 968
98 340
659 74
969 4
494 970
262 971
972 747
193 527
499 157
22 141
500 331
126 973
229 221
194 193
426 173
145 204
159 134
974 126
76 43
571 216
72 695
191 975
556 53
267 241
379 126
437 341
976 474
977 978
29 688
979 980
48 216
22 461
34 878
298 32
522 140
236 981
81 102
10 982
125 856
194 34
983 984
773 985
42 986
259 987
396 988
354 26
156 394
239 695
751 1
188 832
989 68
300 990
991 72
11 992
197 2
993 994
219 995
253 23
31 297
188 500
34 116
207 168
356 31
996 22
108 297
571 22
125 39
997 179
139 541
236 176
404 169
998 102
947 22
999 923
98 107
1000 212
1001 42
212 1002
247 23
541 530
345 1003
79 350
862 675
320 1004
320 1005
1006 5
121 1007
354 980
109 1008
48 1009
86 713
48 182
238 379
188 1010
1011 111
27 390
25 150
1012 126
42 74
253 126
83 212
27 190
1013 1014
77 423
928 1015
1016 244
1017 53
1018 169
527 592
156 1019
205 599
216 618
22 1020
628 296
1021 957
34 1022
127 397
40 1023
140 472
95 59
42 964
426 1024
922 411
12 179
253 1025
1026 1027
675 241
328 292
180 876
463 474
79 160
1028 1029
2 832
145 889
351 315
901 53
690 402
1030 380
1031 22
79 1032
145 523
1033 837
212 823
174 22
589 805
777 50
744 50
139 3
23 471
1031 1034
923 906
1035 46
197 720
532 62
541 1036
616 334
236 980
17 876
1037 357
79 1038
499 380
302 169
79 1039
1040 1041
460 179
94 1042
208 637
1043 126
121 140
156 53
1044 121
98 253
1045 1046
410 340
141 159
542 671
232 217
688 140
140 285
68 763
269 111
40 1047
497 1048
22 126
1049 40
48 174
467 42
1050 126
1051 671
1052 159
130 42
643 513
568 68
723 1053
1054 72
267 30
832 889
96 1055
25 3
193 460
42 939
1056 111
1057 111
2 997
381 1058
12 140
407 72
951 454
18 671
802 53
388 565
485 249
1059 212
282 1052
145 42
1060 72
1061 455
252 1
1062 292
2 917
156 169
188 548
267 121
1063 597
778 140
1050 53
146 397
191 241
545 23
354 936
1064 50
1065 249
73 159
384 75
1066 1067
1068 254
40 1069
541 89
65 1070
293 541
96 1071
156 29
1072 112
17 42
34 1073
199 212
344 997
701 157
455 687
22 136
928 351
746 169
34 1074
22 459
323 1075
426 975
487 3
414 105
129 397
40 507
156 198
40 346
21 82
1076 105
221 554
32 1077
563 1078
221 315
