146 657
0 1
2 3
2 4
5 6
7 8
9 10
11 4
12 13
13 14
15 16
17 18
7 19
20 21
22 23
24 6
25 26
27 28
29 30
31 32
33 3
34 35
15 19
36 37
38 39
40 41
42 43
44 45
29 46
47 48
49 13
50 51
52 51
22 53
54 55
56 57
58 59
47 60
61 62
27 16
34 63
64 65
66 67
17 68
27 43
69 70
71 53
72 73
74 75
69 30
64 10
76 67
77 65
78 79
21 80
49 35
0 58
81 16
55 60
31 82
83 84
47 59
2 14
85 86
87 8
88 45
89 90
91 45
92 26
42 92
72 11
2 93
22 94
27 95
12 19
96 53
41 60
74 97
98 28
96 44
5 95
17 99
6 100
48 101
102 65
103 104
62 14
63 105
9 51
20 36
43 4
106 84
102 107
0 108
64 23
109 106
47 110
64 44
55 70
61 91
11 45
52 19
5 69
85 111
112 94
20 113
102 114
5 94
115 101
2 116
117 41
118 99
41 45
62 84
25 37
67 45
72 55
98 119
120 4
111 82
89 21
8 26
53 37
24 21
68 4
27 62
87 120
59 120
121 62
122 123
124 25
96 13
125 126
64 91
77 69
72 35
61 108
127 110
20 13
128 69
129 95
106 79
5 108
123 116
89 130
131 100
132 31
34 133
129 114
40 83
7 36
50 10
10 134
131 80
52 135
130 4
111 116
6 116
115 126
102 18
42 67
52 35
10 82
107 46
85 94
89 83
81 8
1 46
12 94
12 107
22 131
41 134
66 86
136 137
128 136
118 123
132 51
43 105
86 46
103 134
125 75
92 116
33 30
112 58
57 30
24 119
85 136
11 30
111 48
54 138
63 14
139 114
139 63
56 126
112 138
115 41
12 140
130 60
141 104
89 8
124 44
52 91
9 29
59 126
65 84
27 25
81 90
40 35
42 57
24 75
117 135
71 68
124 33
113 116
61 11
18 46
139 130
131 59
8 70
112 135
11 84
59 67
1 60
56 142
35 4
140 116
5 38
139 28
128 51
74 108
98 73
88 39
138 134
107 39
66 114
109 92
139 133
5 90
103 48
117 29
15 2
113 37
73 26
109 1
24 23
47 105
35 32
42 19
136 110
112 75
128 114
95 39
71 142
81 21
40 28
29 80
40 127
0 111
128 97
121 11
65 116
98 55
139 120
128 41
135 79
15 108
96 83
88 82
73 3
97 39
78 4
94 32
36 105
102 111
126 116
35 104
132 135
118 25
42 142
99 134
52 28
115 19
7 38
78 110
76 141
124 38
0 10
112 101
56 133
140 105
49 114
61 126
96 16
74 120
88 37
129 31
121 111
42 141
77 67
74 8
109 138
58 82
121 1
85 36
133 14
25 93
97 100
119 3
98 143
64 58
74 107
51 134
77 138
77 99
31 93
122 144
118 53
129 127
59 119
2 46
75 134
121 127
66 140
76 23
20 138
127 104
124 55
91 105
28 14
135 26
125 92
98 62
121 51
74 140
54 29
0 142
66 106
56 23
128 36
95 60
117 58
122 113
2 134
63 79
54 123
52 44
135 137
89 143
125 136
77 86
118 108
9 101
24 144
5 68
87 38
40 108
0 63
145 3
42 133
129 73
72 16
120 70
132 65
54 145
22 130
76 78
17 90
122 107
145 48
87 136
132 33
99 105
96 31
115 63
71 127
128 103
1 82
6 110
77 97
145 70
98 78
68 26
71 13
121 23
33 82
6 70
61 141
99 80
131 93
133 110
129 91
94 134
47 26
49 90
136 80
49 11
20 73
91 93
69 137
83 104
40 101
66 1
24 97
58 137
139 21
124 142
92 45
101 45
76 63
54 90
19 100
102 144
59 90
9 18
13 60
15 143
17 55
9 140
77 143
129 119
109 69
81 33
50 16
72 119
54 68
132 43
88 104
87 113
32 142
123 32
9 141
142 79
76 103
81 127
88 80
117 103
34 145
12 69
49 8
144 100
52 111
76 33
83 3
50 113
122 58
21 48
34 95
61 44
89 31
7 95
87 99
141 137
118 119
96 57
47 30
17 19
74 145
139 62
42 103
65 79
85 65
115 31
85 67
61 86
5 144
132 133
127 93
112 141
85 16
0 57
107 110
117 18
85 75
17 136
38 93
57 93
56 101
140 39
20 18
72 133
144 105
22 140
71 143
50 144
15 23
115 33
132 108
64 28
118 136
61 103
112 114
50 107
66 123
10 26
49 78
87 18
130 37
112 99
109 97
51 79
96 68
98 38
144 46
138 110
7 123
17 145
65 60
9 143
125 36
32 97
34 143
94 70
49 53
125 94
10 84
133 82
106 46
119 37
20 131
87 95
24 13
53 100
73 80
64 106
129 57
56 86
109 16
64 35
81 130
128 10
50 101
72 38
97 137
47 32
57 79
75 30
75 39
122 135
50 123
32 18
0 78
89 57
71 120
12 21
95 3
22 69
53 14
98 43
118 29
67 46
86 104
125 1
81 91
90 14
102 29
89 44
113 30
71 33
7 120
34 25
66 6
2 137
56 41
125 106
44 110
125 143
117 16
102 126
102 92
58 84
40 67
75 100
17 113
121 135
22 107
12 119
36 137
54 36
59 51
106 48
19 84
48 38
34 11
56 43
124 83
86 26
130 100
88 79
20 108
74 55
109 99
28 104
109 126
53 48
144 70
52 1
27 145
77 111
21 4
27 131
32 62
24 25
123 80
87 23
101 137
121 83
15 88
124 114
122 103
88 70
138 37
124 131
47 15
66 113
18 37
115 86
132 106
122 143
68 39
62 45
40 92
34 131
50 141
49 43
76 92
126 104
15 114
117 140
13 80
122 41
43 82
96 120
141 60
71 91
81 142
115 78
22 73
27 78
129 145
8 14
7 138
83 105
7 29
117 6
118 130
9 6
28 30
54 23
90 39
76 31
12 25
127 84
44 3
73 100
142 3
139 68
55 93
72 63
