258 768
0 1
0 2
0 3
0 4
1 2
1 3
1 5
1 6
1 7
2 4
2 5
2 8
2 9
3 4
3 6
3 10
3 11
4 8
4 10
4 12
5 7
5 9
5 13
5 14
6 7
6 11
6 15
6 16
8 9
8 12
8 17
8 18
10 11
10 12
10 19
10 20
7 13
7 15
7 21
9 14
9 17
9 22
11 16
11 19
11 23
12 18
12 20
12 24
13 14
13 21
13 25
13 26
15 16
15 21
15 27
15 28
14 22
14 25
14 29
16 23
16 27
16 30
17 18
17 22
17 31
17 32
19 20
19 23
19 33
19 34
18 24
18 31
18 35
20 24
20 33
20 36
21 26
21 28
21 37
22 29
22 32
22 38
23 30
23 34
23 39
24 35
24 36
24 40
25 26
25 29
25 41
25 42
27 28
27 30
27 43
27 44
31 32
31 35
31 45
31 46
33 34
33 36
33 47
33 48
26 37
26 41
26 49
28 37
28 43
28 50
29 38
29 42
29 51
30 39
30 44
30 52
32 38
32 45
32 53
34 39
34 47
34 54
35 40
35 46
35 55
36 40
36 48
36 56
37 49
37 50
37 57
38 51
38 53
38 58
39 52
39 54
39 59
40 55
40 56
40 60
41 42
41 49
41 61
41 62
43 44
43 50
43 63
43 64
42 51
42 61
42 65
44 52
44 63
44 66
45 46
45 53
45 67
45 68
47 48
47 54
47 69
47 70
46 55
46 67
46 71
48 56
48 69
48 72
49 57
49 62
49 73
50 57
50 64
50 74
51 58
51 65
51 75
52 59
52 66
52 76
53 58
53 68
53 77
54 59
54 70
54 78
55 60
55 71
55 79
56 60
56 72
56 80
57 73
57 74
57 81
58 75
58 77
58 82
59 76
59 78
59 83
60 79
60 80
60 84
61 62
61 65
61 85
61 86
63 64
63 66
63 87
63 88
67 68
67 71
67 89
67 90
69 70
69 72
69 91
69 92
62 73
62 85
62 93
64 74
64 87
64 94
65 75
65 86
65 95
66 76
66 88
66 96
68 77
68 89
68 97
70 78
70 91
70 98
71 79
71 90
71 99
72 80
72 92
72 100
73 81
73 93
73 101
74 81
74 94
74 102
75 82
75 95
75 103
76 83
76 96
76 104
77 82
77 97
77 105
78 83
78 98
78 106
79 84
79 99
79 107
80 84
80 100
80 108
81 101
81 102
81 109
82 103
82 105
82 110
83 104
83 106
83 111
84 107
84 108
84 112
85 86
85 93
85 113
85 114
87 88
87 94
87 115
87 116
86 95
86 114
86 117
88 96
88 116
88 118
89 90
89 97
89 119
89 120
91 92
91 98
91 121
91 122
90 99
90 120
90 123
92 100
92 122
92 124
93 101
93 125
93 113
94 102
94 126
94 115
95 103
95 117
95 127
96 104
96 118
96 128
97 105
97 129
97 119
98 106
98 130
98 121
99 107
99 123
99 131
100 108
100 124
100 132
101 109
101 133
101 125
102 109
102 134
102 126
103 110
103 127
103 135
104 111
104 128
104 136
105 110
105 137
105 129
106 111
106 138
106 130
107 112
107 131
107 139
108 112
108 132
108 140
109 141
109 133
109 134
110 135
110 142
110 137
111 136
111 143
111 138
112 139
112 140
112 144
141 133
141 134
141 145
133 125
133 145
133 146
134 126
134 145
134 147
125 113
125 146
125 148
126 115
126 147
126 149
113 114
113 148
113 150
115 116
115 149
115 151
114 117
114 150
114 152
116 118
116 151
116 153
117 127
117 154
117 152
118 128
118 155
118 153
127 135
127 156
127 154
128 136
128 157
128 155
135 142
135 158
135 156
136 143
136 159
136 157
142 137
142 158
143 138
143 159
137 129
137 158
137 160
138 130
138 159
138 161
129 119
129 160
129 162
130 121
130 161
130 163
119 120
119 162
119 164
121 122
121 163
121 165
120 123
120 164
120 166
122 124
122 165
122 167
123 131
123 168
123 166
124 132
124 169
124 167
131 139
131 170
131 168
132 140
132 171
132 169
139 144
139 172
139 170
140 144
140 172
140 171
144 172
145 146
145 147
145 173
158 156
158 160
158 174
159 157
159 161
159 175
172 170
172 171
172 176
146 148
146 173
146 177
147 149
147 173
147 178
156 154
156 174
156 179
157 155
157 175
157 180
160 162
160 174
160 181
161 163
161 175
161 182
170 168
170 176
170 183
171 169
171 176
171 184
148 150
148 177
148 185
149 151
149 178
149 186
154 152
154 179
154 187
155 153
155 180
155 188
162 164
162 181
162 189
163 165
163 182
163 190
168 166
168 183
168 191
169 167
169 184
169 192
150 152
150 185
150 193
151 153
151 186
151 194
152 187
152 193
153 188
153 194
164 166
164 189
164 195
165 167
165 190
165 196
166 191
166 195
167 192
167 196
173 177
173 178
173 197
174 179
174 181
174 198
175 180
175 182
175 199
176 183
176 184
176 200
177 185
177 197
177 201
178 186
178 197
178 202
179 187
179 198
179 203
180 188
180 199
180 204
181 189
181 198
181 205
182 190
182 199
182 206
183 191
183 200
183 207
184 192
184 200
184 208
185 193
185 201
185 209
186 194
186 202
186 210
187 193
187 203
187 211
188 194
188 204
188 212
189 195
189 205
189 213
190 196
190 206
190 214
191 195
191 207
191 215
192 196
192 208
192 216
193 209
193 211
194 210
194 212
195 213
195 215
196 214
196 216
197 201
197 202
197 217
198 203
198 205
198 218
199 204
199 206
199 219
200 207
200 208
200 220
201 209
201 217
201 221
202 210
202 217
202 222
203 211
203 218
203 223
204 212
204 219
204 224
205 213
205 218
205 225
206 214
206 219
206 226
207 215
207 220
207 227
208 216
208 220
208 228
209 211
209 221
209 229
210 212
210 222
210 230
211 223
211 229
212 224
212 230
213 215
213 225
213 231
214 216
214 226
214 232
215 227
215 231
216 228
216 232
217 221
217 222
217 233
218 223
218 225
218 234
219 224
219 226
219 235
220 227
220 228
220 236
221 229
221 233
221 237
222 230
222 233
222 238
223 229
223 234
223 239
224 230
224 235
224 240
225 231
225 234
225 241
226 232
226 235
226 242
227 231
227 236
227 243
228 232
228 236
228 244
229 237
229 239
230 238
230 240
231 241
231 243
232 242
232 244
233 237
233 238
233 245
234 239
234 241
234 246
235 240
235 242
235 247
236 243
236 244
236 248
237 239
237 245
237 249
238 240
238 245
238 250
239 246
239 249
240 247
240 250
241 243
241 246
241 251
242 244
242 247
242 252
243 248
243 251
244 248
244 252
245 249
245 250
245 253
246 249
246 251
246 254
247 250
247 252
247 255
248 251
248 252
248 256
249 253
249 254
250 253
250 255
251 254
251 256
252 255
252 256
253 254
253 255
253 257
254 256
254 257
255 256
255 257
256 257
