577 1656
0 1
0 2
0 3
0 4
0 5
0 6
1 7
1 2
1 8
1 6
1 9
7 10
7 8
7 11
7 9
7 12
10 13
10 11
10 14
10 12
10 15
13 16
13 14
13 17
13 15
13 18
16 19
16 20
16 17
16 21
16 18
19 20
19 21
20 22
20 17
22 23
22 17
22 24
23 25
23 24
23 26
25 27
25 26
25 28
27 29
27 30
27 28
29 30
29 31
30 32
30 28
30 31
30 33
32 34
32 35
32 28
32 36
32 33
34 37
34 38
34 35
34 39
34 36
37 2
37 8
37 38
37 40
37 39
2 8
2 5
2 40
8 11
8 38
11 14
11 38
11 41
14 17
14 41
14 24
17 24
38 41
38 35
41 24
41 35
41 26
24 26
35 26
35 28
26 28
42 43
42 44
42 45
43 46
43 44
43 47
46 48
46 47
46 49
48 50
48 49
48 51
50 52
50 51
50 53
52 54
52 55
52 53
54 55
54 56
54 57
54 58
55 59
55 53
55 56
55 60
59 61
59 53
59 62
59 60
59 63
61 64
61 62
61 65
61 63
61 66
64 67
64 65
64 68
64 66
64 69
67 70
67 71
67 68
67 72
67 69
70 71
70 72
70 73
70 74
70 75
71 76
71 68
71 75
71 77
76 78
76 79
76 68
76 80
76 77
78 81
78 82
78 79
78 83
78 80
81 44
81 47
81 82
81 84
81 83
44 47
44 45
44 84
47 49
47 82
49 51
49 82
49 85
51 53
51 85
51 62
53 62
82 85
82 79
85 62
85 79
85 65
62 65
79 65
79 68
65 68
56 86
56 60
56 57
56 87
86 88
86 60
86 89
86 87
86 90
88 91
88 89
88 92
88 90
88 93
91 94
91 92
91 95
91 93
91 96
94 97
94 98
94 95
94 99
94 96
97 98
97 99
97 100
97 101
97 102
98 103
98 95
98 102
98 104
103 105
103 95
103 106
103 107
103 104
105 108
105 106
105 109
105 110
105 107
108 72
108 109
108 69
108 111
108 110
72 69
72 73
72 111
60 89
60 63
89 92
89 63
89 112
92 95
92 112
92 106
95 106
63 112
63 66
112 106
112 66
112 109
106 109
66 109
66 69
109 69
57 113
57 87
57 58
57 114
113 115
113 87
113 116
113 114
113 117
115 118
115 116
115 119
115 117
115 120
118 121
118 119
118 122
118 120
118 123
121 124
121 125
121 122
121 126
121 123
124 125
124 126
124 127
124 128
124 129
125 130
125 122
125 129
125 131
130 132
130 122
130 133
130 131
130 134
132 135
132 133
132 136
132 134
132 137
135 99
135 136
135 96
135 137
135 138
99 96
99 100
99 138
87 116
87 90
116 119
116 90
116 139
119 122
119 139
119 133
122 133
90 139
90 93
139 133
139 93
139 136
133 136
93 136
93 96
136 96
58 140
58 114
140 141
140 114
140 142
141 143
141 142
141 144
143 145
143 144
143 146
145 147
145 148
145 146
147 148
147 149
148 150
148 146
148 149
148 151
150 152
150 146
150 153
150 151
150 154
152 155
152 153
152 156
152 154
152 157
155 126
155 156
155 123
155 157
155 158
126 123
126 127
126 158
114 142
114 117
142 144
142 117
142 159
144 146
144 159
144 153
146 153
117 159
117 120
159 153
159 120
159 156
153 156
120 156
120 123
156 123
149 160
149 151
160 161
160 151
160 162
161 163
161 162
161 164
163 165
163 164
163 166
165 167
165 168
165 166
167 168
167 169
168 170
168 166
168 169
168 171
170 172
170 166
170 173
170 174
170 171
172 175
172 173
172 176
172 177
172 174
175 127
175 176
175 158
175 178
175 177
127 158
127 128
127 178
151 162
151 154
162 164
162 154
162 179
164 166
164 179
164 173
166 173
154 179
154 157
179 173
179 157
179 176
173 176
157 176
157 158
176 158
169 180
169 171
180 181
180 171
180 182
181 183
181 182
181 184
183 185
183 184
183 186
185 187
185 188
185 186
187 188
187 189
187 190
188 191
188 186
188 189
188 192
191 193
191 194
191 186
191 195
191 192
193 196
193 197
193 194
193 198
193 195
196 128
196 178
196 197
196 199
196 198
128 178
128 129
128 199
178 177
178 197
177 174
177 197
177 200
174 171
174 200
174 182
171 182
197 200
197 194
200 182
200 194
200 184
182 184
194 184
194 186
184 186
189 201
189 192
189 190
189 202
201 203
201 192
201 204
201 205
201 202
203 206
203 204
203 207
203 208
203 205
206 209
206 207
206 210
206 211
206 208
209 212
209 213
209 210
209 214
209 211
212 213
212 215
212 214
212 216
213 217
213 210
213 215
213 218
217 219
217 220
217 210
217 221
217 218
219 222
219 223
219 220
219 224
219 221
222 129
222 199
222 223
222 131
222 224
129 199
129 131
199 198
199 223
198 195
198 223
198 225
195 192
195 225
195 204
192 204
223 225
223 220
225 204
225 220
225 207
204 207
220 207
220 210
207 210
215 226
215 218
215 216
215 227
226 228
226 218
226 229
226 230
226 227
228 231
228 229
228 232
228 233
228 230
231 100
231 232
231 138
231 234
231 233
100 138
100 101
100 234
131 224
131 134
224 221
224 134
224 235
221 218
221 235
221 229
218 229
134 235
134 137
235 229
235 137
235 232
229 232
137 232
137 138
232 138
190 236
190 202
236 237
236 202
236 238
237 239
237 238
237 240
239 241
239 240
239 242
241 243
241 244
241 242
243 244
243 245
243 246
244 247
244 242
244 245
244 248
247 249
247 250
247 242
247 251
247 248
249 252
249 253
249 250
249 254
249 251
252 214
252 211
252 253
252 255
252 254
214 211
214 216
214 255
211 208
211 253
208 205
208 253
208 256
205 202
205 256
205 238
202 238
253 256
253 250
256 238
256 250
256 240
238 240
250 240
250 242
240 242
245 257
245 248
245 246
245 258
257 259
257 248
257 260
257 261
257 258
259 262
259 260
259 263
259 264
259 261
262 265
262 263
262 266
262 267
262 264
265 268
265 269
265 266
265 270
265 267
268 269
268 271
268 272
268 273
268 270
269 274
269 266
269 271
269 275
274 276
274 277
274 266
274 278
274 275
276 279
276 280
276 277
276 281
276 278
279 216
279 255
279 280
279 227
279 281
216 255
216 227
255 254
255 280
254 251
254 280
254 282
251 248
251 282
251 260
248 260
280 282
280 277
282 260
282 277
282 263
260 263
277 263
277 266
263 266
271 283
271 275
271 272
271 284
283 285
283 286
283 275
283 287
283 284
285 288
285 289
285 286
285 290
285 287
288 101
288 234
288 289
288 291
288 290
101 234
101 102
101 291
234 233
234 289
233 230
233 289
233 292
230 227
230 292
230 281
227 281
289 292
289 286
292 281
292 286
292 278
281 278
286 278
286 275
278 275
272 293
272 284
272 273
272 294
293 295
293 284
293 296
293 297
293 294
295 298
295 296
295 299
295 300
295 297
298 301
298 299
298 302
298 303
298 300
301 304
301 305
301 302
301 306
301 303
304 305
304 307
304 308
304 306
305 309
305 302
305 307
305 310
309 311
309 312
309 302
309 313
309 310
311 314
311 315
311 312
311 316
311 313
314 102
314 291
314 315
314 104
314 316
102 291
102 104
291 290
291 315
290 287
290 315
290 317
287 284
287 317
287 296
284 296
315 317
315 312
317 296
317 312
317 299
296 299
312 299
312 302
299 302
307 318
307 310
307 308
307 319
318 320
318 321
318 310
318 322
318 319
320 323
320 324
320 321
320 325
320 322
323 73
323 111
323 324
323 326
323 325
73 111
73 74
73 326
111 110
111 324
110 107
110 324
110 327
107 104
107 327
107 316
104 316
324 327
324 321
327 316
327 321
327 313
316 313
321 313
321 310
313 310
308 328
308 319
308 306
308 329
328 330
328 319
328 331
328 329
328 332
330 333
330 331
330 334
330 332
330 335
333 336
333 334
333 337
333 335
333 338
336 339
336 340
336 337
336 341
336 338
339 340
339 342
339 341
339 343
339 344
340 345
340 337
340 342
340 346
345 347
345 348
345 337
345 349
345 346
347 350
347 351
347 348
347 352
347 349
350 74
350 326
350 351
350 353
350 352
74 326
74 75
74 353
326 325
326 351
325 322
325 351
325 354
322 319
322 354
322 331
319 331
351 354
351 348
354 331
354 348
354 334
331 334
348 334
348 337
334 337
75 355
75 77
75 353
355 356
355 77
355 357
355 353
355 358
356 359
356 357
356 360
356 358
356 361
359 362
359 360
359 363
359 361
359 364
362 365
362 366
362 363
362 367
362 364
365 366
365 367
365 368
365 369
366 370
366 363
370 371
370 372
370 363
371 373
371 374
371 372
373 45
373 84
373 374
45 84
84 83
84 374
83 80
83 374
83 375
80 77
80 375
80 357
77 357
374 375
374 372
375 357
375 372
375 360
357 360
372 360
372 363
360 363
342 376
342 346
342 344
342 377
376 378
376 346
376 379
376 380
376 377
378 381
378 379
378 382
378 383
378 380
381 367
381 382
381 364
381 384
381 383
367 364
367 368
367 384
353 352
353 358
352 349
352 358
352 385
349 346
349 385
349 379
346 379
358 385
358 361
385 379
385 361
385 382
379 382
361 382
361 364
382 364
306 386
306 329
306 303
386 387
386 329
386 388
386 303
386 389
387 390
387 388
387 391
387 389
387 392
390 393
390 391
390 394
390 392
390 395
393 396
393 397
393 394
393 398
393 395
396 397
396 398
396 399
396 400
396 401
397 402
397 394
397 401
397 403
402 404
402 394
402 405
402 406
402 403
404 407
404 405
404 408
404 409
404 406
407 341
407 408
407 338
407 410
407 409
341 338
341 343
341 410
329 388
329 332
388 391
388 332
388 411
391 394
391 411
391 405
394 405
332 411
332 335
411 405
411 335
411 408
405 408
335 408
335 338
408 338
273 412
273 294
273 270
273 413
412 414
412 294
412 415
412 413
412 416
414 417
414 415
414 418
414 416
414 419
417 398
417 418
417 395
417 419
417 420
398 395
398 399
398 420
303 300
303 389
300 297
300 389
300 421
297 294
297 421
297 415
294 415
389 421
389 392
421 415
421 392
421 418
415 418
392 418
392 395
418 395
270 422
270 413
270 267
422 423
422 413
422 424
422 267
422 425
423 426
423 424
423 427
423 425
423 428
426 429
426 427
426 430
426 428
426 431
429 432
429 433
429 430
429 434
429 431
432 433
432 434
432 435
433 436
433 430
433 435
433 437
436 438
436 430
436 439
436 440
436 437
438 441
438 439
438 442
438 443
438 440
441 399
441 442
441 420
441 444
441 443
399 420
399 400
399 444
413 424
413 416
424 427
424 416
424 445
427 430
427 445
427 439
430 439
416 445
416 419
445 439
445 419
445 442
439 442
419 442
419 420
442 420
246 446
246 258
446 447
446 258
446 448
447 449
447 448
447 450
449 434
449 450
449 431
434 431
267 264
267 425
264 261
264 425
264 451
261 258
261 451
261 448
258 448
425 451
425 428
451 448
451 428
451 450
448 450
428 450
428 431
450 431
435 452
435 437
452 453
452 437
452 454
453 455
453 454
453 456
455 457
455 456
455 458
457 459
457 460
457 458
459 460
459 461
459 462
460 463
460 458
460 461
460 464
463 465
463 466
463 458
463 467
463 464
465 468
465 469
465 466
465 470
465 467
468 400
468 444
468 469
468 471
468 470
400 444
400 401
400 471
444 443
444 469
443 440
443 469
443 472
440 437
440 472
440 454
437 454
469 472
469 466
472 454
472 466
472 456
454 456
466 456
466 458
456 458
461 473
461 464
461 462
461 474
473 475
473 464
473 476
473 477
473 474
475 478
475 476
475 479
475 480
475 477
478 481
478 479
478 482
478 483
478 480
481 484
481 485
481 482
481 486
481 483
484 485
484 487
484 486
484 488
485 489
485 482
485 487
485 490
489 491
489 492
489 482
489 493
489 490
491 494
491 495
491 492
491 496
491 493
494 401
494 471
494 495
494 403
494 496
401 471
401 403
471 470
471 495
470 467
470 495
470 497
467 464
467 497
467 476
464 476
495 497
495 492
497 476
497 492
497 479
476 479
492 479
492 482
479 482
487 498
487 490
487 488
487 499
498 500
498 501
498 490
498 502
498 499
500 503
500 504
500 501
500 505
500 502
503 343
503 410
503 504
503 506
503 505
343 410
343 344
343 506
410 409
410 504
409 406
409 504
409 507
406 403
406 507
406 496
403 496
504 507
504 501
507 496
507 501
507 493
496 493
501 493
501 490
493 490
462 508
462 474
508 509
508 474
508 510
509 511
509 510
509 512
511 513
511 512
511 514
513 515
513 516
513 514
515 516
515 517
515 518
516 519
516 514
516 517
516 520
519 521
519 522
519 514
519 523
519 520
521 524
521 525
521 522
521 526
521 523
524 486
524 483
524 525
524 527
524 526
486 483
486 488
486 527
483 480
483 525
480 477
480 525
480 528
477 474
477 528
477 510
474 510
525 528
525 522
528 510
528 522
528 512
510 512
522 512
522 514
512 514
488 529
488 499
488 527
529 530
529 499
529 531
529 527
529 532
530 533
530 531
530 534
530 532
530 535
533 3
533 534
533 536
533 535
533 537
3 4
3 536
3 6
3 537
4 538
4 536
4 5
4 539
538 540
538 541
538 536
538 542
538 539
540 543
540 544
540 541
540 545
540 542
543 344
543 506
543 544
543 377
543 545
344 506
344 377
506 505
506 544
505 502
505 544
505 546
502 499
502 546
502 531
499 531
544 546
544 541
546 531
546 541
546 534
531 534
541 534
541 536
534 536
5 547
5 539
5 40
547 548
547 549
547 539
547 550
547 40
548 551
548 552
548 549
548 553
548 550
551 368
551 384
551 552
551 554
551 553
368 384
368 369
368 554
384 383
384 552
383 380
383 552
383 555
380 377
380 555
380 545
377 545
552 555
552 549
555 545
555 549
555 542
545 542
549 542
549 539
542 539
517 556
517 520
517 518
517 557
556 558
556 520
556 559
556 560
556 557
558 561
558 559
558 562
558 563
558 560
561 6
561 562
561 537
561 9
561 563
6 537
6 9
527 526
527 532
526 523
526 532
526 564
523 520
523 564
523 559
520 559
532 564
532 535
564 559
564 535
564 562
559 562
535 562
535 537
562 537
518 565
518 557
565 566
565 557
565 567
566 568
566 567
566 569
568 21
568 569
568 18
21 18
9 563
9 12
563 560
563 12
563 570
560 557
560 570
560 567
557 567
12 570
12 15
570 567
570 15
570 569
567 569
15 569
15 18
569 18
31 571
31 33
571 572
571 573
571 33
572 574
572 575
572 573
574 369
574 554
574 575
369 554
554 553
554 575
553 550
553 575
553 576
550 40
550 576
550 39
40 39
575 576
575 573
576 39
576 573
576 36
39 36
573 36
573 33
36 33
