200 981
0 1
2 3
2 4
2 5
2 1
6 1
7 1
7 8
7 9
7 10
7 11
7 3
7 12
7 13
14 15
14 16
14 17
18 3
19 20
19 21
19 22
19 23
19 24
19 25
19 1
19 26
19 27
19 28
19 29
19 30
19 31
19 32
19 33
19 34
19 35
19 10
19 36
19 8
19 37
19 38
19 39
19 40
19 41
19 42
19 43
19 44
19 45
19 3
19 46
19 13
47 48
47 49
47 50
47 51
47 13
52 53
52 19
52 54
52 55
52 56
52 57
52 12
25 48
25 8
25 58
25 3
25 59
60 61
60 62
60 59
51 42
1 25
1 51
1 62
1 3
1 9
1 26
1 63
1 29
1 31
1 64
1 34
1 35
1 65
1 66
1 45
1 67
1 68
1 69
1 4
1 16
1 70
1 71
1 8
1 72
1 73
1 74
1 75
1 76
1 27
1 58
1 77
1 78
1 38
1 54
1 79
1 80
1 13
1 81
1 82
1 83
1 47
1 28
1 84
1 85
1 86
1 11
1 50
1 37
1 87
1 88
1 89
1 43
1 90
62 13
62 59
91 20
91 92
91 1
91 83
91 93
91 94
95 96
95 97
95 81
98 1
98 99
98 47
98 100
98 101
98 16
102 1
102 66
102 99
102 98
102 52
102 8
102 45
102 3
102 101
102 100
9 61
103 104
105 96
105 97
105 95
105 81
106 19
106 107
106 48
63 39
49 108
29 48
29 8
29 3
109 110
111 104
111 94
31 112
31 48
31 3
113 114
113 115
113 3
113 107
113 116
113 117
113 118
64 119
64 13
120 13
120 121
120 30
120 61
120 94
120 59
34 32
34 3
34 59
34 78
35 3
122 13
122 28
123 3
36 48
36 18
36 124
36 8
36 56
36 3
36 13
65 71
65 68
65 56
65 88
65 16
65 76
125 126
125 1
125 7
125 19
125 127
125 56
125 51
125 62
125 58
125 85
125 30
125 59
125 78
125 32
125 34
125 48
125 39
125 70
125 104
125 128
125 80
125 3
125 57
125 129
125 13
130 9
130 96
130 107
130 79
131 51
131 61
66 132
66 99
66 116
133 1
133 35
133 19
133 58
133 30
133 13
45 99
45 108
45 8
45 3
134 77
134 135
134 69
134 41
134 136
129 1
129 104
129 85
129 60
129 62
129 59
67 13
137 1
137 89
137 39
137 55
137 52
137 57
137 59
126 32
126 71
126 63
126 56
126 51
138 110
138 5
138 1
68 96
68 83
68 51
139 19
139 52
139 23
139 25
139 60
139 51
139 62
139 95
139 102
139 9
139 26
139 106
139 49
139 29
139 35
139 36
139 125
139 66
139 45
139 24
139 126
139 56
139 74
139 140
139 16
139 114
139 112
139 141
139 12
139 142
139 143
139 144
139 145
139 48
139 39
139 70
139 104
139 146
139 147
139 148
139 149
139 150
139 151
139 152
139 40
139 153
139 3
139 154
139 1
139 22
139 91
139 155
139 127
139 107
139 4
139 76
139 88
139 118
139 156
139 58
139 30
139 5
139 38
139 61
139 132
139 157
139 44
139 94
139 13
139 158
139 55
139 83
139 47
139 28
139 98
139 100
139 32
139 10
139 8
139 159
139 101
139 160
139 89
139 93
139 46
124 112
124 87
124 161
124 31
69 5
69 110
69 50
56 107
56 25
56 92
56 9
56 83
56 58
56 156
56 32
56 5
56 48
56 8
56 45
56 13
162 65
163 69
140 70
140 92
140 49
140 12
16 17
16 3
114 115
114 1
114 27
114 19
114 52
114 4
114 74
114 97
114 102
114 84
114 112
114 164
114 58
114 109
114 78
114 32
114 10
114 48
114 165
114 8
114 104
114 128
114 125
114 118
114 79
114 44
114 3
114 57
166 1
166 22
166 167
166 168
166 26
166 119
166 106
166 36
166 148
166 136
166 45
166 13
166 3
166 47
166 30
166 75
169 43
169 3
141 3
141 83
141 58
141 1
145 18
145 21
145 110
145 170
145 122
145 28
145 23
145 77
145 1
145 118
12 96
12 49
12 51
142 8
142 58
142 80
142 85
142 61
143 19
143 58
143 1
144 3
171 96
171 108
165 13
117 1
117 118
117 100
117 172
117 173
39 48
70 85
70 59
104 5
104 39
104 172
104 43
104 51
146 14
146 17
174 112
174 127
174 124
174 175
174 87
174 160
174 31
150 148
150 19
150 1
151 56
152 1
152 15
152 83
152 54
152 55
152 57
152 163
40 3
40 1
176 114
176 102
176 1
176 139
176 66
176 99
176 45
176 100
176 107
176 101
176 118
41 13
71 80
8 155
8 24
8 48
8 149
177 126
177 154
177 1
177 22
177 7
177 139
177 155
177 19
177 127
177 55
177 23
177 107
177 25
177 60
177 51
177 33
177 142
177 114
177 102
177 28
177 160
177 47
177 84
177 29
177 59
177 32
177 48
177 35
177 122
177 36
177 8
177 128
177 149
177 125
177 61
177 86
177 118
177 90
177 44
177 10
177 45
177 3
177 24
177 159
178 155
178 47
72 32
72 85
73 178
73 104
73 24
3 83
3 92
3 48
3 8
3 149
3 132
26 48
26 3
159 18
159 19
159 104
159 30
159 170
159 13
154 1
154 48
154 8
154 58
154 29
154 85
154 3
154 160
154 129
21 126
21 18
21 104
22 1
22 48
22 30
22 8
22 58
22 29
22 25
22 51
22 3
167 31
119 50
119 3
127 1
127 7
127 19
127 87
127 107
127 56
127 61
127 47
127 58
127 85
127 30
127 31
127 32
127 11
127 160
127 179
127 80
127 3
127 13
148 7
107 25
107 51
107 9
107 26
107 58
107 29
107 31
107 48
107 11
107 8
107 104
107 87
107 79
107 3
180 27
181 1
181 139
181 155
181 108
181 50
181 72
75 13
75 39
76 155
76 16
92 108
101 66
182 104
182 1
182 130
161 112
27 64
27 58
27 183
27 13
156 49
156 39
156 58
156 104
184 3
184 85
184 177
58 29
58 64
58 48
58 39
58 104
58 121
58 3
77 5
59 39
78 39
78 59
185 86
185 120
185 103
185 39
185 94
185 59
33 61
30 1
30 7
30 56
30 51
30 75
30 48
30 112
30 169
30 27
30 47
30 164
30 58
30 32
30 64
30 122
30 165
30 36
30 8
30 37
30 39
30 160
30 41
30 66
30 44
30 121
30 3
30 13
128 5
128 8
128 48
128 36
128 52
128 58
128 56
128 3
38 39
38 3
38 78
61 5
61 50
61 42
61 3
183 121
183 42
157 114
157 102
157 1
157 155
157 65
157 15
157 88
157 76
54 112
44 84
44 1
44 89
44 8
44 107
44 56
44 3
80 186
80 3
80 61
80 31
53 132
53 116
53 73
57 61
94 112
13 48
13 112
13 164
13 8
187 104
187 83
187 85
20 92
20 96
20 8
20 49
20 121
20 3
20 183
81 96
81 97
168 1
99 108
158 1
158 16
158 14
158 146
158 17
158 188
55 126
55 32
55 86
55 48
55 59
55 15
55 3
189 124
189 51
189 12
189 190
17 13
170 1
170 7
170 191
170 26
170 19
170 54
170 39
170 42
170 58
170 3
170 73
170 30
170 118
170 66
170 13
192 104
192 1
193 114
193 117
193 100
193 107
193 139
194 83
194 5
194 21
96 92
96 97
96 108
96 70
96 49
96 183
195 117
195 83
195 47
28 48
28 77
28 58
28 85
28 56
28 51
28 8
115 132
115 53
115 116
115 118
84 47
100 99
100 8
100 101
85 82
85 80
85 31
4 79
4 3
4 51
116 109
32 48
32 42
32 58
32 80
32 85
32 3
86 5
86 110
86 61
15 5
15 1
15 16
15 83
15 57
15 46
15 76
10 64
10 48
10 8
10 107
10 3
153 1
37 13
37 39
196 138
196 68
196 22
196 7
196 139
196 19
196 127
196 56
196 162
196 188
196 76
196 114
196 102
196 160
196 26
196 47
196 28
196 58
196 29
196 85
196 30
196 31
196 143
196 144
196 192
196 35
196 48
196 72
196 87
196 125
196 161
196 157
196 89
196 3
196 13
87 112
87 48
87 161
87 31
188 1
188 15
188 14
188 146
188 17
188 16
88 20
88 108
88 70
88 49
160 1
160 13
160 48
160 28
160 3
160 80
160 107
160 85
160 56
160 12
160 31
197 20
197 91
197 19
197 121
197 46
197 181
135 110
135 5
135 83
118 5
118 48
118 53
118 109
118 198
89 119
89 47
89 8
89 3
199 80
199 85
199 47
93 88
93 1
93 83
93 19
93 156
93 178
93 36
93 49
93 152
93 128
93 3
93 108
93 58
93 118
175 112
175 127
175 87
175 160
175 31
46 20
46 135
46 9
46 50
46 104
46 161
