2927 9829
0 1
2 3
4 5
6 7
8 9
10 11
12 13
14 15
16 17
18 19
20 21
22 23
24 25
26 27
28 29
30 31
32 33
34 35
36 37
38 39
40 41
42 43
44 45
46 47
48 49
50 51
52 53
54 55
56 57
58 59
60 61
62 63
64 65
66 67
68 69
70 71
72 73
74 75
76 77
78 79
18 80
81 82
83 84
85 5
86 87
88 89
90 91
92 93
94 95
96 97
98 99
100 47
101 102
103 104
105 67
106 107
108 109
110 111
112 113
114 115
116 117
118 55
119 120
121 122
123 124
125 126
127 15
128 129
130 131
132 126
133 134
135 136
137 129
138 61
139 140
141 142
143 144
145 146
147 148
149 150
151 152
153 154
155 154
156 157
158 159
46 160
161 162
163 164
165 166
167 168
169 170
171 172
173 174
175 176
38 115
177 178
147 179
180 181
24 182
183 184
185 186
187 188
189 45
190 191
192 193
123 172
194 195
196 197
198 199
200 201
202 203
204 41
205 109
206 207
94 172
208 209
210 211
212 213
214 215
216 217
218 219
220 61
221 222
223 224
225 226
227 228
229 230
231 232
233 234
235 236
237 53
238 239
240 241
242 243
244 245
246 11
247 219
248 249
250 251
252 253
254 255
256 257
196 245
204 53
258 259
260 261
262 263
127 209
264 265
266 217
267 268
269 222
247 270
271 272
273 154
274 275
276 259
204 17
277 278
279 93
280 281
247 122
282 102
283 284
285 59
286 164
287 217
86 288
289 290
291 292
173 120
163 67
293 294
295 296
208 297
298 299
127 31
300 268
258 301
302 303
34 51
304 305
295 306
307 308
309 310
311 43
312 313
127 232
314 315
316 172
121 45
317 290
318 209
319 320
321 322
323 324
325 326
327 328
329 97
330 331
332 234
333 228
46 15
334 335
336 337
141 95
338 71
339 340
341 342
101 65
336 290
343 344
345 346
347 348
212 49
349 350
351 201
54 352
327 353
354 355
356 357
358 11
359 360
361 362
363 364
285 170
103 365
366 160
367 368
24 369
370 294
371 29
372 373
374 375
354 270
171 376
377 378
379 380
381 382
20 383
173 109
384 385
386 104
317 97
183 387
388 389
390 391
392 120
393 394
24 53
395 396
225 397
398 331
258 373
399 166
400 401
402 403
354 322
404 405
406 340
361 407
250 53
408 294
409 19
410 375
411 412
413 414
185 104
415 416
225 107
185 368
417 418
419 420
421 422
423 424
425 426
427 428
183 429
430 176
431 432
20 268
165 245
187 433
434 435
436 437
438 27
439 21
440 13
441 442
443 222
444 281
445 193
446 328
447 296
448 362
449 418
450 340
220 207
451 452
321 117
280 37
318 263
317 168
453 115
54 251
454 432
455 456
457 458
459 63
221 460
338 166
461 462
463 464
465 466
106 284
98 241
467 222
468 469
470 471
472 473
311 239
474 268
475 476
477 478
479 422
480 146
481 310
185 27
482 315
205 230
404 442
483 484
485 69
486 487
488 473
489 373
490 491
492 104
493 494
98 495
496 497
498 272
121 499
500 501
502 401
118 458
173 503
504 505
506 301
507 508
302 222
509 510
511 512
461 466
513 514
515 516
517 518
52 519
520 521
356 306
522 523
474 524
525 473
526 257
527 209
528 15
529 313
472 17
530 437
81 253
531 270
532 75
533 534
535 536
0 305
537 538
173 93
539 540
434 217
298 224
541 368
46 217
118 278
542 543
544 178
545 350
546 547
548 69
165 326
549 84
550 357
551 552
553 554
106 555
556 557
558 516
559 122
560 197
561 360
321 166
562 563
564 565
566 9
567 310
568 1
569 236
10 570
571 572
573 574
575 462
121 576
577 310
34 199
578 148
579 203
130 91
580 581
530 547
582 583
123 584
22 213
183 75
118 251
585 281
586 65
587 588
381 589
590 420
591 516
592 593
594 91
408 364
595 348
596 534
597 501
598 350
599 17
600 499
601 602
603 435
604 45
605 51
606 99
607 179
608 97
106 80
609 524
610 611
81 95
612 199
287 405
86 284
522 613
539 219
395 176
614 195
615 616
438 554
529 617
618 73
619 620
621 476
622 623
624 35
106 209
309 397
625 428
626 259
434 207
627 405
298 201
158 623
628 368
280 581
629 272
630 583
527 552
143 433
482 426
631 362
632 15
633 462
173 243
634 518
370 337
595 635
636 396
637 224
363 420
638 265
639 310
443 37
42 191
640 292
200 104
641 642
273 297
404 407
631 581
361 643
644 645
103 179
646 524
647 188
648 104
649 69
121 484
650 7
651 432
652 456
522 554
653 654
655 67
410 355
656 657
658 659
539 588
660 82
338 305
661 662
569 663
664 326
392 581
665 462
470 666
406 7
667 387
459 668
244 510
567 243
669 670
671 672
673 45
674 310
641 41
675 676
677 49
139 678
42 432
679 680
277 365
681 203
682 643
683 201
684 670
685 294
686 687
205 41
366 462
316 84
392 197
688 253
98 473
271 275
689 460
123 259
690 691
692 693
694 499
695 543
696 281
550 315
163 328
697 157
698 699
700 168
696 701
702 77
354 703
704 164
94 460
705 157
706 346
187 136
393 518
123 707
586 703
633 708
709 435
674 164
710 284
711 150
712 494
381 93
713 552
338 113
714 166
205 259
715 716
515 131
717 348
718 460
719 21
42 720
721 680
247 497
722 723
187 75
530 724
604 77
725 305
674 512
317 215
256 726
727 209
614 43
78 224
336 728
729 232
319 730
731 129
732 733
431 292
734 617
735 736
737 738
393 1
739 701
740 195
741 396
742 743
744 691
677 270
147 228
745 255
746 313
747 224
287 335
748 219
749 120
631 750
697 268
751 259
358 418
264 294
752 753
258 199
461 754
688 514
755 756
757 344
758 59
759 756
760 364
761 369
614 512
579 762
42 458
763 514
121 232
575 764
677 464
765 184
704 360
766 767
285 245
745 442
768 505
769 148
127 401
302 378
173 770
216 397
539 270
18 84
771 324
772 642
773 322
774 555
775 611
776 611
295 11
777 583
778 365
567 753
779 623
780 79
781 693
782 270
408 296
392 743
783 478
784 122
785 15
786 265
787 512
406 460
788 313
789 222
790 473
791 99
792 178
793 1
204 770
325 538
794 49
795 611
408 613
796 538
797 368
798 799
800 154
801 676
105 802
803 804
805 129
677 806
363 588
807 152
808 809
490 382
810 131
811 505
482 201
812 813
814 593
815 47
816 728
817 352
677 203
550 261
601 324
818 616
72 142
673 584
819 820
821 723
101 93
822 1
823 31
606 824
825 310
633 826
395 326
827 466
250 217
828 501
829 394
830 162
381 831
200 27
250 215
832 251
349 172
833 708
431 389
834 322
370 613
339 41
835 146
836 157
406 837
838 207
839 162
62 146
419 253
840 426
841 21
842 422
843 131
844 394
845 241
46 516
846 524
847 55
395 460
474 261
72 471
338 15
848 176
849 699
850 313
103 313
366 292
851 217
852 191
853 820
559 297
854 426
855 736
467 315
856 25
413 857
695 63
858 859
860 716
861 862
863 278
864 376
171 401
123 389
839 693
658 865
4 424
866 69
661 209
867 857
649 174
868 494
595 305
715 95
869 837
338 672
347 380
870 865
871 61
488 170
872 401
873 672
515 122
874 364
679 201
434 875
453 433
876 877
78 663
216 261
98 733
163 730
62 245
878 738
271 77
419 743
841 236
879 255
880 881
468 687
847 414
447 837
515 209
882 883
165 572
884 806
696 335
805 21
706 762
614 499
885 109
886 813
887 859
705 888
567 301
889 403
890 201
123 730
891 892
893 581
894 494
679 170
895 99
789 433
896 39
447 897
898 396
899 179
361 452
78 344
900 720
901 201
582 207
902 701
311 97
20 756
465 346
513 487
903 122
904 383
905 422
906 144
907 213
908 33
725 565
586 117
909 117
629 497
449 510
910 401
911 471
912 913
914 565
688 875
915 99
582 315
916 476
917 401
841 491
918 396
98 297
919 663
745 99
920 707
921 762
922 923
311 726
449 416
366 512
517 497
924 365
247 346
363 925
926 303
688 753
927 484
513 365
928 71
929 305
930 33
287 31
459 875
931 29
38 469
395 837
434 429
282 278
932 572
933 148
934 881
935 191
936 9
937 232
938 416
474 193
393 547
395 676
939 15
940 662
674 71
795 152
472 623
941 501
942 943
944 913
945 228
946 55
400 947
948 476
949 346
715 572
950 281
951 39
321 620
952 588
539 77
953 691
954 955
133 593
216 616
434 373
216 956
16 140
517 368
803 115
490 122
200 299
957 563
958 826
695 61
959 570
321 770
960 572
961 157
502 813
515 288
962 19
585 806
474 442
151 572
475 297
963 576
467 424
931 964
130 620
725 122
349 965
966 181
10 373
147 967
968 360
339 668
969 115
970 243
971 344
972 973
974 925
975 412
327 654
317 320
559 662
575 389
105 806
976 184
977 33
539 104
816 762
908 201
978 191
979 111
725 980
981 824
338 272
205 253
895 657
982 272
983 253
321 429
984 985
986 565
987 570
885 146
705 65
988 3
811 471
298 394
641 973
989 524
309 27
841 990
204 33
991 217
992 201
993 437
850 75
994 666
995 281
139 255
783 996
273 87
101 184
997 523
998 670
999 357
258 420
527 174
1000 324
72 862
1001 510
1002 1003
1004 662
610 512
785 623
614 663
1005 831
1006 414
0 348
647 442
165 199
760 1007
1008 897
302 1
1009 245
1010 348
363 104
1011 414
1012 724
1013 738
311 117
1014 126
1015 111
105 176
434 157
24 469
1016 113
42 239
1017 268
271 433
470 799
247 645
361 521
393 965
785 865
345 49
1018 720
417 299
1019 980
1020 33
1021 557
298 442
1022 331
706 1023
447 57
42 263
629 464
1024 469
1025 261
1026 65
688 45
1027 186
769 178
1028 45
1029 416
1030 331
846 186
103 743
1031 723
173 195
679 191
1032 799
309 442
1033 63
795 478
1034 657
1035 160
1036 140
1037 403
465 1007
1033 382
1038 342
805 23
325 236
52 1039
550 124
1040 102
86 136
688 164
0 268
882 570
1041 422
1042 420
805 487
695 691
482 61
1043 166
1044 219
1045 1046
751 657
585 728
72 456
1047 219
1048 659
1049 320
86 59
1050 519
759 93
118 97
225 508
1018 1007
1051 659
1052 186
1053 348
677 157
816 672
20 1054
1055 538
1056 804
1057 211
208 1054
647 89
1058 272
647 965
1059 73
1060 501
54 623
977 51
677 113
1061 666
1062 320
105 146
1063 471
1064 170
319 1065
1066 376
816 1067
1068 540
1069 87
333 469
1070 1071
1072 442
393 27
706 65
1026 589
774 730
256 107
1073 762
1074 437
1075 136
1076 602
885 25
468 881
465 1023
165 617
759 510
1077 414
1078 385
1079 41
1080 380
139 142
229 510
300 642
1081 207
1082 93
1083 809
1084 166
825 555
1085 193
1086 355
133 255
256 478
250 543
1087 31
325 219
1088 429
1089 437
317 353
260 152
1090 955
1091 1007
1092 770
486 464
958 678
845 736
121 980
345 11
839 494
1093 799
34 743
247 495
517 322
250 353
1094 164
502 239
1095 503
354 146
1096 222
1097 837
22 543
1098 107
1099 754
216 303
1100 645
696 193
1101 733
1102 362
1103 172
1104 1105
937 881
52 265
921 168
158 1106
208 193
4 255
1107 23
1108 157
1096 1109
1110 134
183 753
517 422
1111 9
1112 643
1113 166
260 407
1090 510
1033 635
118 670
1114 265
864 826
908 57
419 290
24 373
798 209
264 89
1115 804
312 693
1010 662
327 29
1116 61
298 672
688 495
1117 466
1118 11
1119 462
298 1106
1120 297
677 716
595 59
336 831
1121 701
171 412
1034 738
1122 294
1123 728
312 875
1033 29
1124 965
1125 193
1057 397
409 806
1126 466
1127 97
1128 750
971 360
343 654
1129 281
1130 385
436 466
105 362
1131 508
579 380
1132 13
1133 184
1134 965
706 432
1135 239
327 523
312 179
10 964
101 95
1136 424
271 691
1137 570
177 144
395 7
1008 1105
1138 497
1139 754
143 385
606 519
312 340
1140 115
774 369
1141 102
18 292
1142 281
1143 487
165 703
1144 437
1145 21
729 303
502 331
647 131
1146 13
10 437
1147 563
1148 21
1149 724
1150 172
1151 588
747 589
392 294
1152 91
1153 617
1154 19
1155 3
1156 557
1157 195
530 680
1101 226
530 111
741 1105
1158 670
641 186
1159 875
280 284
46 142
655 77
143 378
816 111
1160 764
1161 837
760 182
187 249
106 357
98 491
393 188
1162 261
285 426
1163 726
325 576
312 925
562 534
1164 265
515 563
1165 124
101 642
285 25
139 397
1166 113
839 51
1167 831
1086 178
1168 426
1111 164
1169 508
1085 738
1170 487
1171 672
1033 973
845 55
1172 376
1173 956
1174 297
785 364
595 87
20 292
582 93
285 265
490 362
468 71
885 1175
1176 104
1177 967
0 1065
1178 306
475 1106
1179 1023
1180 301
1181 193
586 353
78 554
641 923
1182 310
679 1105
0 925
816 331
277 407
579 589
472 249
1052 672
1183 181
101 973
287 743
1184 179
1185 643
459 426
1186 593
1187 512
461 188
52 115
741 723
1188 27
1189 865
1190 691
339 576
312 369
1191 209
343 1003
614 518
85 140
1192 57
696 965
1193 219
714 219
470 47
1008 322
280 659
1194 720
459 1065
1195 43
1196 497
715 881
1197 516
1198 420
1199 172
641 75
1200 617
233 350
24 668
1201 306
244 265
127 37
295 716
106 188
1202 134
1203 75
1204 584
1205 555
256 518
1206 913
1207 340
0 666
1208 831
22 967
38 23
1209 416
271 49
1210 77
1211 497
1212 142
121 249
449 491
482 168
317 881
1213 49
20 136
1214 281
631 967
774 129
1215 129
1216 288
264 203
1217 322
192 222
1218 331
1219 21
98 505
312 23
1220 985
1221 284
1222 355
1223 1023
1224 859
1174 268
1167 565
818 824
210 416
395 693
1225 5
805 199
404 616
130 176
1226 184
1227 320
759 1003
309 261
1228 17
1229 376
1230 102
1231 87
42 536
10 82
459 435
517 462
1232 678
309 611
575 990
260 290
1233 643
298 738
94 168
1234 473
1235 224
271 357
1236 278
1237 1039
567 93
1238 437
1239 996
1240 368
1052 324
327 557
212 996
204 207
347 154
1241 554
271 723
924 716
579 724
1020 1242
273 19
839 510
94 234
679 668
975 344
38 352
1243 195
1244 215
1245 804
1246 255
204 117
656 536
1247 89
1248 301
1249 897
1101 142
885 41
185 877
1250 666
812 331
271 738
1079 164
1251 1109
582 1003
706 211
641 199
158 369
1252 146
1253 967
1254 405
1013 422
1255 693
1256 973
885 973
1153 955
1257 232
629 376
1233 753
1258 676
1259 255
1260 925
1261 678
1262 420
445 320
1263 294
94 1175
1264 460
1265 299
1266 245
361 61
1267 521
1268 146
1269 460
1270 109
1271 877
121 497
363 875
908 883
1272 201
1188 129
866 124
72 232
1273 337
381 643
812 342
1274 87
517 255
1275 380
1276 743
727 730
604 523
1277 59
431 394
1278 29
1279 403
398 965
1101 281
864 95
595 416
924 228
684 142
372 168
361 494
1280 623
974 19
1281 80
513 583
0 181
1141 154
606 303
1282 707
606 272
1283 129
1284 1109
1285 197
147 71
567 385
1286 428
271 290
1287 301
1288 442
311 521
1289 95
1290 207
1291 11
395 236
1292 389
1293 251
339 320
468 1242
1294 178
1052 820
470 1054
1295 1071
1296 518
647 1297
1298 203
1299 405
345 602
1300 967
419 168
123 424
812 555
1301 95
1302 140
264 23
1303 107
1304 473
1305 303
843 97
695 892
410 862
1306 272
461 699
1307 428
431 764
1308 1039
1309 355
704 593
822 197
968 469
1310 71
158 540
138 623
1311 15
1008 191
1312 288
816 824
601 387
205 883
325 581
1313 364
1103 499
705 955
1098 584
604 159
298 583
325 53
715 720
404 947
633 1314
633 955
1315 466
1209 857
1316 394
1317 1175
406 990
1318 881
1319 159
774 259
539 514
548 340
1320 432
1321 680
1322 369
1323 663
1324 809
1325 397
550 33
1326 1327
1328 9
1329 555
1330 508
847 369
1331 708
1332 222
1333 466
629 226
1334 65
311 420
545 397
225 73
106 102
447 964
0 536
1335 724
869 487
1336 508
1337 519
1032 394
1338 663
244 365
1001 75
539 925
606 471
1339 730
808 281
1340 505
208 925
1341 1106
1342 107
1343 581
94 290
1344 160
1052 754
747 263
118 428
774 179
455 342
1345 738
465 77
286 144
1008 355
725 462
361 589
1346 61
1051 726
453 701
812 804
604 263
1347 164
597 407
959 1023
1348 126
467 501
1349 426
1226 680
845 301
229 268
101 947
1350 754
1193 164
517 396
1351 510
212 680
1352 547
795 191
177 616
1353 272
1354 65
256 1071
1355 249
22 82
695 3
1356 99
1357 699
1358 1297
1359 495
1360 181
1361 516
370 754
1362 217
62 199
1363 462
212 80
1364 275
338 572
1184 364
1365 429
165 207
587 91
829 263
1366 209
1367 57
539 357
1368 375
173 57
1369 217
1370 394
1371 25
1193 424
78 162
705 257
1372 524
774 342
1373 668
434 35
1374 275
1375 802
841 435
1376 278
902 305
1377 211
489 184
695 973
130 69
339 35
447 176
468 494
366 947
1378 270
408 340
139 313
688 297
1379 230
185 241
1380 15
370 557
1381 391
1382 281
1383 360
706 555
1101 275
465 131
1384 620
1385 357
1386 385
585 355
704 375
381 1242
1387 39
1388 57
20 666
1389 519
1027 387
1390 107
575 232
490 288
404 857
339 657
688 288
406 670
1391 837
185 19
1392 80
899 708
1393 77
869 239
465 357
177 708
1394 865
260 701
1182 538
1395 1327
480 340
1396 1003
1397 268
1398 576
741 11
366 375
123 97
1399 232
704 373
1388 996
1127 57
273 284
1400 693
256 458
312 570
1030 806
171 730
908 837
309 292
4 308
1401 820
1402 124
1139 964
475 557
1085 584
42 726
256 676
250 322
1403 95
1404 71
260 859
361 31
475 420
419 401
300 613
1405 888
1406 59
1407 136
595 877
1008 176
231 1046
879 1007
515 497
1408 308
1062 672
1409 77
339 234
453 1054
805 699
1410 552
1411 736
630 589
1298 452
38 19
277 178
1412 253
1413 348
647 433
381 572
879 583
1414 642
1415 315
1182 881
1416 230
641 19
1417 352
1418 315
210 1
1419 1071
18 308
1420 251
18 478
1421 209
882 1109
1422 350
957 726
187 23
882 55
123 510
1423 241
1424 707
1425 107
1426 49
845 365
1427 136
133 947
1428 191
54 385
212 583
1429 728
1430 583
879 224
459 925
1008 378
1431 140
171 382
138 753
183 306
1432 326
1433 552
366 65
1434 501
696 11
205 120
38 59
1435 365
406 201
1114 232
309 401
98 257
1436 181
539 142
513 501
833 211
1437 1314
165 724
1084 335
447 55
1438 261
101 157
1439 342
679 659
1056 328
247 505
212 473
22 35
119 1105
287 804
1366 623
1033 352
606 1
208 495
1049 222
816 897
1440 503
106 716
1441 925
1216 91
1442 5
325 494
1443 272
225 261
629 396
216 37
1212 432
1444 403
562 320
1445 270
522 1314
1446 733
606 750
336 508
715 148
758 344
1064 150
216 555
847 576
1447 360
1448 678
1449 115
1450 736
841 33
1451 750
1452 635
1453 943
1430 65
321 973
1454 623
1455 804
695 547
1456 369
696 270
1457 967
312 678
173 217
811 299
647 552
1458 859
200 1003
349 13
1111 342
449 581
522 297
1459 663
392 97
1460 750
1461 973
1230 299
467 756
1138 25
1462 306
461 211
550 471
1463 672
885 13
745 49
1464 73
839 95
1465 570
1009 435
52 7
302 215
1193 662
506 824
1466 642
1467 956
4 19
1468 563
1182 1327
163 239
1469 113
143 720
1470 476
1040 162
907 241
1471 122
105 195
1472 19
1473 543
527 222
366 99
1474 824
1475 236
1476 826
273 516
42 859
354 433
1477 418
1478 620
1479 723
1480 352
614 378
606 557
1481 484
1482 1109
1483 442
1484 272
1485 41
586 326
439 617
280 255
1486 1007
1487 199
1488 310
349 964
205 25
1489 47
647 687
679 708
438 342
741 865
1490 387
1491 716
1048 563
661 288
482 150
1492 557
1028 519
1493 862
854 462
343 514
1494 536
187 170
1421 733
1008 13
363 352
434 1327
1495 152
1113 310
1496 691
1497 217
138 1109
472 476
1498 572
434 426
472 168
449 344
797 429
818 124
1499 820
1500 224
1222 115
539 416
1501 346
123 352
1502 7
1503 701
1504 99
1505 234
1506 176
869 391
1507 152
1508 134
1509 263
345 193
774 521
835 159
347 583
1510 380
447 331
434 360
103 913
695 831
46 764
805 207
482 294
171 813
1161 80
158 126
567 913
1511 335
622 234
1512 49
1513 514
1514 543
1515 63
381 503
562 943
1516 540
327 59
1517 1046
349 199
1518 160
845 491
1519 326
1520 328
453 662
848 956
18 666
631 557
924 1175
1521 31
1522 802
1523 203
1524 364
674 365
1525 27
1526 503
1033 140
1527 703
395 93
887 115
1528 464
345 552
1529 691
233 162
1530 150
741 174
1531 540
586 57
811 160
502 802
604 241
522 588
1532 743
4 186
1533 383
468 43
1534 892
271 215
1284 645
1520 326
520 249
431 241
1535 574
847 743
273 764
1536 576
674 296
461 616
1537 1109
841 809
1538 278
1539 736
1540 261
1541 897
1542 973
1543 1106
679 1039
1544 964
1545 512
103 491
1546 837
434 1109
504 753
354 432
1547 5
1548 418
183 348
729 403
1549 510
1550 182
1551 820
1552 91
1553 224
745 211
173 687
517 77
559 230
1132 514
438 897
1554 272
1555 228
1556 662
938 47
1557 635
1558 195
319 707
1559 389
447 251
869 723
247 701
1560 753
130 310
227 623
24 170
704 230
696 754
475 25
258 865
1561 657
38 350
527 676
1562 159
1563 275
601 203
287 364
1008 113
24 140
1564 497
105 65
1092 326
1565 134
280 699
759 654
629 516
924 226
885 82
741 31
847 186
1566 213
1567 385
882 51
606 1003
582 136
661 219
500 519
1568 806
204 344
559 265
745 806
805 245
264 394
468 589
321 469
250 355
1569 497
582 643
1570 478
575 943
696 178
1571 226
502 278
18 645
679 422
285 33
363 743
1572 538
1573 643
1189 613
1574 611
205 251
1575 831
1576 378
502 378
629 831
1577 881
517 572
0 750
1578 383
674 985
343 281
123 659
1579 378
1182 25
490 414
1406 360
163 456
661 473
309 602
431 554
121 707
1580 680
1581 756
1068 290
1063 337
287 230
1582 284
1583 552
1584 491
816 499
567 306
325 469
1585 172
42 391
1586 350
271 881
1587 67
83 420
1588 261
1589 1175
1114 150
1590 1054
1591 508
127 824
1592 80
78 602
517 357
229 473
1593 188
725 510
1594 353
1595 303
1596 224
1597 1297
695 326
1598 428
1599 178
1029 3
1600 226
715 687
431 516
893 806
1601 723
530 99
1602 82
393 91
585 9
1603 572
696 611
760 51
968 182
1604 1106
661 203
285 362
641 659
1605 588
579 47
1606 965
354 224
871 305
1607 593
704 7
636 217
244 418
1608 857
133 394
370 862
1064 738
408 109
559 179
778 543
1609 57
1610 394
1611 767
404 310
78 308
449 337
258 57
105 691
247 536
1612 471
1613 376
300 967
1362 965
661 518
1614 43
1085 257
1052 588
1615 426
1265 11
604 824
1616 491
586 642
210 762
582 154
695 352
138 91
138 770
260 396
910 43
250 534
1182 31
1617 102
467 552
101 31
72 593
1618 708
1615 257
1619 703
118 385
1620 1003
1008 965
264 523
1142 1105
200 654
1621 547
1286 514
937 292
317 964
1492 176
614 412
343 383
1076 1
138 743
1622 129
321 195
1623 391
1282 91
327 219
760 540
585 555
24 213
1624 27
550 659
343 576
1625 892
1626 284
741 1297
631 387
1627 43
715 207
632 75
747 859
696 1067
1332 199
229 460
567 55
475 753
1628 659
1629 21
1630 738
631 5
200 5
72 322
732 1327
585 691
298 484
133 360
1631 1071
34 473
1632 990
300 1046
1633 382
1550 144
434 572
177 1071
319 259
502 243
1634 373
1589 826
1101 503
795 142
1635 87
774 178
1636 344
349 102
177 857
319 324
187 552
271 478
20 255
459 268
273 59
302 278
273 203
1637 510
885 178
225 767
1638 707
454 967
805 877
1639 620
1640 320
1641 150
363 416
205 241
631 313
719 990
1193 565
81 693
98 767
827 414
1609 131
1642 495
151 897
861 228
204 565
1643 554
325 115
123 524
18 540
229 129
298 87
930 424
908 943
1497 71
759 452
1111 120
1644 172
1645 996
1646 554
349 1046
453 380
1647 435
760 583
1078 59
1648 654
729 1105
1649 862
94 47
1056 593
370 340
719 197
183 837
447 460
847 29
54 723
285 613
336 166
34 104
1650 616
1651 397
1652 391
606 59
759 39
1653 387
1235 369
1654 458
968 452
349 107
1655 27
679 299
1656 473
641 184
633 84
1056 239
212 159
882 129
1534 589
811 201
1657 188
1114 883
747 471
715 420
1658 209
302 892
216 888
1659 588
72 80
392 181
595 1007
183 730
287 809
1660 55
127 160
1661 642
1662 965
449 303
549 89
1663 499
1052 416
1664 337
858 288
1665 324
1666 365
1667 337
1668 249
839 519
729 73
1669 396
719 234
606 662
1670 456
1671 152
78 263
1672 666
138 723
38 570
327 519
818 257
1111 226
1673 67
354 275
138 826
1052 315
1674 570
151 306
381 437
1675 29
311 197
52 199
1676 460
366 191
1677 676
812 401
1201 7
349 362
1678 1
885 857
1679 1071
86 584
1101 754
52 875
1680 602
1681 91
1682 473
1475 364
1683 82
1064 557
1101 881
1236 249
467 209
1111 806
465 442
1684 120
1685 378
1686 181
225 281
1687 172
845 584
1688 328
1689 943
847 883
1690 420
1691 150
692 429
214 1007
1375 693
604 996
1085 1297
1692 401
908 523
338 178
760 150
171 331
1693 813
185 303
1694 659
459 373
1428 305
187 160
475 136
1695 494
1696 519
1588 328
1114 552
4 701
1697 97
165 120
1698 888
924 352
229 642
1699 767
349 342
406 1046
1700 236
200 554
908 460
1701 620
1702 1003
1703 534
137 462
1704 518
1705 503
273 383
759 320
404 1
338 215
1706 865
1707 315
595 5
1708 703
719 657
1228 1065
361 331
1554 182
1031 1039
321 355
845 753
1709 111
1237 654
598 179
1710 224
338 471
147 290
1711 27
271 726
1324 67
664 261
1712 877
300 387
354 1242
147 1109
631 7
885 230
1713 416
1714 693
465 17
309 290
1715 412
1354 892
562 365
1716 750
319 164
1717 324
1718 259
595 799
715 55
1719 353
271 111
805 990
189 728
133 499
745 37
1720 308
453 862
474 292
225 113
745 69
258 102
1721 104
851 331
1722 433
1723 955
459 213
869 620
72 552
1724 35
896 701
747 11
438 79
319 538
1725 514
1726 369
127 547
527 865
1392 602
1727 947
869 875
1728 1242
1729 159
105 301
311 1327
1730 1175
10 547
1731 1109
133 723
1732 802
582 296
1733 27
818 516
1734 17
1735 263
200 79
604 33
1275 357
1097 197
10 503
759 159
1736 396
1737 275
1738 412
1008 726
1148 668
343 663
1017 33
1739 516
788 87
1740 964
1741 350
1547 294
1742 126
1743 63
1744 373
22 1003
1193 5
1745 965
1248 142
419 813
968 29
515 668
1746 495
472 487
502 335
1747 973
1381 412
363 382
54 452
177 865
1008 708
1748 360
562 540
1749 23
1750 563
1751 799
641 1065
1752 602
54 693
1753 170
1754 188
347 499
46 146
1755 980
1066 299
864 382
800 736
1756 117
194 313
118 1109
706 385
72 385
1757 13
1758 211
661 414
1759 426
1318 512
1532 452
1455 1106
1760 670
1761 104
1762 429
1606 19
1000 756
309 322
1763 521
1435 996
1764 476
250 574
1765 251
338 31
840 574
741 892
285 17
210 222
1766 762
1634 680
882 750
604 181
948 414
1767 257
614 804
256 663
468 172
1768 403
1769 859
1770 471
1771 278
882 659
908 17
1772 420
1773 375
381 429
604 357
729 859
319 59
661 89
1774 726
158 364
1193 534
1775 799
233 59
1776 142
1659 355
225 754
1182 63
1777 955
1559 576
345 572
62 396
579 396
1778 802
695 859
1779 432
1338 211
1780 306
277 9
1781 25
147 57
48 967
273 89
177 720
774 693
238 15
706 292
785 253
1782 495
212 104
725 877
618 478
869 350
408 635
1131 955
1706 547
1783 394
1784 491
481 877
271 397
133 91
1785 79
1786 301
1360 3
1374 1
1182 129
1787 380
937 497
1277 540
158 122
1788 897
805 326
818 663
1336 617
909 672
550 1106
1789 543
1790 126
1791 662
1792 232
760 523
482 588
187 540
392 565
533 67
4 476
530 357
1793 523
527 278
729 263
530 203
1794 73
1795 368
76 643
260 512
277 809
130 672
1796 253
1797 593
1798 346
1799 1003
138 412
138 9
1573 369
62 508
1786 308
1800 29
1801 322
1802 195
393 13
1803 602
1804 65
123 923
1805 397
513 925
586 521
650 1314
309 65
20 996
1806 536
1807 1106
1808 1105
247 1023
448 657
151 71
1664 426
763 691
1083 753
1214 224
1809 13
1085 980
147 278
434 172
1739 117
1810 756
1811 1105
1812 201
361 184
653 3
845 883
1813 487
158 253
447 39
339 297
1814 251
502 146
404 703
431 346
1815 199
363 17
419 157
349 809
1816 234
1310 925
1817 1314
715 538
1353 767
567 1067
745 521
968 897
408 75
490 353
1818 391
430 611
121 150
1819 494
1820 199
392 117
1821 335
1822 35
1451 249
1514 79
1638 148
453 581
165 236
1764 1039
86 80
103 813
1823 124
438 428
1824 1054
864 174
937 433
705 166
882 588
745 762
431 1007
1825 195
302 437
392 350
434 67
300 340
1826 331
449 645
1166 255
1827 387
309 422
647 724
1828 416
1829 762
256 552
1830 733
204 510
1241 207
472 964
149 348
271 687
1182 534
631 228
54 642
187 181
629 69
879 736
410 383
1085 303
1608 3
1831 270
1033 326
461 270
158 678
130 217
1832 51
1833 272
366 733
81 589
482 837
349 716
674 69
173 407
1834 616
295 97
1835 1175
1836 320
212 707
704 955
1352 877
1837 365
300 389
1838 284
1052 73
924 574
1839 476
415 723
1840 164
1253 188
1841 973
295 228
216 142
1842 228
1843 178
1163 310
1256 257
1182 724
1844 346
123 7
105 642
361 1242
1845 503
968 378
431 476
312 129
319 296
264 348
1846 1109
138 152
1246 352
1847 499
177 645
818 5
1848 767
1849 77
1850 407
1851 534
277 964
661 49
158 57
1852 186
1853 460
1854 324
395 437
338 1071
715 947
1855 131
1856 257
467 432
1575 557
513 837
1857 176
1858 91
900 215
216 378
1859 620
1860 75
1861 602
567 426
370 499
187 424
250 456
0 557
1537 433
208 142
465 186
1862 687
1582 160
96 368
774 956
151 166
165 512
103 82
229 219
1863 383
677 724
1864 77
1865 179
1866 576
311 109
1867 124
1868 668
864 350
1869 326
1870 75
1213 25
1085 678
1871 107
1872 140
1457 824
467 464
302 733
1873 113
1036 294
1874 563
633 47
629 131
1875 364
1876 157
1877 191
914 126
1878 228
336 965
1879 857
20 519
1370 730
1101 663
1880 460
4 662
1881 148
343 159
1882 862
474 162
1883 328
1884 122
1885 693
879 324
633 820
1769 707
22 17
339 973
761 281
1886 589
325 426
567 503
882 670
560 764
264 476
1887 703
1888 589
745 505
782 429
1383 241
361 956
22 324
1114 471
280 432
1616 159
1889 380
1890 432
468 538
1116 923
123 154
1891 320
106 239
1892 391
1893 703
295 888
696 762
419 322
1894 186
490 213
1539 249
295 617
18 265
1749 728
0 584
408 540
1895 913
295 826
1896 1046
1897 53
1898 360
1881 1106
264 368
1899 45
1721 519
1900 346
1901 1071
1902 584
585 422
173 39
705 1
1903 89
1904 456
1033 990
1491 476
704 521
1403 188
595 473
343 518
52 241
46 270
1905 611
1199 144
1906 508
1052 397
327 678
1907 707
836 678
300 693
1908 716
404 111
1909 292
1910 79
1114 762
1911 1039
774 875
795 403
475 324
1912 416
898 806
741 160
586 67
513 494
235 35
339 588
1913 136
1914 518
1281 255
1635 510
1052 299
513 491
559 1327
908 181
244 985
482 95
349 693
1915 299
216 203
812 538
216 79
285 199
1916 146
513 913
719 416
1223 41
1917 261
1844 296
1918 767
482 172
1919 17
18 462
1920 753
1921 335
98 736
1162 251
745 956
741 996
321 985
151 753
937 284
1922 387
1765 184
1923 391
586 657
1924 308
651 49
204 809
187 1297
34 57
229 67
339 495
349 328
1925 159
1926 213
302 272
1927 174
158 172
205 466
327 813
1928 95
338 432
260 263
513 299
575 73
705 708
1247 1023
845 565
419 913
1929 923
1930 1046
1853 516
1931 495
298 51
371 306
815 181
465 990
1177 875
1932 753
14 313
704 676
1114 519
1820 645
287 15
541 270
311 956
1795 305
1933 659
741 193
1934 1007
661 201
1873 764
1193 373
1935 738
449 563
246 897
410 724
696 13
392 659
1936 691
760 494
847 420
1937 764
586 617
1938 534
1939 299
1940 743
647 263
1941 617
52 324
911 462
1942 1039
1878 263
1513 186
869 460
674 245
1684 369
260 146
158 140
204 348
225 456
614 102
406 1003
1651 55
1943 71
1944 299
307 670
566 956
72 547
1461 462
1945 211
1755 13
18 124
818 1071
818 764
260 397
1946 272
601 581
302 391
54 376
1947 536
1948 883
81 1046
1590 211
312 736
1949 720
1950 1175
1772 89
926 7
1951 41
86 418
1952 680
1426 188
250 512
1798 27
869 913
438 733
208 126
696 146
582 429
1064 663
805 120
1953 340
459 1109
661 666
171 352
212 51
1954 37
818 523
705 368
52 353
704 95
0 213
1955 211
1956 89
1957 278
1958 19
38 495
1724 663
1959 160
1308 181
1182 320
86 209
759 875
1358 350
338 160
1960 150
20 403
633 881
1961 353
1926 315
1962 181
567 107
167 770
939 955
1379 913
539 33
1963 663
1964 1071
1965 364
86 414
1966 973
641 418
998 875
177 360
502 29
1741 211
601 680
1967 659
1146 691
205 55
1968 209
774 168
847 348
1795 403
550 394
705 859
760 543
1969 943
1970 464
163 428
1488 756
989 888
88 353
1971 360
1972 166
1613 154
606 524
38 753
273 1314
165 91
271 91
575 678
1857 389
582 352
410 391
1193 230
1156 389
1085 394
1064 73
468 967
513 476
1973 657
1782 5
1704 762
1974 355
94 176
260 335
1975 809
1976 5
1977 172
612 193
795 826
298 491
139 554
705 107
513 328
811 1297
1056 253
339 753
706 43
1768 373
950 753
847 288
264 645
1111 693
0 222
775 565
118 234
1978 35
1831 996
1979 87
345 804
158 82
321 405
453 21
163 259
1913 19
1980 362
1981 764
1982 724
1125 1109
713 534
1983 663
101 375
595 346
423 268
1984 35
1985 65
606 678
1986 236
725 1039
4 37
633 331
81 195
1042 182
879 380
86 645
1460 11
869 589
1987 215
1740 357
1988 1327
631 159
1989 226
579 428
1990 87
1056 11
1949 584
879 51
515 442
595 193
1991 136
280 736
467 750
395 593
180 857
1827 980
1945 35
1992 676
530 456
679 115
1190 888
343 1023
641 245
1993 95
1994 236
147 620
1373 15
1208 176
1995 422
1996 230
336 13
123 466
559 753
151 178
34 730
674 967
1884 375
208 45
229 301
1997 313
1998 179
1299 826
370 160
381 376
1465 420
1335 104
1999 570
204 980
147 593
121 268
393 9
816 113
327 1003
704 335
438 113
1424 1003
2000 670
2001 224
2002 297
674 892
725 37
585 322
347 368
2003 342
2004 888
725 17
614 442
812 620
2005 1023
185 348
381 243
2006 80
2007 1023
847 251
311 226
298 59
419 310
1675 494
4 134
2008 401
1803 113
937 337
1085 122
2009 512
2010 770
22 373
143 1067
2011 708
244 29
2012 662
24 1039
467 557
327 350
42 37
607 663
530 360
474 523
2013 275
2014 80
2015 730
864 328
1964 862
10 456
1719 164
879 288
2016 523
795 148
2017 25
461 281
2018 770
10 243
2019 368
339 613
2015 263
2020 253
1983 1054
785 378
361 543
1806 464
2021 7
2022 25
729 376
2023 275
474 126
1416 554
2024 491
470 703
2025 84
2026 368
614 337
522 340
2027 1067
1603 124
338 826
2028 518
2029 620
2030 71
1272 126
2031 166
562 424
2032 387
805 813
2033 583
327 802
1799 503
1114 241
1229 418
381 290
1896 554
1361 433
739 230
585 862
601 432
34 583
515 708
2034 875
1224 503
2035 521
2036 268
202 346
472 315
183 581
2037 301
551 120
2038 47
2039 340
2040 385
812 35
1443 144
106 13
2041 733
515 754
277 310
1433 281
295 82
54 967
1530 456
1528 243
2042 401
513 350
130 723
968 369
252 80
449 678
271 508
2043 331
2044 301
354 380
614 80
309 157
2045 215
78 186
2046 265
406 420
225 308
2047 888
2048 824
1114 272
319 328
256 516
171 726
347 51
1479 466
811 581
229 299
143 762
2049 1175
2050 170
395 555
4 680
1182 913
2051 672
1085 602
22 253
264 990
1640 117
759 249
567 197
490 109
1843 859
2052 265
287 184
338 897
453 275
1986 350
2053 699
2054 663
2055 433
614 1105
527 432
575 403
1885 131
151 215
1257 305
839 574
449 131
2056 193
24 201
247 263
816 405
867 476
1672 134
187 275
2057 43
1783 1071
183 877
1899 23
1386 31
20 416
2058 699
811 432
72 645
669 813
2059 142
56 365
2060 424
1795 394
431 762
2061 965
527 261
1104 67
285 350
968 355
2062 703
2063 572
2064 407
434 3
592 583
38 1039
86 170
118 804
123 813
404 77
302 484
250 676
81 11
363 154
2065 584
2066 263
2067 724
479 820
1718 536
2068 473
408 435
2069 875
1542 203
1436 466
151 15
54 157
2070 478
2071 305
784 806
539 764
2072 720
101 923
2073 1065
2074 1067
1753 428
2075 179
2076 297
474 666
2077 213
1630 536
2078 678
1108 1175
2079 508
404 1054
2080 738
2081 239
805 570
2082 9
2083 1175
629 360
880 176
285 340
2084 168
776 9
1939 249
2085 762
795 1314
347 1003
579 191
1193 7
695 617
1408 875
128 471
539 1297
419 67
2086 91
370 540
1668 897
1689 178
336 437
247 261
2087 645
1494 99
18 99
586 47
470 188
2088 414
2089 753
2090 484
2091 524
1904 491
924 353
438 396
2092 239
381 179
1848 499
2093 21
285 288
2094 324
277 435
1081 913
2095 973
2096 209
309 144
2023 352
1908 322
336 261
517 428
472 33
2097 809
2098 967
1441 635
474 1065
229 1065
1761 584
605 1242
562 184
2099 197
470 37
1842 730
2100 179
121 666
1396 804
127 380
406 654
906 499
212 27
1744 160
408 699
317 723
438 593
741 428
2101 365
229 837
954 313
38 129
2102 131
370 422
2103 691
934 265
2104 826
343 733
210 588
812 973
814 495
163 687
260 1023
139 303
2105 95
550 17
515 680
2042 186
550 476
287 964
2106 764
579 1242
1779 813
1101 99
98 49
133 37
2107 543
472 576
677 897
2108 491
130 113
475 495
992 565
250 875
1677 51
1837 131
2109 53
2110 523
1687 767
1064 104
2111 514
81 643
2112 290
302 239
2113 831
406 424
1992 33
1538 162
22 129
406 299
10 129
319 122
1368 217
1948 617
2114 383
586 39
988 1039
882 657
2115 422
98 37
177 102
1870 508
143 464
62 152
2116 1297
482 584
845 117
2117 657
470 292
18 186
1033 324
706 1067
1508 303
869 176
349 405
105 985
461 707
1025 373
2118 278
1380 617
2119 234
1173 557
2020 245
244 45
1129 120
2120 1109
258 512
2121 806
1111 301
785 396
406 236
295 217
841 750
1851 369
139 736
210 980
210 89
674 913
1676 37
1584 342
2122 37
173 888
271 394
818 707
2123 275
81 947
2124 862
951 923
2125 29
760 117
354 862
2126 462
1649 730
2127 7
961 297
169 888
1302 892
745 152
960 342
712 964
2128 383
517 663
2129 191
130 462
317 405
2130 104
2131 499
309 131
2132 181
2133 270
2134 973
2135 750
719 159
2136 25
1110 109
2137 428
68 348
2007 144
258 174
381 352
700 403
2068 387
81 1242
1781 301
147 716
1481 708
641 501
2138 956
869 897
2099 538
2024 348
1605 707
1612 346
470 215
719 236
1294 91
171 97
0 292
614 131
2139 115
327 750
647 134
78 193
2140 676
402 261
410 1314
277 703
2141 523
276 53
2142 184
559 182
52 5
106 767
869 310
614 820
2143 458
1351 313
185 433
2144 255
1024 1071
431 1065
1469 435
461 162
1101 437
2145 150
779 469
785 57
247 315
2146 985
2147 236
363 657
582 389
1085 75
151 826
2148 831
408 184
1900 257
585 337
725 736
928 19
393 222
404 308
244 678
24 452
1470 322
474 563
530 733
2149 460
165 723
2150 736
719 565
585 1175
336 503
1652 990
641 540
2151 799
812 234
2152 49
725 255
406 980
2153 89
688 124
183 540
631 39
747 375
766 353
2154 693
273 862
2155 265
2156 226
1347 499
256 616
2157 67
706 723
2158 897
2159 174
811 75
2160 352
1111 691
741 611
2161 257
2162 111
2163 458
208 464
2164 7
1402 342
745 767
2165 170
1101 865
475 543
2166 733
210 799
453 51
2167 643
317 809
62 306
1207 150
490 980
2168 616
210 23
339 306
470 272
139 89
1746 152
1758 236
2169 1046
98 883
2170 55
2171 104
2172 813
747 3
2173 707
729 378
336 516
200 21
1371 813
725 518
271 806
2174 305
447 1327
1840 172
2175 387
1111 296
321 111
2176 616
2177 376
1395 263
2178 1003
158 487
345 611
1628 613
347 313
1440 288
2026 802
185 140
300 1065
579 385
1056 572
392 923
2179 122
225 820
1836 82
811 616
390 315
1111 1109
2180 756
321 670
393 663
46 831
2181 292
130 738
2182 516
2183 63
1529 473
2121 523
2184 362
2185 301
747 79
633 505
105 148
0 142
339 213
2186 357
1838 770
2187 429
38 159
2188 152
438 144
2189 63
968 837
575 154
601 77
2190 140
336 1242
2191 219
2192 965
343 142
759 182
2193 253
302 401
1203 1067
338 1314
2194 767
205 730
1861 245
2003 150
338 857
2195 380
1164 565
419 508
1033 236
760 414
706 407
0 668
725 862
147 508
2082 389
1418 990
2196 186
1549 668
229 770
1182 859
2197 239
381 296
6 494
2198 826
715 892
347 315
302 503
2199 9
679 303
759 985
2200 236
674 102
438 703
2201 197
72 888
127 346
2202 397
2048 25
2203 131
42 255
1828 476
1925 662
646 387
2204 306
1795 91
2205 662
2206 369
86 357
205 170
2207 268
2190 589
285 1046
277 913
2005 182
212 708
1982 720
2208 965
1795 1054
258 39
1579 1242
408 53
1647 352
54 407
2209 432
300 182
1526 355
321 412
908 241
2210 382
2211 1007
311 391
595 368
2212 182
2213 152
475 743
585 754
103 53
78 519
2031 726
408 120
725 357
2058 405
404 278
98 442
2214 516
937 239
233 429
2215 576
492 107
562 913
1832 268
2216 15
918 581
812 826
225 1175
339 249
2217 182
2218 259
1357 678
705 9
1935 362
1033 1327
208 124
864 57
2219 516
300 1106
4 219
562 364
1795 80
864 753
606 701
2171 728
2126 452
2220 290
143 947
461 170
2077 290
567 152
242 487
1985 17
4 668
2221 471
277 236
2222 875
997 122
317 301
408 1046
2210 193
869 643
1688 373
467 1
354 71
434 859
1285 602
317 923
1446 93
133 955
1259 538
118 726
229 201
2223 518
796 113
2224 967
1978 364
250 547
2225 73
811 1071
2226 199
2227 990
729 3
2228 259
2203 478
2229 1054
2230 77
1093 228
212 224
526 743
1527 540
1795 572
472 659
216 178
438 676
34 159
105 129
517 166
78 943
2231 495
2232 217
98 635
2233 538
674 43
1523 27
812 306
22 126
688 97
1043 613
1056 806
661 672
410 422
1271 659
139 315
882 23
258 643
1363 337
1085 497
309 355
631 315
62 168
818 134
431 154
233 877
133 738
277 69
280 144
525 888
515 272
34 756
1056 234
1008 1023
38 306
1064 297
2108 572
688 21
1720 188
177 383
2234 35
1114 80
459 877
2235 275
2087 433
567 806
461 701
309 331
937 616
256 331
599 589
641 67
839 353
1604 707
1182 570
760 736
1181 82
363 219
2236 29
1085 160
1391 275
661 268
841 95
2010 762
729 547
1322 505
704 197
381 166
147 534
1378 365
2237 259
882 557
273 389
2238 837
370 473
2239 750
258 589
522 433
841 557
225 672
404 1023
595 134
2240 391
1270 303
2212 164
52 925
2241 31
100 3
527 593
2039 458
1804 1065
434 9
641 268
1239 131
2242 620
258 35
2243 583
2019 57
741 767
127 521
2244 362
1698 980
1975 643
1008 672
582 243
695 620
2245 770
105 837
2246 328
10 724
2247 82
1552 115
62 230
830 11
535 422
1085 540
2248 730
1182 364
1382 292
759 699
1875 55
2249 460
472 353
311 328
2250 524
2251 63
321 809
62 512
421 259
470 804
675 268
1438 680
795 728
606 484
2252 82
453 576
345 391
1646 191
1795 512
404 1071
864 375
347 99
86 484
879 346
2253 320
1393 120
2254 670
2255 340
864 355
517 355
2256 501
2257 424
2258 344
2259 245
2193 113
812 41
419 611
2260 207
2261 315
2186 303
2262 687
1341 503
706 91
459 35
177 996
431 581
171 7
2163 174
20 272
2263 736
674 378
287 111
1879 654
2264 219
513 563
567 251
729 806
2265 484
467 383
771 563
2266 47
968 373
2267 418
760 324
2268 750
2269 865
695 41
1320 95
839 126
474 104
571 458
395 897
586 174
968 53
2270 1314
1953 491
42 484
46 357
1243 1067
459 67
349 512
2271 964
225 897
812 753
496 188
1705 707
1202 494
42 71
2137 691
2272 308
937 65
185 464
153 687
1817 357
52 574
2273 80
562 5
841 707
1679 263
453 387
260 102
1101 996
968 176
1064 750
1262 353
696 385
2274 59
208 191
2275 29
410 322
204 115
461 241
1760 95
2276 570
2277 324
2278 407
216 892
924 120
2140 297
216 857
351 881
151 259
863 418
585 1
139 466
2279 310
1136 157
2109 422
165 401
2280 523
1988 799
62 182
2060 51
163 881
133 337
408 45
2281 342
62 1327
2153 164
984 35
46 376
522 495
280 536
816 996
741 738
816 401
1064 1
2282 428
2283 456
151 730
392 104
2284 344
2285 109
647 31
811 305
2286 357
774 378
2287 1314
208 505
1064 222
370 554
2288 239
793 352
2289 923
1773 581
321 53
527 134
2176 487
729 49
586 236
885 253
277 857
579 1067
62 179
2290 55
679 140
121 616
2291 268
2292 234
1752 435
2293 1106
2294 93
468 802
86 767
1264 117
2295 563
127 1242
250 199
1052 19
2289 207
2296 557
1268 348
2297 716
2249 433
233 588
81 859
327 435
1008 955
2298 593
319 87
1994 55
2299 401
210 820
2209 670
459 181
1911 322
567 691
1085 162
338 176
595 162
2110 635
367 79
461 883
81 412
1887 213
705 767
1114 925
2300 1106
163 538
312 197
210 583
2301 613
511 956
2302 736
1056 611
522 524
22 668
2303 405
2304 375
474 491
785 11
2305 270
280 387
2299 514
2306 87
2059 824
2307 53
2308 1065
2309 1175
138 543
280 27
133 375
151 353
2310 213
311 720
459 557
1650 243
879 75
1795 724
1766 261
2311 126
2312 259
2313 462
2272 824
1269 320
1052 294
453 1039
271 471
208 499
1500 1105
601 150
321 41
839 186
2314 3
434 107
467 134
625 387
2315 892
133 728
250 55
468 355
2316 730
277 1109
2061 396
995 534
2317 344
273 495
2318 809
924 670
2319 877
1405 13
2184 820
760 288
2320 422
513 623
879 414
2321 865
2195 642
924 362
130 284
2322 723
22 387
1564 49
530 503
2323 576
2324 1105
42 956
579 726
816 385
2119 862
2325 514
2326 63
106 391
2327 429
1993 301
1490 947
325 990
2328 340
2329 294
24 97
10 61
2073 892
2330 837
2331 305
1942 466
381 207
2332 471
366 666
2333 1242
247 980
604 201
2334 980
979 583
2335 47
2336 471
550 77
183 353
363 389
966 654
1937 255
715 375
2337 943
210 497
2338 75
2041 799
472 574
2339 478
475 306
2340 708
575 1054
601 17
187 203
438 720
2341 1327
212 380
2342 724
2343 990
438 672
698 297
363 802
482 120
2344 184
370 1039
2345 166
1921 659
302 824
1737 197
1121 383
2346 616
349 555
2347 117
404 375
575 140
463 657
2094 877
2323 611
2348 407
968 97
2349 523
1193 668
2350 804
171 923
606 523
244 581
20 820
604 383
171 770
94 508
531 57
1073 184
885 335
2351 1039
869 41
2141 396
1158 25
1070 234
440 947
1111 109
527 462
604 499
419 53
244 967
647 310
1954 82
2352 881
1819 303
143 881
1313 663
345 806
1111 184
336 380
185 211
631 534
151 429
404 178
502 9
474 422
171 426
1641 124
1056 691
1890 824
143 892
2353 380
54 182
200 497
2354 387
177 174
845 563
2 466
2097 1105
2355 122
438 134
2356 654
1947 487
1193 117
2357 152
260 1314
1407 396
2067 519
2358 554
490 294
513 1106
52 251
2359 148
138 278
2360 437
468 146
2361 350
908 809
1126 857
579 497
2362 239
311 859
2363 491
2364 140
22 243
225 804
70 581
2365 687
250 1067
2366 97
688 126
2294 394
530 432
1795 703
2348 104
256 134
2320 362
2367 678
1795 401
118 923
2368 59
774 1046
1301 824
937 547
1151 503
151 364
2369 881
1653 401
2256 1007
1326 93
8 576
688 162
187 943
62 102
585 499
490 699
147 39
138 547
317 91
1657 432
579 1
465 1071
920 288
1111 1175
1114 862
2370 19
2371 996
795 1054
264 824
163 391
614 303
1852 170
311 458
515 491
2372 799
2373 429
1483 383
210 883
901 9
2254 188
86 265
354 617
177 955
165 623
706 376
604 299
2374 881
204 973
2291 405
2375 224
2376 964
2214 672
2334 43
2230 753
1200 510
2377 750
103 253
741 91
98 762
2378 344
1204 728
661 344
2379 708
1077 416
2380 45
327 1109
811 466
2381 41
465 1054
438 99
431 211
2382 505
490 913
2383 199
1258 826
1880 193
2384 362
2385 460
2040 990
2264 555
229 362
490 389
363 75
1111 278
579 799
94 897
2386 494
847 241
2387 104
395 743
2388 519
2389 1065
2390 93
273 115
2391 616
539 154
2392 313
2011 1054
1600 140
740 668
210 51
103 563
302 331
118 1242
1503 191
729 1054
2393 557
173 875
641 97
2394 117
449 799
1444 160
177 512
841 19
2395 69
300 883
2396 154
2146 211
2397 47
2374 389
185 576
62 670
725 348
2398 403
849 378
550 576
2399 375
2000 967
1860 21
811 672
2207 1175
223 120
447 385
2400 802
258 691
2123 435
2401 31
354 43
2402 215
2403 382
2321 756
2170 1054
882 494
54 487
603 253
2274 703
2404 375
614 645
2405 693
2406 762
287 875
118 396
1805 1054
924 109
567 117
133 708
183 201
410 484
874 985
2407 348
2408 245
2143 491
937 178
345 368
2409 657
2410 365
273 308
621 654
34 245
2411 188
1456 809
745 733
106 111
1101 518
2412 232
490 574
606 654
1137 182
1726 552
869 973
2286 134
513 59
366 157
633 680
366 503
10 43
143 308
886 824
2413 326
619 728
1733 337
2414 35
665 346
406 104
1480 197
2415 326
2132 723
130 442
772 134
2267 102
2416 1054
1278 666
2417 255
2418 107
470 65
2419 178
2420 1105
704 117
1033 473
431 1023
629 215
139 616
639 219
1399 923
338 1297
106 342
468 326
1410 77
719 736
2421 403
1171 433
968 923
2422 375
20 799
2423 241
459 642
280 59
807 111
392 59
1329 335
1901 799
2134 346
250 888
2053 157
1260 581
0 680
2421 251
208 403
183 519
94 226
381 508
1898 31
18 160
2424 5
2425 1054
225 47
18 654
1266 113
2426 462
1035 770
2270 109
2427 955
586 804
539 17
2428 770
34 39
256 401
2429 211
229 288
311 1175
1841 426
2430 666
715 251
2063 159
2431 201
2432 701
361 117
585 1297
283 762
1369 806
1064 324
2433 1065
468 107
258 857
2285 642
171 985
2248 93
1702 588
2434 897
661 663
312 514
130 897
575 49
567 172
24 35
908 524
1839 723
785 892
309 666
1425 23
2253 1109
1056 82
1182 184
2326 259
585 49
924 69
2435 219
273 186
1462 1314
1434 720
438 555
133 521
2436 620
1845 148
2139 588
2308 294
731 574
4 45
530 955
103 268
247 943
1928 497
729 620
271 191
183 707
271 458
1064 505
490 228
2145 458
204 985
1337 620
633 555
1468 756
696 84
882 251
319 45
634 184
633 620
1150 1023
559 168
295 152
2437 730
233 207
343 754
321 521
1754 824
271 261
2438 389
2055 193
2439 209
171 458
631 973
1551 536
641 654
208 288
317 691
2440 1039
1560 120
847 19
2441 45
1795 723
2442 572
1303 407
818 659
72 762
130 394
839 19
1255 73
1795 1175
1059 131
449 499
818 552
2443 913
244 588
1535 452
2444 523
1632 703
1466 29
2013 80
706 157
1850 23
18 418
648 720
2445 355
2356 416
774 197
586 956
147 362
704 728
1712 555
130 142
1979 668
10 967
42 3
1987 407
2446 1106
86 554
2447 724
2315 226
453 270
841 186
1793 925
647 13
679 188
285 87
847 95
247 80
118 1067
2089 292
1130 540
210 122
2448 1065
2365 249
795 499
579 458
595 552
1592 764
1692 13
2449 1039
118 589
2066 862
2450 623
2451 1039
704 487
319 466
2452 213
2453 17
482 313
1225 17
1474 670
2454 464
147 865
2261 385
101 458
2455 403
530 602
891 294
2456 324
715 385
704 35
1155 322
550 433
2101 478
317 179
1250 306
631 424
774 857
2457 469
2458 491
2388 215
327 230
2459 59
1102 99
105 228
604 943
722 716
2460 693
842 487
502 435
101 437
864 322
158 980
327 140
2461 414
482 416
601 733
302 701
1801 181
361 716
20 990
812 693
2462 583
1041 657
240 703
869 888
936 176
2034 813
2463 753
108 666
81 215
2133 802
309 69
277 111
233 82
103 420
681 129
2464 458
816 211
86 188
864 152
264 699
1111 355
46 27
1467 265
1476 378
345 593
260 346
187 576
695 382
745 385
1101 1175
347 305
1495 140
447 401
1998 1297
472 320
472 1106
470 255
2172 142
715 29
2465 574
601 232
2438 565
187 563
747 380
719 519
1623 344
811 348
704 956
688 306
1085 159
2466 635
869 1242
1941 668
247 297
2467 743
2468 424
2469 802
1227 433
1654 348
972 337
298 131
264 738
1008 303
1114 73
760 228
629 471
937 1071
1626 373
522 79
2470 613
1193 623
395 703
2471 182
2160 113
1315 416
596 643
586 13
2468 378
339 538
139 203
682 281
1685 268
185 308
1454 730
343 925
0 708
2472 368
408 301
408 115
1359 65
539 662
62 3
1033 21
885 611
393 195
2473 224
171 107
2474 435
2475 261
774 724
696 462
818 191
1729 348
795 505
210 380
816 176
1486 724
2391 362
2112 703
924 955
509 15
2415 680
629 148
705 142
345 166
461 762
2476 501
285 693
674 369
999 29
2453 226
2432 913
411 360
312 707
629 680
2477 378
461 602
2018 184
2478 471
1365 478
1193 197
1420 168
2479 389
847 678
370 699
2480 574
173 182
606 222
1776 308
52 469
280 484
2204 642
106 464
366 102
741 497
721 403
729 516
250 245
2481 1327
233 534
1458 355
2482 49
2447 501
2429 179
539 799
244 234
321 197
2483 724
2051 37
298 113
449 140
1052 150
461 1071
366 437
2056 117
285 809
438 403
1033 543
585 554
1193 186
2478 27
449 518
817 602
706 764
143 166
2347 222
517 195
1052 584
1918 182
1427 375
101 67
690 980
404 403
795 193
1505 93
121 1071
1008 360
472 809
1447 990
264 281
624 397
946 179
559 315
2484 484
1114 324
1473 57
118 9
461 219
171 534
2485 733
406 243
725 77
2017 188
2486 659
465 403
785 82
24 29
1583 505
453 432
2487 484
1193 95
10 955
679 346
927 35
0 943
393 1314
760 643
2224 308
2488 61
410 308
1673 753
2489 473
410 505
347 389
86 17
2490 82
173 412
24 460
52 418
465 563
212 668
319 543
515 519
2491 357
345 820
1747 27
121 433
468 53
795 217
2492 186
2493 71
2494 663
695 376
127 73
2495 588
339 501
431 340
2408 352
183 495
2220 315
2496 663
1419 1327
98 255
0 877
300 382
470 956
264 305
774 217
553 442
325 387
81 611
2497 495
2182 193
285 418
785 39
2498 764
2499 452
2100 397
1581 726
1580 770
330 635
163 396
1111 555
2500 357
2501 565
2366 996
339 523
1452 71
370 75
2502 67
244 344
474 602
2378 315
78 19
233 657
1111 364
1317 1242
2503 877
271 405
2504 292
879 565
2505 433
685 495
774 117
1114 142
2506 65
2507 5
2508 613
173 865
419 69
392 63
1504 487
2509 115
759 770
528 883
879 150
58 290
244 140
845 426
121 59
1309 1106
395 1046
325 51
924 373
173 226
2510 292
431 666
1717 310
106 79
2511 1065
229 985
1562 69
311 3
229 344
78 340
410 826
475 344
2512 337
155 11
647 203
2513 750
2514 9
1033 501
1785 478
4 565
1111 15
2377 102
759 120
2515 340
559 245
2516 897
1745 925
1571 111
2517 102
760 565
229 662
1655 296
522 213
2496 1297
1194 728
2194 84
2518 288
38 53
791 243
2519 1067
745 503
2520 1242
704 947
2521 186
2454 738
2522 611
2523 385
233 328
163 543
633 804
1016 197
22 33
10 71
431 613
147 435
2517 11
582 179
2524 602
631 435
522 84
18 268
18 659
173 320
183 460
62 452
2525 412
1546 435
633 687
2526 232
363 809
719 25
530 11
2527 862
2528 306
845 473
2529 335
1334 152
103 126
468 236
46 820
2530 369
2271 303
864 724
1518 762
2436 23
94 837
2351 716
1691 491
522 820
46 77
527 397
586 25
475 623
2531 342
2532 391
410 239
2533 305
438 176
818 524
453 403
1006 3
695 236
2002 424
470 157
695 1327
2534 172
151 574
135 331
2399 806
285 328
1602 1109
1437 494
22 809
575 536
2535 466
406 93
300 55
1763 11
2536 888
1643 913
1355 154
2537 272
661 113
2538 397
2279 547
932 456
339 524
2539 432
2540 990
354 107
2322 857
2200 985
158 75
247 265
1085 996
2541 666
2376 134
2542 5
773 437
908 251
309 824
2052 9
2543 877
183 967
2138 201
2532 59
1182 13
550 49
1300 95
2544 253
2545 877
513 51
1101 433
1759 743
205 82
1869 373
118 570
106 645
78 126
1249 750
453 257
879 37
2546 9
719 170
72 211
208 990
244 416
864 570
2547 219
295 726
2497 892
42 1175
1990 75
105 230
2548 883
200 990
719 574
475 435
2549 129
151 184
811 297
250 385
273 1039
262 93
2550 875
2551 687
42 284
2552 762
177 49
2553 574
183 466
354 589
200 144
1506 201
1877 207
2540 241
295 362
2554 308
2185 813
431 738
677 666
447 1067
2360 181
709 1
2555 552
449 442
1751 263
2556 726
562 75
595 1023
54 91
674 47
908 296
2557 519
2558 820
785 723
517 111
2559 487
1064 1106
312 613
216 342
937 857
717 340
2512 743
929 39
4 337
298 380
2560 23
2534 570
575 181
2303 157
1594 84
2561 680
502 215
600 89
158 476
381 965
78 536
4 736
1047 563
2562 154
924 428
130 380
2563 1314
34 213
2564 102
2565 770
1795 824
81 353
1145 195
2566 519
2567 985
1797 589
1179 420
2568 219
515 464
1536 881
2425 364
2569 883
2314 716
1762 365
811 368
2570 296
2571 357
795 11
2572 678
2573 770
522 668
818 478
250 469
2553 203
1792 701
287 376
2574 245
2575 708
1085 1106
123 344
1521 344
1033 41
706 516
706 831
1014 956
522 462
453 219
2576 1109
869 328
2375 753
1008 188
725 33
1814 284
1617 521
631 288
86 79
2577 382
130 224
2345 659
216 89
1700 397
2578 554
1487 82
2579 837
2580 643
1595 642
1627 170
908 964
2581 154
2582 226
795 617
163 61
2583 124
319 67
2262 897
2309 424
225 799
2584 265
78 380
2222 25
2585 767
2586 623
1670 662
1211 875
206 1046
2587 716
1252 491
2038 857
327 524
34 668
1775 469
1484 164
1429 724
847 538
2588 253
419 355
774 888
1463 382
2505 82
741 394
1796 837
2589 820
177 680
229 228
477 543
2385 199
260 428
1585 89
2590 383
2591 157
361 364
1723 75
336 572
101 199
2389 589
1807 943
2592 148
2508 563
118 435
347 45
2215 201
2593 315
233 424
395 342
406 693
876 865
2371 429
839 344
2594 142
2341 228
2595 516
392 699
2346 63
2596 687
447 174
449 80
2554 49
138 420
2597 278
467 261
2301 726
1004 572
2340 55
2129 442
2598 743
2599 691
321 207
674 199
1519 403
2280 136
539 144
2387 23
1008 478
2600 211
2028 326
1390 45
1950 676
2601 750
745 131
1903 570
2602 234
2539 497
1701 1007
312 315
1478 724
2361 985
1387 230
2603 540
200 134
2604 228
143 375
2605 583
2368 213
2606 77
187 536
465 616
2525 241
319 268
1569 670
1593 813
2607 120
805 294
118 494
1085 140
482 657
60 442
2608 464
781 543
1981 352
42 754
1970 63
338 43
2609 368
490 668
165 226
2610 875
2611 756
1101 383
628 996
343 756
677 672
130 391
2065 407
2461 322
404 69
317 574
745 107
937 728
2612 521
2090 985
1830 469
1545 126
2613 136
629 428
185 275
2201 253
2477 33
1008 862
2614 146
2615 49
1056 391
2305 97
2608 99
689 672
319 642
163 547
582 494
2544 275
22 61
2164 29
706 342
2155 611
311 743
127 224
812 152
406 326
908 756
2616 297
1114 645
590 499
1971 385
475 770
2617 859
631 41
2618 61
1666 79
719 117
725 368
968 35
1607 1065
2619 764
1276 203
1033 61
908 45
273 422
54 382
98 1314
2620 109
953 387
22 93
1101 346
1147 310
2621 676
379 109
185 305
2622 299
2623 251
2624 802
361 813
247 181
1312 588
304 230
1930 923
2625 140
2626 452
1980 464
811 495
2627 401
2304 925
2516 736
256 831
2628 724
677 292
705 536
760 813
1085 756
205 219
2629 243
884 71
908 299
395 428
2501 576
1197 199
208 1314
465 308
139 514
2630 754
2631 405
2450 1071
2095 452
1154 396
777 1065
2632 965
1234 428
2487 179
1210 809
916 3
1533 230
641 93
795 458
839 985
2394 433
2633 117
695 378
517 405
327 243
604 17
127 589
339 373
1107 584
185 288
805 429
2634 207
2635 95
2636 80
2637 124
968 25
2638 424
944 442
715 369
2548 955
336 368
339 1046
1411 162
138 985
568 80
2639 84
2430 7
941 728
915 820
981 497
1944 521
562 570
277 405
1587 643
105 770
2640 680
343 249
2641 306
719 39
106 512
2642 331
2643 306
747 947
260 536
22 150
300 476
2644 913
233 87
2277 865
2645 678
785 611
2646 723
522 249
695 703
917 980
2647 678
311 350
2295 547
2648 203
277 326
2538 1297
1056 429
334 310
718 382
106 554
1064 344
987 499
123 770
2649 380
46 335
208 414
2650 623
260 270
933 588
163 320
812 360
812 687
354 767
317 111
1517 61
2651 148
810 802
2652 616
582 877
1052 113
1499 657
696 857
705 305
2653 236
530 193
517 620
1863 61
2654 191
302 9
1448 33
472 635
2655 159
300 1007
1008 458
962 122
2213 5
410 203
2656 452
1182 15
393 73
2657 635
2030 331
885 385
2498 275
4 1106
2511 140
629 1175
696 188
2658 574
2236 303
839 253
752 552
2658 296
816 859
633 360
490 563
447 405
200 672
2402 104
363 230
212 265
1080 754
2659 57
2543 726
1858 503
2660 1067
0 368
705 666
482 186
92 209
629 955
517 305
438 497
2661 956
410 516
2503 756
885 55
2662 154
490 670
1815 433
2420 292
2663 144
2664 428
1114 424
210 203
280 87
2665 1106
1307 524
2666 750
2014 245
2125 109
370 1
795 716
1512 813
2634 230
2437 799
2667 352
72 422
2273 197
1064 518
2668 3
370 635
1328 557
688 296
513 87
1482 516
2669 514
575 635
2670 144
1182 7
2062 385
2671 195
1321 284
349 148
325 662
453 422
200 613
1802 955
94 543
94 107
158 584
2672 703
1415 241
2673 728
719 642
2674 148
345 239
839 63
2626 257
273 159
679 678
459 429
309 11
256 824
1699 420
2570 203
472 124
582 45
295 458
1033 678
338 505
785 670
2675 1007
309 508
2676 144
2677 616
327 574
103 642
204 964
704 623
325 583
395 670
151 43
18 191
2678 344
349 426
2679 980
2680 186
2681 87
1251 117
2202 708
143 211
470 174
2682 303
2678 213
677 176
1397 699
2683 883
1662 581
277 947
2684 140
1159 188
2685 324
594 943
2107 368
325 21
1525 462
2550 49
475 985
1929 305
1750 877
606 733
453 990
208 602
719 353
300 67
151 31
2639 182
258 743
2364 65
123 523
1089 416
410 865
103 1039
363 540
46 144
1485 89
173 1175
2012 342
2441 407
688 236
2654 61
2029 501
2686 437
410 764
774 290
264 21
216 290
210 124
1732 429
1005 956
127 407
2687 642
2688 134
2306 239
2567 55
2148 611
295 728
86 33
942 288
1943 122
729 764
258 178
2050 514
2526 383
2255 174
517 84
2689 355
163 728
101 243
747 412
2047 947
298 563
419 82
233 126
133 308
1540 160
2173 178
366 1297
2083 33
123 5
2229 350
325 320
2684 495
404 9
1922 888
845 251
2458 124
801 1242
10 253
641 243
277 617
2690 723
2691 497
404 346
2692 265
470 383
78 471
1548 897
629 209
86 340
311 923
2293 178
2693 308
2475 284
361 182
139 707
2245 261
78 272
419 642
550 275
2669 888
641 364
696 1175
677 663
2319 166
2694 471
2644 39
72 272
410 152
747 272
2481 623
845 93
839 181
502 437
2695 259
2696 503
889 762
2697 426
2666 418
575 501
1280 799
725 663
2698 505
2693 95
2699 524
2700 193
2452 990
216 724
626 820
431 268
256 191
472 538
2641 380
2263 102
449 432
393 505
94 120
550 473
1780 964
52 61
1902 1007
1038 174
38 57
2701 265
2700 672
2702 458
264 418
1331 236
864 831
408 1109
1648 414
1707 59
2337 859
747 555
490 519
2414 708
10 35
1099 666
2426 743
2703 736
347 516
2147 179
312 29
410 284
2704 7
744 947
2705 897
1206 232
2706 51
532 668
2707 144
2599 401
647 593
349 245
2162 65
2676 84
2708 654
559 418
22 162
366 458
2709 352
1596 552
212 616
482 234
2046 576
1193 45
1601 47
2710 150
562 1327
674 29
370 750
2711 37
2473 643
601 357
1033 181
101 97
147 41
354 701
319 150
2462 892
550 313
2397 476
1730 405
562 181
2712 460
62 826
465 491
127 255
78 181
885 120
550 191
467 462
2713 261
760 184
2605 495
151 857
2714 11
2715 174
582 164
719 326
559 1007
459 514
2716 365
46 405
550 519
818 767
446 403
52 883
1493 469
2717 382
453 249
404 617
2718 1007
2591 33
2719 164
719 588
1570 270
2720 645
841 1007
745 257
190 1046
1413 174
674 657
2721 862
522 708
2722 344
1619 31
139 925
2723 809
1516 391
823 412
747 195
116 37
1052 799
1477 736
1897 536
517 521
302 1105
354 257
2724 236
106 405
530 71
652 124
2354 514
585 15
2725 272
1703 809
1240 365
42 281
177 806
34 420
438 1054
24 837
2726 484
229 570
212 1071
922 383
1180 497
2727 754
2728 414
309 193
332 1327
2729 767
2730 239
36 193
2731 290
1907 355
4 213
1544 1314
633 799
1524 484
760 524
1064 188
345 676
1400 365
839 943
145 572
579 224
2732 534
2733 892
2734 764
347 337
719 57
1946 1023
185 209
2290 350
165 129
38 154
336 397
28 134
314 540
811 540
2735 557
2616 826
127 1297
1882 209
86 77
20 736
2736 943
244 296
2737 859
2413 160
785 487
366 620
2738 540
513 41
2739 296
2740 166
361 547
715 378
2741 1054
2653 1297
1101 687
2742 245
839 643
1629 508
2259 255
81 494
937 275
527 84
338 368
498 89
256 767
711 662
1069 617
1915 278
671 222
1218 122
1644 41
2499 296
1795 331
1586 708
785 29
1940 973
2743 820
106 257
123 426
1342 1007
968 13
327 87
2054 708
317 508
2353 134
1346 230
1618 985
325 967
1085 126
130 84
841 730
54 1046
20 159
347 136
2744 353
461 662
319 350
679 124
1157 617
2602 209
1085 383
295 253
474 313
312 1046
247 418
674 804
1973 53
614 71
10 543
2588 255
408 1039
2745 157
2746 301
729 617
173 881
482 179
295 236
2747 255
1984 55
205 802
465 1
847 362
10 809
1794 996
1959 328
879 1023
273 756
582 168
558 222
2189 536
702 369
1058 353
741 383
556 565
1168 296
2335 437
317 687
575 324
393 144
2715 456
295 611
715 166
2239 376
688 362
2748 806
490 120
2479 831
2749 699
370 222
2750 251
1996 1046
968 726
2380 720
1507 226
606 270
2726 55
696 211
2751 353
2076 1242
204 877
2226 37
894 754
2287 380
2752 162
465 222
247 397
2664 888
349 391
447 728
173 985
103 523
200 340
103 115
1906 668
1056 676
22 654
20 1065
2568 726
1671 1065
158 184
434 65
811 113
2753 362
2754 645
449 820
24 124
542 73
302 99
309 720
805 348
1800 754
2424 226
1541 162
2585 164
580 331
2755 985
2756 412
127 956
841 452
121 87
406 122
968 965
2398 184
72 217
631 414
22 570
725 115
1553 505
2757 11
2758 754
2759 394
1011 716
986 956
908 159
2760 923
54 831
74 617
62 335
816 357
419 65
81 375
2761 505
205 707
2405 270
1124 635
2583 458
2636 113
1128 299
1333 322
1295 733
81 3
735 376
1968 469
258 1242
582 170
2762 144
2312 464
2763 635
86 464
683 389
2244 243
2078 1242
2764 432
62 407
2697 203
908 1327
562 491
1114 1039
20 188
52 534
1111 1046
1178 754
2500 7
287 146
1409 1105
200 1054
210 478
2225 79
759 294
1914 373
841 466
2036 678
212 756
816 337
2536 401
1056 350
2712 645
1144 476
410 376
2732 505
885 620
62 859
1101 217
2765 382
177 80
2569 195
1599 588
381 168
1082 469
2766 57
1231 883
908 63
559 980
171 676
187 134
604 762
323 555
2767 892
2768 401
1636 290
614 310
604 756
1101 412
2769 29
2728 723
363 662
1053 342
2393 881
121 275
2251 738
945 93
237 616
924 148
515 389
991 122
101 245
1111 435
183 297
2770 892
1795 617
2464 146
139 1105
811 272
298 514
244 563
277 730
2771 831
1809 43
1453 707
2772 61
2627 524
968 322
447 865
103 1065
1661 357
2604 733
2296 576
2520 157
472 97
361 15
42 144
2208 136
139 261
805 476
1824 484
2486 555
686 162
1196 308
349 228
2307 362
321 964
449 265
1439 146
2587 654
1871 501
522 501
1963 484
2037 670
2596 299
470 820
522 275
647 15
24 115
852 230
233 7
177 589
2074 883
295 923
2773 980
1095 804
143 687
502 353
661 292
345 284
339 693
2754 516
2668 723
321 572
2622 154
719 1065
839 613
677 148
1555 234
2774 257
2216 21
759 1007
2753 536
381 25
2775 378
579 804
392 109
287 657
2463 1105
768 281
2235 245
1056 47
705 217
586 965
1187 176
704 146
1091 519
171 195
1283 296
2265 236
2719 420
2407 456
2558 63
490 352
1254 424
419 331
2217 89
2115 464
2081 313
1865 1054
1306 420
2766 73
2257 676
2419 804
2776 491
2777 913
550 249
1771 687
2743 738
2778 239
457 159
575 150
52 514
287 720
585 342
585 31
347 188
1449 1106
2572 405
2779 925
2444 19
2780 65
677 412
924 310
317 806
1193 487
562 25
173 452
1811 505
2580 120
759 514
81 770
244 491
601 99
280 565
18 1297
2776 662
2781 84
856 967
54 555
515 213
363 514
2782 382
289 31
2783 376
1934 407
841 563
4 499
2613 581
101 512
447 63
493 642
431 79
200 122
582 654
604 536
674 195
562 136
633 152
1808 534
165 487
2223 770
354 422
705 360
260 826
2459 31
1738 213
2647 424
2784 150
785 91
864 865
2615 670
882 923
679 478
2709 837
582 51
527 716
513 460
633 824
2392 883
143 1105
2298 111
46 701
677 65
459 207
94 657
1263 593
604 211
2416 985
2756 385
52 55
2785 394
2524 538
121 337
845 1003
2120 37
2786 680
163 642
321 428
2787 412
147 174
841 913
517 412
1112 552
595 602
147 168
101 620
828 45
1052 308
2637 662
2788 73
633 554
2021 380
647 536
1731 199
1859 215
2628 215
205 973
1195 514
2629 259
513 643
2493 523
54 1067
2383 320
2789 642
177 224
244 657
459 348
244 164
969 707
1893 315
696 616
885 802
2790 232
2791 150
816 865
212 635
2117 243
2749 676
470 403
515 414
327 662
287 234
138 435
2656 129
139 613
185 249
2718 104
679 862
1114 134
527 9
404 222
629 708
395 617
1193 19
2707 353
2474 80
38 328
163 857
2792 726
461 193
530 73
795 726
1056 534
10 405
208 337
2372 93
629 754
52 543
183 574
725 497
2490 382
2106 602
210 659
2793 563
472 923
968 458
293 589
285 414
1510 964
2794 79
595 284
2104 699
515 294
258 806
838 701
647 676
710 518
2242 107
2795 263
187 263
2603 241
1965 350
212 418
267 826
539 27
641 265
1274 15
2635 813
347 224
2796 1067
1401 464
46 799
2797 168
106 77
200 424
233 253
2519 87
2064 519
2798 668
143 303
2772 701
847 249
2798 955
601 1003
204 122
431 1106
1008 892
2799 39
725 422
2601 162
1056 301
2252 222
864 352
1114 422
325 643
42 226
1561 616
143 275
2086 355
696 620
425 452
52 150
2469 478
482 324
2331 913
2800 191
1464 368
34 707
354 335
845 495
2801 174
1056 407
1319 456
1999 164
805 109
629 764
845 197
161 521
2542 589
277 259
363 234
250 593
1977 420
177 1242
474 862
2802 990
869 217
855 687
1292 512
2803 583
474 824
258 360
2165 947
2144 197
546 613
138 25
345 305
795 209
647 881
359 540
461 501
1715 59
2804 93
1577 565
2805 497
522 576
674 234
2698 292
1432 284
158 756
2358 232
2609 131
2088 437
260 508
1311 1067
2174 442
468 335
2750 680
2681 195
447 859
258 720
1951 570
2806 33
2336 743
601 213
2302 299
118 724
287 382
606 140
864 947
2807 245
539 160
26 426
2808 228
792 503
1767 129
295 164
2809 1003
2513 278
1343 122
2211 23
317 623
575 84
2810 726
515 281
2811 813
795 703
631 57
470 617
210 557
2179 965
641 95
585 226
2812 162
2813 232
1974 288
706 71
595 126
667 13
404 357
229 802
2597 154
177 691
614 892
204 670
210 750
2592 804
677 335
725 84
527 464
461 84
513 973
2814 716
816 383
1033 389
502 328
2530 1105
2643 109
38 87
2663 767
1182 965
937 687
139 565
841 1109
2815 881
349 111
86 257
2816 767
2696 115
2780 226
839 1046
2589 487
1021 512
2157 120
408 469
1611 41
2325 947
143 148
2817 136
550 272
661 270
2818 239
641 124
579 278
171 593
2657 806
90 859
2246 518
1100 193
679 1023
1339 469
343 510
1710 77
101 15
879 824
2672 412
2027 21
2247 645
674 728
1232 297
715 228
2135 521
811 1314
2819 340
1323 397
2820 581
1810 613
2821 699
2485 234
818 510
2688 1314
1742 176
1952 762
133 956
640 77
1709 589
2813 39
705 292
2822 583
2509 288
679 113
366 478
1193 476
1442 892
225 176
2823 418
1933 547
470 996
2762 41
937 73
325 584
300 452
1471 925
679 136
1631 730
2824 623
2825 538
688 990
1610 234
2826 1067
165 429
2827 756
845 635
2593 360
336 224
2373 97
349 25
2708 437
715 362
338 616
562 249
139 37
42 478
759 243
2828 168
2829 150
200 99
2830 405
1816 469
1624 257
1795 281
474 144
2674 115
2831 654
1290 39
1064 27
2689 148
2832 21
2833 251
138 965
46 720
2834 1046
34 418
393 720
2494 55
130 888
530 43
2218 362
631 501
258 245
325 172
1927 159
629 716
841 964
2717 199
704 91
2484 397
98 563
695 456
908 55
2151 234
347 261
1894 691
2114 207
706 738
2075 35
183 364
1169 239
677 146
408 750
816 536
204 501
1829 328
2178 178
2535 716
1111 322
86 613
882 124
601 654
2400 57
130 1242
1714 478
1074 716
233 416
78 510
759 57
132 389
269 645
2835 296
1697 543
295 148
1445 543
187 491
595 49
2339 57
34 259
1056 7
2816 89
2748 925
406 5
1989 495
317 726
2836 574
608 693
1085 767
2472 478
467 996
2837 197
2630 134
706 79
291 809
2614 456
2838 424
2839 63
937 391
1350 109
2404 523
748 613
2840 1242
1961 570
347 733
2841 23
1056 207
661 299
447 3
280 478
393 412
205 294
869 365
24 659
2737 588
336 305
882 980
1557 581
2815 9
695 806
633 401
1777 87
1044 324
1101 888
2080 99
2661 576
311 120
2598 346
1296 160
34 466
2518 178
609 473
765 328
2842 407
2665 588
816 3
256 178
1708 360
1924 432
258 730
1756 382
311 967
2843 364
2841 501
2783 102
343 294
467 581
406 743
539 516
878 487
502 391
2844 666
138 456
795 337
688 82
2428 373
225 290
919 350
54 43
2845 442
475 1109
139 340
606 87
461 136
2103 170
1143 53
343 99
641 1003
1969 1003
2746 875
121 73
631 1109
287 420
212 144
952 804
62 753
105 724
309 862
1563 113
2846 1242
392 1327
747 308
963 126
165 331
2008 428
1509 733
395 243
212 383
816 174
114 943
78 518
2727 7
1045 701
2395 458
2434 299
816 263
34 265
302 284
1957 897
2227 540
250 61
133 680
2177 162
2847 581
2770 593
171 831
94 547
341 458
302 471
924 215
468 230
741 378
1349 346
2268 687
2810 324
72 215
882 241
2128 1046
127 456
2848 87
550 738
1645 543
2849 680
2521 888
2275 1314
2850 442
38 95
2794 996
586 215
138 195
2775 297
785 107
978 923
2757 278
343 699
2455 284
1834 464
361 148
2851 232
147 7
885 730
2292 730
805 524
1056 166
1165 348
2531 69
2492 428
629 310
2169 39
1372 170
103 168
347 654
1052 261
2446 1003
2852 73
1088 79
133 146
839 340
2768 170
575 21
300 241
121 1065
2359 1003
725 344
2648 337
468 703
106 148
1822 350
370 115
2410 97
2098 142
2853 251
2093 313
465 19
614 47
410 831
2352 956
1287 967
559 181
349 239
482 109
295 875
1192 79
20 471
2854 164
2804 862
34 494
1061 1314
280 263
1050 720
94 109
924 382
2357 17
1637 883
841 17
2652 99
2731 412
882 643
121 284
586 865
601 193
345 484
2855 462
515 471
406 613
453 767
2439 228
266 581
187 442
2721 1327
2136 308
339 416
52 245
2488 913
575 303
1856 296
2651 943
438 552
127 716
705 3
393 152
2561 160
205 162
127 464
1064 394
2856 701
2231 17
2808 1071
317 458
811 519
805 265
2440 414
393 232
133 335
585 222
2367 1175
233 1007
2158 376
2449 47
1075 122
2857 107
2435 547
2559 259
103 469
250 7
544 115
205 136
747 611
811 387
2571 109
2070 97
1656 43
2858 219
747 602
785 172
853 53
285 964
2574 837
165 109
1304 947
465 557
312 565
1022 925
2859 662
395 534
2860 826
2342 107
317 538
2861 170
2862 554
2863 996
2284 703
1117 476
2864 172
2865 239
679 213
937 499
2758 1314
879 160
2623 373
1680 837
343 996
273 996
1572 80
1345 53
2324 552
1293 160
870 555
2866 555
780 131
729 456
472 301
706 554
982 84
2867 33
2868 804
757 990
106 484
747 193
847 877
38 389
2869 635
2742 538
461 294
406 534
614 69
2870 831
729 892
2673 107
2611 335
2789 1314
2638 826
1033 301
467 313
419 11
688 414
695 301
410 174
298 284
2161 471
2238 113
795 464
1574 201
1566 31
1958 217
2824 733
2871 1175
2677 422
1261 378
434 166
2001 534
475 750
2710 174
183 259
1118 687
2269 335
847 140
264 80
2338 195
1642 111
786 389
62 802
38 756
679 1007
1788 521
2701 557
329 73
696 226
1033 154
143 305
2241 391
46 31
185 883
2456 547
564 512
502 369
143 368
1511 547
2411 142
812 955
1140 1003
539 701
729 703
336 99
1064 510
719 756
647 3
105 570
2025 570
1501 574
2327 73
1244 584
741 15
1728 268
2872 1023
2168 820
522 799
2873 1023
2691 142
760 61
869 91
1614 524
62 290
2860 51
2874 162
2545 613
472 179
208 162
1134 375
1725 524
10 360
1558 15
1892 360
811 877
254 602
1633 645
110 5
2875 538
453 583
345 47
2457 394
2771 512
2876 337
2695 616
40 182
818 154
441 1046
601 33
1056 182
2466 136
601 668
1795 203
629 281
38 382
2417 435
24 923
1279 770
1931 589
924 35
345 799
2819 572
606 284
2702 456
601 708
312 168
1238 1039
1215 337
841 182
38 297
2159 124
741 107
873 645
1743 243
2734 1
715 320
2877 720
1064 144
1033 369
1114 115
1757 428
677 195
2590 554
2640 328
106 965
2317 241
336 188
2423 59
2288 668
949 337
127 331
34 635
1895 191
1872 593
575 516
527 383
745 437
1245 355
1064 476
1389 584
2878 432
2755 397
2879 754
1795 89
2316 1327
42 521
522 505
2175 43
2856 442
200 403
1182 69
256 593
595 424
575 473
912 923
2791 146
2685 335
277 95
2043 19
200 113
2764 25
760 362
156 676
629 442
2409 63
465 33
885 1067
688 923
559 495
787 576
34 643
225 232
244 770
1008 680
1394 726
812 881
2799 554
123 534
585 160
482 699
2850 230
187 89
1019 186
2131 353
370 49
2355 635
562 23
302 335
280 754
729 462
2370 375
805 236
121 324
438 617
472 519
347 877
1625 17
2849 518
300 154
2581 750
434 278
2237 738
2188 294
205 501
559 306
2362 195
165 813
81 985
1912 322
970 53
1288 39
10 111
24 136
2806 699
502 892
298 925
1716 736
2875 764
2660 668
2839 422
864 129
20 170
18 75
312 466
2880 426
2881 857
2833 326
2566 107
633 79
2552 326
1015 1065
1182 593
18 1065
601 73
1690 41
1784 69
2311 557
475 510
734 1067
2711 433
2344 160
1191 394
98 565
2565 328
2880 471
845 306
392 420
940 69
1087 241
173 437
208 514
139 23
103 67
453 584
604 337
386 620
2873 84
1101 174
513 875
1920 534
637 809
81 555
1111 469
2840 699
399 865
2675 728
392 387
158 426
2882 270
747 518
374 71
821 654
392 943
2009 9
408 557
688 925
94 61
66 369
101 41
1072 923
2883 412
577 865
2878 301
1316 862
1658 1327
1198 144
2874 249
345 1023
321 956
18 733
10 93
661 1065
133 552
2884 53
677 89
1660 1297
1417 253
163 670
719 136
994 357
1364 602
2885 516
747 342
431 883
2655 124
311 63
94 456
2105 49
280 124
468 617
1111 53
1094 1023
562 170
225 547
579 89
582 348
2686 3
410 89
647 859
361 197
46 1297
725 501
361 456
2786 168
32 297
1886 152
1064 495
200 552
419 365
2835 743
2886 79
1008 346
882 416
502 503
354 687
2401 990
381 164
1135 883
2882 73
24 1007
2779 136
62 428
300 623
327 93
869 494
2084 518
879 232
317 487
248 418
264 754
517 956
2266 414
1267 154
171 857
661 510
354 403
606 1105
216 554
171 178
366 308
302 146
747 536
2057 186
1997 508
2646 322
976 284
1795 226
216 1105
298 501
147 676
688 326
2102 270
575 1105
363 184
2549 426
204 469
1376 521
818 344
595 484
1748 290
187 131
105 716
2792 335
704 802
2837 435
502 93
747 1242
1489 654
2887 243
819 243
475 150
2888 288
573 27
2793 865
1916 69
847 429
2745 826
1847 41
123 985
1826 375
319 670
2645 676
447 809
339 813
1182 687
2166 862
46 111
1568 136
1114 514
2386 109
1101 407
2889 47
321 396
2662 162
1598 980
163 157
2890 985
2219 382
2891 635
908 164
1967 324
839 1327
208 659
1119 257
760 75
474 131
427 43
212 466
233 473
319 249
774 570
300 581
345 407
550 397
1101 1023
1938 292
885 251
2489 980
2621 378
2502 224
2892 424
2318 552
2181 552
1149 584
2329 17
1909 67
336 589
660 672
361 401
280 943
20 37
1795 738
105 460
539 389
2805 967
247 662
2427 1067
2390 1071
695 369
759 344
785 426
459 584
121 292
567 365
2523 213
2826 510
2659 693
2582 583
287 352
2240 241
105 412
1205 613
604 672
903 396
1682 13
2470 335
582 25
845 297
694 1023
467 414
527 996
2111 980
295 703
2893 97
325 1039
885 965
1686 414
882 122
419 469
882 583
133 270
158 162
705 278
2894 536
2205 146
158 29
579 820
183 207
384 241
908 813
256 376
138 13
2577 222
679 672
864 53
298 462
2332 452
527 1
312 259
1812 557
98 654
885 259
578 859
745 691
1774 547
882 435
175 565
459 1327
2890 1297
2866 756
2191 659
517 862
2584 176
2514 565
143 716
274 538
2607 505
904 39
1694 310
205 126
1972 563
1450 11
2895 883
631 179
370 281
1888 226
354 1054
2861 13
285 136
2575 1297
212 645
706 394
2896 1007
273 505
1502 642
258 494
260 497
515 154
759 925
2586 263
151 460
2897 232
1681 148
260 505
1713 181
2787 990
277 182
2898 51
1052 767
4 394
2838 699
338 152
1833 499
2124 799
1846 672
832 518
879 73
2442 348
2751 41
54 67
434 63
103 524
258 955
2610 432
2079 87
2729 1023
229 414
256 412
502 1109
2785 733
677 691
208 478
72 512
2834 305
2667 538
1735 234
785 369
72 676
22 964
2192 806
1377 364
2899 687
2900 1039
1422 484
522 416
1591 15
2283 69
2594 875
1711 452
845 913
805 523
562 129
98 584
4 708
54 342
1221 168
280 181
1597 1054
285 228
879 523
370 79
451 337
2760 230
410 947
392 124
449 1105
431 387
2759 1327
527 290
94 179
54 71
2443 1046
2744 172
1052 281
490 373
968 892
94 947
715 429
366 31
1193 736
2154 79
2650 394
327 369
151 207
968 407
302 270
2004 43
475 104
468 426
1578 191
465 707
2822 294
24 678
2761 67
2828 261
1567 290
879 540
434 955
198 672
1778 97
2699 13
1384 584
118 657
2763 396
163 296
747 215
94 804
2899 376
879 524
749 534
924 376
1823 146
118 47
46 804
2471 353
2183 53
1182 3
264 403
2221 574
869 623
1496 43
2767 111
4 738
847 104
2795 469
818 466
381 494
582 382
449 45
2167 292
1012 45
345 691
1960 69
818 389
2085 251
841 259
747 663
2564 249
559 199
2901 967
2528 134
366 726
2035 376
127 148
94 426
2333 405
705 680
674 770
2071 554
1367 429
1665 613
905 99
2250 980
1883 284
2649 666
216 521
530 89
2846 826
2811 497
46 888
72 102
2384 487
2902 326
264 1054
1919 111
1055 837
2310 391
336 376
677 518
2800 39
20 588
1790 881
177 27
614 728
81 342
1219 883
200 980
2507 593
1876 51
233 5
2877 23
147 43
2197 21
1498 174
2903 310
1864 505
2330 764
1639 720
2867 405
2092 617
715 743
485 572
868 306
559 943
562 538
1621 756
2900 416
1193 213
447 164
2904 129
1182 676
502 350
2619 435
2905 593
2671 508
2906 294
2016 331
924 360
123 382
38 186
1795 645
2460 368
354 881
461 126
696 602
2738 31
0 767
2713 518
705 222
377 51
285 584
2156 593
2130 45
1340 643
2631 297
677 701
2381 84
2814 416
604 524
143 209
2150 521
2606 281
490 35
841 365
408 693
244 387
4 552
1273 296
1889 303
2418 720
1674 767
2260 305
103 162
264 1106
774 892
527 508
2886 802
1818 703
2704 964
1854 166
2072 407
2006 352
2369 831
719 268
1565 7
72 134
490 365
34 301
1002 288
2476 584
567 826
260 3
774 29
1085 1105
522 680
64 294
2687 666
2736 503
295 753
882 234
968 955
647 160
1791 340
530 611
1114 418
908 39
185 1105
937 428
2906 111
10 611
185 414
2033 5
2714 376
459 750
295 326
517 37
1183 476
2448 226
343 1007
2907 290
210 191
2243 17
741 602
474 315
280 294
2908 837
2797 328
250 102
515 699
121 466
319 576
515 764
614 432
105 897
1795 102
453 224
2733 152
2716 802
2871 378
319 980
2893 79
2563 303
300 487
273 484
1849 534
163 65
1404 965
559 63
677 209
845 172
118 643
841 326
1185 1105
2692 512
633 342
78 51
1064 1314
1995 243
467 387
130 484
2907 391
882 97
2812 418
1693 308
143 27
2625 583
78 583
370 45
812 657
2901 813
98 1003
1170 63
2403 320
2909 955
2722 385
112 1
185 144
2887 536
759 538
885 11
475 61
395 503
741 303
244 369
1291 249
118 129
562 576
785 31
864 391
515 980
2703 278
2350 943
42 27
163 350
1101 195
366 645
2845 207
2909 21
1033 150
158 39
20 565
2910 1
2725 172
847 207
1123 215
567 437
370 1297
2297 47
81 63
2515 456
2894 616
2911 452
1356 53
1727 43
336 764
393 826
729 536
381 13
1910 270
2857 215
2903 613
2827 219
845 654
601 23
759 576
1867 340
2600 55
2032 170
2504 120
742 27
2864 182
2774 203
586 197
601 162
2595 320
2912 701
2396 418
1966 574
2898 678
2902 168
595 588
2705 102
1866 176
2796 313
935 232
729 691
559 452
1678 253
595 820
185 762
447 813
1622 973
2116 484
277 375
204 429
1037 518
567 69
1052 201
419 720
2187 543
2234 1297
393 278
601 126
163 178
138 487
812 1046
559 313
2546 126
474 1039
2096 1071
1289 875
204 736
2913 540
470 965
633 433
2180 166
2914 730
562 7
1120 1175
312 117
2896 45
233 452
2910 255
474 397
885 226
1344 168
81 1327
434 888
785 174
661 23
2879 642
287 831
404 2915
2916 923
579 9
101 726
2573 251
604 113
924 396
392 736
173 538
688 659
890 265
2551 521
2855 296
864 39
2720 37
2917 25
285 172
4 270
151 967
204 1039
2918 1003
343 433
2149 82
614 799
444 67
2862 701
805 418
1472 635
419 179
72 355
1962 716
2276 272
450 342
247 1007
1955 1297
343 275
550 635
2118 376
2206 292
1385 494
2522 881
127 1023
247 1314
2865 510
2706 405
1412 602
2541 964
105 157
2482 301
1008 422
165 1175
2483 407
2818 955
165 102
2556 555
2142 326
151 837
1515 99
1060 215
567 956
2282 947
704 723
277 452
2809 859
1905 956
745 1067
924 831
631 756
1186 152
1193 1106
404 131
774 508
1522 543
185 678
2919 956
879 1297
225 257
468 322
210 241
2920 203
2578 61
745 826
864 469
72 1067
345 134
408 473
2858 877
2916 554
527 620
586 157
94 375
2480 743
171 259
2888 148
98 211
1114 211
273 23
2778 1067
256 764
2618 39
2752 299
225 375
1220 179
50 297
233 348
410 996
2363 174
2895 75
210 224
467 159
1663 182
1033 943
2807 1
260 645
1398 831
336 499
280 104
2863 693
745 310
393 456
785 428
633 275
2847 19
2848 21
2431 512
218 865
790 514
1064 232
125 265
2843 1297
2921 555
812 373
22 581
746 668
449 588
229 635
347 170
585 278
937 484
474 115
537 253
105 335
244 199
336 733
2920 471
2853 328
200 733
2765 37
260 80
2232 925
130 239
2278 728
615 738
449 663
2049 699
811 707
2199 831
567 521
287 47
2617 1106
586 234
638 831
1576 157
2445 943
2831 466
133 701
1064 136
2769 380
30 315
2465 257
482 299
585 79
2533 383
647 69
2922 166
2859 458
1722 382
2491 754
381 728
1556 174
130 589
2632 523
2228 99
688 228
1182 365
1176 501
1193 35
438 503
1085 476
2735 611
347 397
755 659
937 456
2069 824
325 249
719 67
1862 102
18 1003
2506 5
2803 152
2825 1
2258 540
2820 523
229 23
818 424
165 570
287 888
1172 249
631 168
298 142
2854 84
601 89
1111 728
1695 666
674 412
256 195
2773 947
465 21
2790 230
812 320
818 584
470 521
747 554
1325 364
2911 346
1217 47
795 602
475 487
490 154
81 574
1052 257
502 230
2883 315
1787 494
300 352
805 1106
393 738
52 424
2921 547
1348 611
138 306
785 184
208 21
530 77
1932 369
2923 804
280 191
737 243
2433 495
2451 857
1770 973
559 670
1813 657
366 80
2924 1327
0 263
879 464
704 296
216 1071
2897 61
2908 1
256 857
794 142
864 239
704 534
147 973
1114 5
644 117
968 460
361 228
2832 510
530 232
522 824
2821 51
1976 1065
860 857
1956 144
474 27
1152 804
661 635
1330 510
839 770
388 611
434 642
2889 466
244 913
1431 111
760 197
1795 166
2852 802
937 157
1008 407
467 288
325 230
483 211
143 572
363 33
225 947
0 257
2919 389
539 820
1052 699
1115 288
839 583
559 802
1835 51
449 387
1855 429
392 328
2281 159
187 5
343 346
393 723
562 63
1891 645
395 420
2842 620
34 373
1459 985
513 201
579 211
459 172
2328 159
759 109
392 87
2723 120
264 877
0 514
233 182
2924 469
527 43
216 255
993 857
559 219
279 623
729 831
2823 687
539 75
470 13
847 320
2406 373
438 437
2869 217
647 275
101 503
2022 95
1874 555
1160 245
745 1314
151 176
507 1067
54 65
2579 255
2784 572
2679 170
2196 473
2044 188
408 164
2868 707
2382 809
661 464
392 967
1936 524
924 913
395 720
177 380
2923 859
472 313
1789 131
696 1071
204 197
363 964
1052 232
741 257
406 21
2557 728
18 501
98 131
1825 510
805 623
233 301
2740 555
2817 217
1683 117
216 508
818 518
1133 168
1056 452
2682 754
2152 824
527 148
983 764
2412 207
78 613
2233 435
482 543
795 888
2730 75
205 662
1669 925
2537 41
2781 499
2510 224
2633 199
2300 288
2547 335
325 802
1052 313
2694 296
1531 213
715 1067
872 473
1122 226
2683 508
2905 65
1795 754
2127 109
527 71
2379 364
467 5
2912 923
561 213
147 9
1917 184
2122 320
2555 67
2091 947
2620 964
2801 146
2529 877
2925 362
604 883
139 1071
937 666
2881 322
2739 973
812 47
465 750
1305 306
2917 142
2422 396
247 313
264 524
2914 733
2891 375
2724 1054
839 82
2527 623
2802 59
834 654
205 699
2870 201
2925 63
319 61
1821 563
1193 296
233 635
729 84
468 320
2904 346
468 643
2045 23
183 299
844 228
312 730
937 396
300 251
705 572
366 15
2562 897
2892 1242
1423 290
459 943
627 378
530 708
2782 1109
2349 217
1734 593
482 460
2343 290
1543 91
2495 943
2560 724
606 219
347 764
706 666
2922 547
845 243
2612 418
2777 383
816 77
2913 412
530 405
366 84
2884 464
101 364
2851 442
1414 964
2844 303
2624 996
139 79
1696 23
24 299
475 170
158 670
298 84
467 84
879 209
287 802
695 29
550 478
1056 657
847 228
502 574
2313 203
2926 45
312 140
1923 385
864 306
1991 71
482 19
44 620
2872 353
579 478
12 186
298 476
2741 35
2829 159
2576 460
467 397
2876 574
582 313
103 315
2670 570
470 865
2926 215
2198 33
2836 462
2642 396
1193 802
705 263
1667 257
2690 437
1736 71
2885 37
1620 355
661 701
2747 275
447 111
760 452
586 574
869 69
311 71
2680 947
591 82
138 720
133 676
2467 129
2788 365
1868 883
2918 91
2113 126
575 263
579 222
2830 676
1111 31
