2029 3719
0 1
2 3
4 5
6 7
8 9
10 11
12 13
14 15
16 17
18 19
20 21
22 23
24 25
26 27
28 29
30 23
31 32
33 34
35 36
37 38
31 39
40 41
42 43
44 45
46 47
48 49
50 51
52 53
54 55
56 36
57 39
58 59
60 61
62 17
63 64
65 66
67 38
68 69
70 71
72 73
74 75
76 77
78 79
80 81
82 64
83 84
85 29
86 87
88 89
90 23
91 92
93 34
94 95
96 97
98 99
100 73
101 102
103 104
105 106
107 108
109 110
111 112
113 114
115 116
117 118
119 120
121 53
122 123
124 125
126 127
128 129
130 131
132 133
134 135
136 137
138 139
140 141
142 143
144 145
146 147
148 145
149 150
151 152
124 153
154 155
156 157
68 158
159 160
161 162
62 71
163 164
165 143
166 167
168 25
37 95
169 170
90 171
172 173
174 175
176 177
178 118
179 5
180 181
182 183
184 185
186 77
187 36
188 189
132 59
190 25
191 192
193 194
195 19
196 197
198 199
200 201
202 203
174 204
205 206
207 208
209 3
210 211
212 213
214 215
216 49
217 118
218 219
220 221
222 223
224 225
226 227
228 229
230 231
232 233
234 235
236 177
237 29
238 89
239 240
109 241
242 243
244 219
245 246
247 248
188 249
250 251
252 208
253 15
254 255
256 41
44 243
257 258
259 260
261 189
262 5
256 263
264 241
265 266
267 268
269 69
270 271
272 273
122 255
274 275
276 277
278 279
280 173
281 282
283 106
284 36
285 286
287 288
289 290
291 292
293 219
294 55
295 296
297 248
298 235
299 300
301 302
52 303
304 305
306 307
308 309
310 135
311 312
313 314
315 183
316 317
318 319
320 268
321 229
322 323
324 325
326 116
327 13
328 329
330 331
332 221
333 43
334 335
336 337
338 246
339 340
341 342
343 344
345 346
347 348
349 342
350 351
352 120
353 152
354 346
355 123
356 77
357 192
358 359
247 360
361 362
363 189
136 364
365 366
367 129
368 369
370 371
372 15
373 362
374 375
376 108
377 378
379 380
381 162
382 189
383 378
384 385
386 387
388 73
389 13
390 391
392 69
393 394
395 194
396 397
398 64
399 157
400 5
401 141
402 403
404 300
405 275
406 407
408 331
256 221
336 409
410 411
412 108
413 314
398 409
40 84
414 415
416 43
417 290
400 418
419 420
353 421
422 423
424 415
425 300
426 171
427 1
428 139
242 429
430 255
431 432
433 292
434 307
435 436
437 438
439 440
441 442
443 444
445 446
447 273
448 13
449 450
451 452
453 7
454 3
455 456
457 458
459 335
460 340
35 116
461 462
463 403
464 465
466 199
467 468
214 249
469 240
470 442
471 472
473 27
474 305
475 476
477 478
479 175
480 481
482 97
483 19
484 32
485 344
486 199
487 429
488 225
489 331
490 45
315 309
491 465
492 189
306 181
109 11
493 494
495 225
496 131
497 27
498 499
500 481
501 502
503 504
505 17
506 507
508 208
509 510
511 512
513 87
514 515
516 517
518 208
519 215
520 302
245 303
109 155
521 162
522 282
523 133
524 525
526 160
527 39
528 282
529 530
531 462
259 532
533 235
534 150
500 342
535 536
537 538
539 407
156 229
540 541
542 275
543 544
545 481
546 547
548 181
549 266
550 551
552 273
553 1
554 335
555 446
556 538
557 541
558 436
559 348
560 29
561 429
562 563
564 241
426 25
565 440
554 452
566 102
552 567
176 568
569 570
571 465
572 251
573 302
574 319
575 170
576 213
577 578
579 135
580 581
582 266
583 15
584 360
585 481
586 9
587 43
588 43
149 61
589 590
591 282
424 551
592 92
593 137
191 177
594 206
595 114
596 597
184 598
599 55
600 601
602 268
603 397
604 418
605 606
575 23
109 271
561 607
608 303
609 199
610 391
611 219
612 215
613 597
614 39
220 615
616 248
617 618
619 515
620 143
621 423
622 59
623 9
624 544
625 601
626 581
627 227
617 66
628 231
629 630
631 632
633 47
634 432
635 135
636 637
638 21
163 407
639 39
640 171
641 525
642 643
280 260
349 630
644 277
645 199
646 647
648 411
649 102
650 651
652 538
653 568
654 429
655 233
656 38
657 110
658 601
659 590
660 27
661 137
662 663
664 507
529 206
665 29
609 266
666 607
667 329
668 643
669 173
670 499
671 672
673 15
674 530
675 581
490 346
676 450
677 246
678 32
679 468
680 348
553 681
682 366
683 314
684 7
554 219
132 450
685 125
686 364
687 118
688 689
690 41
691 692
693 429
528 162
58 79
694 695
696 249
697 201
698 39
699 700
701 563
702 69
703 369
179 704
367 255
705 700
706 323
592 147
707 502
653 502
708 45
709 145
710 711
712 418
713 714
715 476
716 563
717 718
719 720
721 219
722 472
723 342
724 725
16 288
726 147
727 728
729 175
730 731
732 371
733 507
554 734
735 734
736 737
738 309
739 647
740 436
741 714
703 59
742 1
743 81
744 515
745 288
274 351
746 747
748 749
750 606
751 53
752 286
455 120
753 421
754 429
755 223
756 468
757 725
758 340
759 204
760 255
761 125
267 302
762 718
763 223
764 273
765 590
766 201
767 319
358 731
768 201
769 55
770 637
771 194
620 21
283 170
772 73
773 47
774 104
775 359
776 7
777 300
778 366
779 385
780 781
782 127
783 499
373 5
784 173
313 1
132 785
63 517
786 446
132 567
787 192
788 420
789 781
553 123
790 409
791 137
792 737
793 201
794 499
256 23
579 795
151 150
796 797
798 258
799 785
109 3
800 563
801 292
802 803
119 290
804 92
805 806
807 231
687 110
808 731
809 171
810 92
811 84
812 734
813 5
441 282
625 27
814 815
816 737
817 695
818 420
819 181
820 225
821 362
820 822
823 268
824 504
825 29
355 601
86 84
826 827
828 465
829 369
455 672
830 141
831 450
832 711
824 833
834 87
835 630
836 66
367 837
454 34
838 815
839 541
840 481
841 19
829 442
842 507
843 541
844 243
845 846
847 49
848 192
849 167
12 850
851 530
852 162
853 418
854 544
855 1
856 213
857 858
761 859
796 502
354 43
860 342
861 221
862 64
594 385
376 850
863 728
864 342
770 438
865 346
866 189
867 223
868 630
869 152
428 403
560 391
870 440
871 307
872 544
873 171
874 875
736 795
876 66
877 286
148 290
878 525
879 27
880 201
881 409
786 692
882 185
883 127
884 147
621 380
885 438
866 725
76 597
886 407
813 681
554 323
887 286
888 164
889 241
405 127
766 263
890 155
891 164
892 84
893 581
894 472
895 806
470 806
896 803
897 248
898 25
899 206
900 734
901 394
902 1
903 145
904 858
86 114
905 387
485 102
906 618
907 131
908 423
909 204
910 273
911 912
697 286
913 615
914 170
915 371
916 155
917 116
918 181
667 208
919 23
920 795
921 263
588 229
922 302
923 924
925 69
926 494
927 689
928 260
929 177
930 87
931 598
932 933
934 837
736 346
935 618
936 167
937 510
938 34
304 251
699 125
939 211
940 342
941 19
942 943
944 945
652 296
661 536
946 360
947 106
948 66
949 450
950 167
951 143
952 231
592 233
953 273
954 19
955 25
956 351
957 84
522 25
496 15
367 185
958 249
769 99
959 317
960 108
519 961
962 630
963 421
964 71
965 943
589 131
966 171
967 329
968 248
969 309
970 81
971 692
972 371
973 606
671 204
974 438
975 75
976 104
977 5
978 147
970 663
979 340
980 720
981 567
982 618
983 64
984 277
985 296
986 118
987 785
811 420
988 737
989 990
580 145
991 87
269 725
549 141
992 223
993 329
994 995
996 79
997 504
998 219
999 590
1000 547
1001 450
441 235
422 81
1002 292
1003 41
591 385
1004 215
657 630
1005 440
1006 229
280 43
1007 943
1008 538
1009 275
592 71
825 221
26 9
83 737
1010 797
1011 452
1012 637
1013 92
1014 15
1015 97
1016 203
294 452
835 1017
1018 643
1019 55
1020 1017
1021 131
1022 403
1023 672
667 362
1024 49
1025 567
1026 651
1027 1028
1029 87
1030 924
1031 133
1032 260
1033 725
1034 251
1035 255
1036 246
1037 369
1038 476
1039 199
1040 446
193 532
1041 502
670 348
776 185
696 366
1042 375
1043 17
1044 924
132 1045
1046 468
1047 803
1048 227
498 268
1049 155
1050 211
916 43
1051 104
52 725
1052 394
367 578
1053 551
1054 32
86 924
1055 478
1056 288
852 171
600 139
1057 747
1058 97
501 177
134 607
856 263
1059 97
1060 286
1061 795
52 116
1062 961
1063 39
1064 133
1065 55
1066 344
1067 87
376 815
1068 532
1052 601
713 185
1069 407
1070 337
1071 102
1072 578
209 279
1073 223
301 329
1074 131
1075 391
1076 296
1077 102
1078 630
1079 747
1080 1081
1082 725
1083 275
1084 246
333 45
1085 597
1086 833
1087 3
74 397
324 351
1088 530
642 157
1089 568
1090 133
1091 208
1092 476
1093 421
1094 64
769 387
1095 92
1096 456
1097 323
744 442
86 468
1098 837
430 95
256 279
78 55
1099 1028
1100 452
1101 307
1102 618
1103 517
1104 223
1105 300
217 1017
783 1106
1107 478
1108 41
868 781
1109 458
1110 192
1071 317
367 302
1007 728
592 827
1111 380
1112 581
1113 125
1114 77
658 38
256 157
1115 515
1116 720
1117 507
1015 567
592 651
188 590
1118 123
1119 240
1120 227
594 371
1121 197
1070 933
1122 41
278 438
1123 462
1124 303
132 391
168 385
1125 366
1126 1127
555 803
1128 630
1129 41
1130 9
738 145
1131 340
1132 850
1133 695
1134 277
1135 456
1136 199
1137 7
1138 340
475 494
1139 525
1140 258
1074 380
1141 127
1142 150
1143 75
345 155
1144 192
289 296
1145 359
495 97
1146 846
172 331
927 206
719 233
693 133
574 199
1147 394
670 700
1148 197
425 1045
1149 61
1150 139
1151 227
1007 472
1152 307
453 494
1007 319
1153 429
889 102
1154 296
1155 681
1156 749
624 833
523 271
1157 348
1158 846
610 71
44 300
1159 995
1160 1161
1162 418
1163 77
98 530
18 945
1164 407
1165 700
1166 61
769 436
1167 806
1168 1028
4 718
1169 348
1170 607
253 75
1171 371
1172 147
1173 530
1174 290
1175 494
1176 567
1177 19
188 462
1178 502
1179 307
1180 444
1181 243
1182 36
1183 747
1184 359
1185 943
1186 32
1187 192
459 279
1188 255
1189 681
1190 598
1191 465
1192 213
1193 578
368 167
514 59
1194 530
68 7
873 720
1195 92
569 84
1196 446
736 359
1197 530
716 456
1198 643
1199 429
1093 150
646 59
941 89
1200 340
1123 581
1201 158
1122 415
1179 137
1198 312
1202 725
1203 133
1204 171
1205 81
667 81
1206 75
1207 502
280 1081
1047 41
1086 153
1208 95
1209 362
540 7
1210 630
339 795
376 618
1211 235
1212 95
1213 536
505 11
773 84
1214 243
1044 630
1215 578
759 302
1216 651
836 672
1217 403
1218 255
1219 13
1031 512
1220 731
1221 139
1222 164
1223 846
1224 104
132 229
1099 351
1225 945
801 943
1226 145
1227 49
667 36
1228 155
1229 728
1230 215
1231 1017
582 95
1232 875
406 409
1233 260
582 104
68 240
256 822
1234 36
978 912
1001 118
1235 47
262 277
1236 164
1237 380
939 510
1130 123
1238 189
1216 89
299 364
1239 129
1240 292
1241 11
1242 290
594 312
410 53
1243 806
1244 827
57 296
710 933
1245 1
520 1106
1246 601
1247 323
1248 279
57 223
840 1161
1249 423
1250 499
1251 331
1252 468
1253 309
1209 440
1254 41
1255 1017
1256 632
868 231
1257 785
1258 391
1259 407
1260 300
1261 440
1241 615
1262 286
838 494
1263 129
1264 211
284 961
1265 45
1266 95
1267 432
1268 1081
1269 25
190 162
664 1045
1270 647
1041 833
1271 258
1272 472
1273 551
1274 260
1275 23
634 288
1251 607
1276 183
1277 41
1278 153
1201 478
1279 323
1000 397
508 728
1280 1161
1281 714
1282 681
1283 53
1284 456
742 266
1285 1081
1149 3
1286 32
1287 185
516 725
441 481
1288 961
1289 337
1290 536
1023 618
1291 39
1292 106
1056 615
352 444
1293 462
1294 102
1295 131
85 615
1296 189
491 139
894 695
1276 120
1297 251
1298 720
1299 120
1300 110
54 442
1301 1127
732 340
1302 75
1303 309
50 29
1304 53
1305 663
1306 147
1307 45
592 692
1308 329
753 114
1256 360
593 286
1185 145
1309 219
1310 806
1311 108
596 7
1312 112
1312 692
65 223
1313 359
1314 504
412 362
1125 456
1315 104
997 797
1316 292
1317 822
1007 197
1318 695
1319 129
399 235
707 125
1032 203
1320 309
1321 229
1322 266
1323 199
1324 263
1325 618
1326 397
1327 822
1328 135
264 89
1329 183
1330 89
1331 296
1332 175
1333 618
839 597
998 84
1334 397
1335 288
791 263
1336 990
1337 418
1338 312
1183 27
1339 785
1340 77
272 97
1341 391
1342 183
1303 943
628 375
1343 255
1344 380
1039 663
1345 346
142 312
900 73
463 123
1346 45
256 1017
1279 23
1347 108
1348 415
1349 468
1350 208
1089 797
1351 749
1352 360
594 415
870 277
1353 797
386 391
1202 208
1354 64
981 822
188 125
1355 833
1356 815
437 34
1357 127
1171 607
1358 282
1359 411
690 446
1360 532
1361 912
1362 822
1363 118
553 563
1364 337
413 240
1365 204
1366 323
1367 547
962 731
1368 49
1369 995
1370 21
1077 651
1371 397
1372 378
558 300
474 630
1373 420
244 551
1374 229
280 378
740 1045
1375 314
1376 563
1377 112
1378 385
1379 781
57 704
1380 125
1381 472
1382 415
1383 478
935 1106
1384 32
1168 325
1385 362
1386 160
1387 145
784 133
1388 875
320 411
636 335
1389 307
1390 258
1391 544
1371 158
447 260
1363 481
1392 1017
188 846
1393 541
1394 499
1395 277
1199 173
557 348
1396 795
1397 153
48 1127
722 366
1398 279
276 227
44 731
445 84
1288 456
1399 458
1117 263
688 99
851 102
1087 421
1400 39
1401 55
1402 170
1403 822
1404 227
1313 342
1405 213
254 465
680 185
1406 403
435 137
987 421
1003 551
419 219
1407 75
1067 378
1408 344
1409 312
1410 203
1411 199
1412 436
1413 71
1414 158
94 27
1415 468
395 567
958 695
1416 375
68 695
1417 515
109 420
1418 378
140 1127
1419 240
132 446
1420 351
1421 114
1422 371
1157 714
1423 152
854 192
1424 822
1425 499
1426 1045
1427 846
1428 258
1429 116
1430 337
1431 271
1432 945
441 112
239 266
1433 39
804 273
1434 1081
767 49
1435 147
1436 248
68 325
1158 541
1437 651
455 409
1438 29
533 155
883 1028
1022 747
1154 581
1439 221
1440 781
0 49
1150 9
464 27
828 403
1441 695
1442 81
1443 152
57 961
1444 95
1230 995
1445 123
1446 517
1447 36
1140 452
1448 312
1449 251
1450 305
702 711
1451 177
318 266
1452 77
1453 468
1454 532
1455 672
879 403
1405 1045
1456 175
1457 436
1458 440
1459 221
1460 423
126 749
1461 211
1462 344
1463 615
546 380
1464 164
1465 541
1466 215
1467 203
774 541
1468 525
1240 120
1469 127
915 243
1470 734
1471 3
1051 597
1385 303
1381 990
1472 517
926 185
1473 108
673 478
1474 990
654 512
1475 912
1476 300
1438 11
635 429
1011 79
863 933
1477 17
667 403
1478 268
1063 13
864 110
890 45
1361 806
670 990
297 875
1138 135
376 75
1479 1081
1480 213
188 418
483 344
571 123
1481 846
1482 45
1483 268
1484 167
1485 302
906 268
1486 858
1487 47
667 541
310 371
1488 478
1489 175
1490 504
1357 325
1491 145
554 375
729 411
891 69
1492 606
1006 827
1493 346
441 438
1494 637
545 110
1495 695
955 106
751 302
1496 375
1497 833
644 418
694 990
1498 150
1499 160
1500 79
727 725
82 728
1501 359
1502 127
57 476
1503 512
868 615
1504 173
1062 563
619 147
1505 850
207 933
1506 55
1507 607
1508 43
1403 375
1509 243
905 29
1510 323
1511 3
486 39
1512 517
1513 95
1514 173
376 995
726 258
956 211
717 440
1485 411
1515 66
1516 97
1092 597
1517 110
1379 331
1518 850
188 141
1519 125
1270 369
772 387
1272 249
1520 1161
1521 23
1522 15
1523 578
1524 711
1525 143
1526 153
1527 833
128 632
1528 517
996 647
1039 227
1529 219
1116 25
1430 725
1530 672
964 288
186 185
1531 359
1301 240
648 499
1228 229
367 423
1532 167
52 292
460 512
1533 173
1206 423
736 170
1427 185
1534 700
441 606
1535 346
1124 718
527 266
1536 806
984 362
1537 258
1538 194
1539 277
1505 266
281 378
1540 251
1541 692
1542 440
1519 197
1543 510
1544 19
1398 34
1545 785
1013 225
585 450
270 135
376 192
582 397
1182 456
1546 95
1547 314
1548 36
554 143
1481 598
1549 73
441 607
1550 66
1516 260
678 314
1551 231
1552 581
1321 143
1064 135
1553 458
383 171
1554 9
1555 403
401 49
1556 1161
1376 215
1302 525
1557 147
1558 3
1559 106
1560 1081
1561 481
321 312
1562 141
250 110
1563 598
33 637
1553 312
376 632
1564 720
1565 563
612 695
1038 185
594 213
1172 59
921 364
1566 507
1567 391
1458 5
1568 335
1569 725
1483 204
1082 407
1387 120
1218 9
1445 38
965 120
819 436
1306 79
121 1106
1570 538
1571 995
983 407
1572 1028
1068 225
831 359
1423 1081
1517 1161
1573 731
967 1106
1211 143
550 446
1574 663
455 13
709 444
901 38
1575 206
1576 233
1489 329
367 502
506 137
1577 7
1380 177
973 273
1565 695
1207 504
1359 672
1578 337
1543 248
44 945
1579 211
1580 61
1581 502
667 183
1532 59
1510 25
1582 292
1583 69
1584 112
1585 387
1586 747
1587 700
1588 494
1521 282
1556 731
1200 331
1589 181
1590 581
1591 465
1592 112
1593 607
1173 19
1594 833
237 71
1595 1081
22 25
1596 221
1597 325
1263 1028
67 27
675 290
1029 23
1598 181
1599 275
1600 240
497 123
1601 502
1602 364
1603 260
1604 87
1007 718
1605 704
1547 49
1606 380
1607 246
1126 1
1608 637
1244 45
1484 258
614 49
1609 59
1610 378
1611 525
1612 362
1137 77
1613 17
1614 282
1615 632
1616 858
1617 268
1618 827
1619 248
627 418
1620 850
1136 49
42 157
583 547
1621 945
757 409
1622 21
1539 858
1440 135
1623 346
439 227
1624 837
1535 458
611 803
1625 173
769 1161
1626 71
1627 282
1628 183
1629 13
1399 143
377 162
886 189
788 803
1492 92
1079 255
1630 429
1631 102
1632 551
1372 720
210 875
902 39
741 815
940 305
1633 157
1634 249
1333 329
1635 79
1636 206
1132 1
1637 797
1638 248
1639 536
1186 266
374 260
1640 11
1641 803
1642 11
1643 43
1503 795
1644 41
1645 647
1646 598
853 704
280 432
708 143
1520 118
1647 415
431 11
1118 139
24 233
1039 714
52 380
868 258
1648 229
1269 87
1649 476
1650 275
1597 275
1529 737
1651 233
1573 1017
1257 152
1652 785
1653 351
1654 348
1655 517
298 21
1018 346
1656 590
553 598
1657 235
1355 859
1658 547
931 348
1442 380
991 162
746 95
1659 598
1660 387
1661 394
582 215
1397 502
1382 692
1662 344
86 458
1663 211
1664 251
1665 360
1243 59
417 538
595 3
393 9
1433 240
1666 637
1220 924
1667 681
72 29
1668 530
1669 415
1567 11
1471 438
1670 371
1671 606
1617 175
1672 221
1167 369
1389 364
1549 51
1331 292
1673 418
1674 714
1675 421
1676 394
1677 104
434 201
6 476
1370 827
1678 223
372 81
52 1127
88 689
739 806
670 747
656 255
280 137
841 241
1679 590
1680 317
862 164
1681 714
1153 795
1682 231
1683 66
1684 125
159 394
1685 112
1311 246
117 731
758 173
1686 337
971 570
918 213
165 827
723 450
1687 391
1007 465
1688 912
376 581
1435 452
1689 139
1690 504
1531 1017
1691 305
1692 465
1693 822
1657 346
1694 155
771 375
1695 329
1638 127
1624 472
1283 329
1119 319
1696 290
180 536
821 227
1536 452
1486 681
1165 192
68 538
1697 335
1258 288
818 692
808 450
1698 153
1699 538
1700 139
477 423
1701 502
1702 567
1084 704
594 150
1703 208
109 167
1526 177
1504 795
736 19
678 1704
1141 129
582 145
1443 438
396 590
960 303
1705 409
1518 319
1706 1081
1039 933
1707 512
1708 231
1709 342
599 167
1075 17
548 286
1710 912
1500 912
755 618
1711 452
1711 647
1193 581
1712 544
1713 17
1310 55
1188 27
768 213
1634 995
1663 632
667 153
287 73
592 429
1714 95
1715 277
1716 415
20 458
1717 943
1718 643
1452 104
1719 366
1109 643
1720 305
1721 456
1722 317
1723 106
1724 235
1725 271
911 442
1078 118
1726 342
1286 240
1727 223
44 532
993 268
1728 785
1729 99
1730 192
1731 452
626 444
1465 598
1732 568
826 458
1733 183
1734 120
1163 714
1735 1106
1716 84
1736 360
57 504
679 241
1737 432
480 1017
1016 567
832 409
865 21
195 689
844 340
1679 15
280 79
1738 71
1625 271
1739 403
1495 116
1210 481
188 275
1740 194
1741 1081
1058 375
698 319
513 171
1742 438
1688 167
1102 204
907 158
1743 39
1744 432
1745 385
992 302
1746 415
594 305
938 152
1582 538
350 875
1747 462
1748 420
484 1127
1749 157
805 79
1598 507
1177 99
1750 167
1751 547
1299 462
1651 23
1603 92
1341 615
187 837
1676 139
1752 536
592 307
1753 380
68 160
1351 1028
1754 692
944 651
762 704
1755 15
1055 547
564 99
1756 64
1757 97
467 689
1758 378
1737 387
1759 73
1760 55
1235 551
1761 175
451 912
1236 728
1602 1045
1762 859
1665 325
1763 181
1764 143
1712 177
1765 567
1766 423
633 692
1159 116
1767 704
736 912
1586 123
1768 45
1020 924
1545 150
265 1127
1769 663
1668 241
1770 415
1771 409
1042 532
1772 275
1318 366
769 194
1002 578
1773 3
756 317
676 251
1735 672
291 444
1774 9
1623 157
1775 436
1750 452
1703 407
930 106
1776 472
1777 590
1778 296
166 442
640 385
1779 160
1533 371
222 499
328 411
1780 99
1722 241
857 108
1330 206
1781 465
1296 69
471 563
1782 55
1395 246
1552 183
455 859
1367 131
1618 235
1457 307
950 806
1413 432
188 27
1783 734
1784 570
1340 598
1731 59
1336 116
994 36
1785 5
1551 92
1680 89
57 1028
238 945
777 181
1786 440
1787 462
1788 551
868 61
553 290
1789 875
1790 325
1791 567
524 663
389 1
1640 51
1091 517
1792 933
1782 147
1675 34
1007 597
1449 1161
1793 1127
1226 462
1609 258
1794 194
347 77
1795 51
1796 203
1797 961
1482 21
608 5
1798 432
594 203
1799 263
1800 961
1595 279
980 162
948 411
1801 34
367 5
226 246
1802 266
572 731
1803 1
834 233
252 69
448 141
1804 51
1493 827
1649 77
1699 462
1805 344
715 541
1507 243
1534 153
1724 643
1362 532
1806 152
1583 337
1429 249
1807 152
1808 858
1619 211
1195 97
682 995
322 378
376 711
816 570
1291 314
1219 1127
668 45
1636 945
1734 538
1391 859
1100 515
1775 536
1348 737
1267 615
1566 436
1060 1045
1809 476
427 199
1810 221
1811 714
1812 241
356 541
1356 104
1008 145
1813 75
1468 423
1319 211
1338 43
1572 211
1814 510
1815 112
1178 700
1816 248
802 112
1604 282
1215 309
1641 737
951 346
1817 251
1111 478
666 133
479 302
414 803
1818 89
1390 369
1693 194
1364 728
842 286
1819 319
1686 189
903 183
982 53
86 51
849 147
1820 837
645 13
706 385
1821 512
1456 66
1822 32
539 517
1329 943
1550 1106
1823 108
1824 38
1349 206
1224 476
684 714
730 110
929 859
674 651
228 45
381 323
1758 170
1674 597
234 229
1825 240
1826 643
1827 3
1262 536
1828 243
1253 120
1344 397
1829 411
1767 858
1830 785
1260 307
1187 504
1831 875
1832 728
1378 87
1833 499
1334 81
1834 711
1569 933
1835 53
1793 319
1836 943
562 116
1245 141
1837 177
1036 681
1800 116
1709 251
1838 208
869 114
1134 704
1594 797
1839 704
1409 157
80 158
86 340
1496 92
1490 125
1174 309
1840 263
1281 476
1841 499
1842 241
904 362
1843 125
733 201
542 749
1844 116
56 990
1300 924
1512 711
1845 597
1846 846
691 41
1847 846
1050 127
794 618
1672 73
46 570
1848 314
1739 95
1317 273
1315 598
928 225
1009 1028
1278 797
1513 465
670 277
1849 458
1666 150
1850 137
1851 89
14 525
1852 1028
1448 155
1164 933
1611 131
1196 570
979 781
357 197
1853 108
1469 351
553 177
1854 859
871 263
1088 317
1855 837
1745 233
1830 279
1856 815
1314 700
1857 681
1858 749
1280 305
1776 36
1773 152
1112 943
1377 415
888 711
493 714
1683 204
1859 110
1463 51
343 89
1860 271
1736 127
361 246
1562 850
1780 468
1861 859
1862 446
1034 630
1863 606
1720 731
96 532
1039 366
861 432
1410 606
1131 133
1864 61
1865 442
70 387
1401 515
1806 637
1866 204
1867 995
1156 510
1868 409
1796 532
224 203
1869 225
1870 360
1871 452
1727 411
1326 478
639 141
602 223
1110 568
1872 695
1873 260
1540 359
623 601
1874 102
1098 695
946 129
1875 248
1818 530
1876 875
830 319
1831 749
1225 317
1877 438
812 615
1184 1161
1878 618
433 309
799 335
188 175
1879 494
1880 568
701 990
778 961
91 822
1455 268
57 407
1007 268
1881 570
1514 512
1882 153
1702 532
1057 139
503 544
1883 47
1677 185
1575 99
1884 21
1885 781
1090 371
942 538
1886 359
867 329
1273 692
1887 409
1888 563
1889 700
1643 235
1887 728
1759 71
954 651
1339 61
923 342
1890 570
622 442
1249 131
1891 507
1808 303
1892 170
1292 162
1629 314
1893 924
1870 875
1894 692
68 440
1895 837
1896 114
1882 568
1678 53
814 77
1897 323
1692 9
1635 369
1252 945
899 317
1787 183
1898 468
868 25
1706 785
1899 201
1760 59
1779 747
736 29
1289 164
1652 438
1900 277
1053 420
1901 510
1902 651
1648 643
1903 317
1837 700
809 282
1095 567
1904 340
1905 515
1412 263
1467 194
893 120
1525 43
1667 718
1221 38
1242 578
1895 456
1820 366
1906 444
1039 411
1907 11
765 158
1853 277
1035 160
1342 538
800 366
295 183
1908 618
1375 141
1909 450
1910 331
963 279
1755 380
1911 601
1322 13
1912 152
1254 737
1913 51
1813 158
974 335
57 525
1888 249
638 229
1838 164
1899 436
1914 651
535 1045
1915 273
1026 99
1916 203
1108 570
1327 231
1900 303
1328 331
1917 215
509 129
1696 462
1148 797
1772 360
1541 84
1918 689
1919 504
363 164
910 375
712 362
1746 570
1546 394
1864 114
1920 731
68 1106
1708 97
1881 420
449 110
367 337
798 515
1921 271
1213 307
1922 990
390 432
1316 290
1923 806
1335 387
466 1127
1129 47
1358 720
868 102
1828 781
1555 601
975 478
1784 112
1564 87
908 158
261 517
1498 279
543 568
1309 570
1743 850
109 225
1650 248
1908 175
577 145
1268 421
1608 114
760 403
752 300
1234 249
1923 515
1447 366
1478 53
1924 258
1748 737
534 114
30 106
877 436
920 371
308 296
1046 89
107 418
1714 139
388 615
1606 663
1670 331
565 418
384 378
1896 785
1266 601
1925 79
1393 714
1522 423
1926 781
1307 157
1613 432
1927 507
334 150
592 152
1928 536
1411 141
1929 197
670 478
256 689
1930 147
1931 995
1768 235
1169 815
1790 211
1783 71
1554 38
1878 302
1919 859
236 797
1932 494
1719 116
1574 15
469 13
1585 734
1298 385
44 73
1419 850
1933 110
1114 494
1622 643
1934 162
1021 478
1434 150
1323 32
582 204
1848 850
1935 423
1936 290
1937 17
1472 933
584 749
972 271
230 225
1354 208
1639 300
382 933
1824 160
1626 615
1231 1161
1190 476
1701 859
1237 590
949 924
1392 342
582 164
392 933
616 1028
52 833
1238 728
1933 305
932 64
986 924
1654 846
1938 197
1066 651
1480 137
1939 199
1927 364
1865 647
526 465
1320 444
1464 517
1789 325
1571 837
1940 581
1162 303
1004 456
10 734
338 858
845 476
1941 323
1474 249
521 170
1646 597
1942 66
1943 637
1944 340
1798 73
1945 450
1791 606
1007 127
1402 720
1946 737
316 99
1894 219
1181 271
1120 303
1014 158
1814 325
1145 305
1462 689
1825 1
1374 346
1947 718
441 507
1142 34
1039 875
1726 1161
489 133
1560 637
1948 815
1189 108
1949 273
566 206
1950 397
1951 314
100 391
1347 704
1261 303
670 64
1846 7
1952 990
1577 815
1867 472
1826 143
1039 544
641 81
1883 803
285 364
1473 440
1834 64
1947 108
1874 89
1578 208
790 69
896 570
1925 442
586 403
1884 312
1147 747
1953 114
1815 737
847 266
1954 704
1801 785
1860 340
1955 155
985 943
705 568
1160 630
1956 507
1607 5
1957 1127
1913 17
1952 837
1633 827
1418 25
1293 296
1958 129
1959 215
1466 472
1388 1028
370 512
455 15
1542 681
86 201
988 551
667 351
1960 288
876 329
1961 275
763 1106
1836 578
1932 846
367 314
748 632
1962 397
1436 325
953 225
882 597
1963 87
1916 97
1366 106
1911 747
1964 827
1912 61
1965 420
1612 718
898 170
1799 286
341 118
86 369
441 530
1966 185
379 158
1544 468
1845 815
1965 446
1917 990
1350 711
332 734
1967 563
878 158
1968 411
1497 177
1422 781
1729 344
132 344
1580 335
138 27
1969 749
1373 47
1970 961
1971 19
1325 411
1365 223
1859 1017
1862 737
792 692
1856 846
775 924
1345 312
1955 827
1097 87
1647 420
144 296
1441 995
1479 114
922 66
1958 351
1797 837
937 1028
1805 530
1910 271
576 364
1030 1161
1842 689
554 89
1972 1081
1444 123
1408 241
1973 578
1605 303
1866 1106
1858 325
1475 647
1083 129
311 235
887 213
1637 859
1960 11
1974 515
1753 75
1284 990
1975 632
1976 681
1264 360
1839 362
1214 795
724 64
1889 859
1930 647
1681 598
1645 167
101 689
1977 827
556 444
455 248
936 79
1821 607
1978 307
897 129
1658 525
1738 11
1037 912
843 815
1407 81
402 160
1682 203
1450 1017
492 64
1770 446
1979 51
44 162
1980 335
1981 436
885 150
1010 544
1593 173
1233 567
1823 5
1105 201
769 720
1844 837
1477 615
1982 227
1983 536
1984 563
1246 255
1961 510
1128 450
1025 375
1792 164
594 806
1107 525
1684 797
455 246
1975 351
1592 219
1080 335
1778 578
1695 672
1528 728
330 512
1907 73
1897 233
1685 420
1890 551
1588 541
1384 850
1308 499
1416 225
1893 251
1404 858
488 606
1868 208
1810 71
1446 69
810 203
1817 481
976 714
1978 1045
1985 875
1986 175
103 348
1938 568
1898 651
109 181
1424 203
1530 53
999 75
44 421
1614 170
1155 418
1788 84
113 279
1987 720
587 21
198 850
1439 51
1988 183
1664 118
1989 104
1621 344
327 32
1989 7
1990 129
256 515
1425 302
1807 335
154 643
743 131
365 215
1470 391
919 720
1991 194
1054 141
1992 155
736 97
461 292
1747 309
1146 77
1596 11
1591 394
1506 369
1954 227
1993 478
8 747
1059 822
1488 590
1769 590
1988 578
1816 632
1248 152
603 423
1223 104
1628 444
1073 175
1740 260
52 601
257 912
200 137
1852 632
1756 337
667 49
146 442
1103 337
1655 409
1561 305
1777 547
1977 312
1994 734
1710 59
1065 647
1962 525
1854 192
52 77
1509 135
1730 833
1717 462
1974 167
1515 53
130 397
443 943
1232 632
1995 243
1454 92
2 785
604 246
1305 158
1277 112
1902 241
1428 647
1151 718
1590 292
1721 472
1508 458
1885 133
105 378
721 41
1630 371
1996 51
1967 837
1985 510
665 432
28 288
1997 458
1998 961
1999 924
1855 249
2000 711
2001 364
914 323
1841 175
1999 481
1523 444
1939 240
57 139
868 21
1764 157
1942 268
631 325
1019 912
1771 189
1203 243
2002 547
1811 846
132 106
1337 858
553 131
1984 995
1802 314
1928 201
1803 319
1584 446
1956 300
1557 806
1166 279
1949 231
2003 197
1906 296
1980 34
2004 689
1959 36
2005 359
2006 61
161 233
660 160
52 510
1983 507
1689 160
966 323
1589 263
1115 79
1069 711
1194 945
1966 541
2007 38
669 243
1997 155
1785 227
376 9
1850 181
769 34
1905 369
1461 749
1247 282
2008 601
1827 1081
1192 436
1353 700
554 512
1995 512
1786 246
482 194
1857 362
2009 536
1986 53
1176 231
2010 387
1969 351
1707 271
779 23
1027 360
1024 32
1749 21
2009 263
1822 319
68 568
2004 945
256 331
232 170
823 1106
1437 317
1599 632
872 153
1205 547
1501 118
1833 672
1968 204
1715 718
1576 282
1627 106
115 215
649 19
2011 515
1751 663
735 51
2011 912
1559 233
685 544
1295 663
1762 153
1615 127
655 378
537 309
1274 822
793 1045
594 17
1304 499
1229 407
1926 607
1601 544
848 797
1538 273
1970 249
1918 530
1835 204
1987 106
1901 632
1494 3
874 275
1774 160
1290 213
1725 795
925 407
553 66
1812 945
1396 331
1863 231
1191 38
1953 438
1879 348
1499 123
1761 672
1352 510
782 510
1851 99
2012 689
2013 815
218 415
93 61
1255 450
1072 120
1909 1161
662 75
1713 734
1687 221
2014 681
1694 143
1869 194
1143 131
1368 240
1133 961
1972 61
969 581
1204 233
1752 364
2015 429
1420 510
2006 637
2016 551
408 243
2017 795
1558 335
487 271
650 206
1662 206
736 637
677 718
683 199
1832 69
1943 421
670 32
178 305
1934 385
559 7
1691 924
1914 689
1951 319
1476 213
670 309
1175 104
1400 1127
1135 249
455 494
1861 568
1548 563
592 251
1795 71
1948 476
2018 452
582 797
909 329
531 444
280 47
1892 171
205 241
1197 468
1217 394
780 512
1993 663
1259 337
582 858
1369 990
895 258
2019 458
1570 578
1742 61
1982 681
1487 446
216 13
764 203
1227 850
1417 647
1944 607
2010 221
1620 1127
1144 502
1697 421
511 135
1963 170
1990 749
1656 81
881 164
1346 458
1222 725
1915 532
1616 718
2020 397
1754 803
1386 601
1343 394
1950 15
1415 102
1904 429
2021 833
2022 135
1632 803
1360 231
1673 718
1265 312
2023 704
1453 344
1935 663
1451 197
1829 1106
2024 73
2025 197
1945 305
1587 544
1781 747
670 360
968 749
1871 442
613 348
212 307
1998 472
745 734
1809 348
2003 833
1804 432
1903 19
1563 7
860 731
605 375
789 173
1723 171
1653 360
1872 36
917 456
1426 137
769 135
1661 123
1937 221
1431 607
1502 875
977 858
1033 711
1964 43
1406 38
1208 9
1929 859
2026 197
884 369
1877 421
1101 507
1741 438
553 517
326 472
1581 197
1705 933
1659 494
1491 292
2027 387
1250 66
2019 229
1094 69
1994 29
2013 598
553 211
1931 961
1847 597
1332 1106
2022 173
1324 1045
2026 544
1880 504
754 331
44 551
441 288
2028 728
1043 29
518 189
1924 442
1271 55
913 387
769 643
1212 160
1285 34
1297 1017
1922 961
629 359
2016 112
280 317
1843 568
1718 827
855 32
1459 288
1600 141
1005 858
750 532
2020 663
111 47
60 421
736 286
196 504
1239 325
769 803
1690 177
1383 81
1040 219
1104 672
957 803
473 394
686 201
1936 943
1940 538
1766 547
169 385
934 215
1920 481
2025 700
1991 92
1765 225
2024 17
1579 275
1414 547
1275 162
1048 108
1733 290
807 194
959 344
1085 494
1394 204
817 456
1728 637
2027 17
416 643
952 260
1631 99
2018 369
1287 815
1941 720
1840 300
868 536
2001 181
1049 157
1671 822
1642 387
2017 781
109 171
1076 120
1957 314
1007 547
1698 504
2005 110
2012 317
1170 795
1294 945
1981 364
1794 606
182 292
202 375
1875 351
1886 481
2015 781
1849 235
44 647
1669 47
947 385
2014 277
1432 99
1973 462
880 181
659 525
1180 290
554 118
1039 444
2002 75
1744 734
2007 747
1660 51
868 570
1096 995
1921 781
1610 23
1460 590
1873 606
2023 440
1421 34
1012 279
989 366
2021 700
457 157
573 672
1763 1045
1061 133
1700 255
1976 704
554 364
404 137
1644 420
582 749
2000 189
455 394
1971 206
1876 129
1152 286
787 153
1537 79
1996 288
280 342
1568 114
1891 213
1113 192
2028 711
293 47
1039 38
892 112
1511 150
1527 125
1139 380
1979 391
86 273
1992 21
1757 606
1524 337
1121 153
1819 13
1282 303
1732 833
1946 47
2008 465
