3701 6725
0 1
2 3
4 5
6 7
8 9
10 11
12 13
10 14
15 16
17 18
19 20
10 21
22 23
24 25
26 27
28 29
30 31
32 33
34 35
36 37
38 2
39 40
41 42
43 13
24 44
45 46
10 47
48 13
39 49
50 51
52 11
53 54
10 20
55 56
57 58
59 60
61 62
63 64
65 66
67 68
24 69
70 71
72 53
73 74
75 76
77 24
78 79
80 24
57 81
82 83
84 35
50 85
86 24
87 88
10 89
90 91
10 92
93 24
10 94
95 96
97 98
99 100
101 102
24 103
104 105
106 107
108 24
109 110
111 24
10 112
113 35
114 115
48 116
117 118
10 50
119 118
120 97
121 122
123 124
41 125
48 126
127 13
128 129
50 76
130 131
4 132
133 134
135 136
123 137
138 139
50 140
70 141
142 143
144 145
10 146
147 148
149 150
39 151
10 152
4 52
153 154
155 24
138 13
156 157
158 159
160 24
161 162
10 163
164 165
166 167
168 169
24 170
171 24
172 50
173 76
70 174
175 176
177 178
179 180
181 27
10 182
24 183
184 35
70 185
186 187
188 189
133 190
191 24
192 193
13 194
48 195
196 197
198 76
199 200
10 201
202 24
203 204
41 205
10 206
207 63
85 208
209 210
48 211
10 212
10 213
214 215
216 35
217 218
219 11
10 220
221 97
24 222
10 223
10 224
225 76
226 27
10 141
227 228
229 230
141 231
232 59
233 234
235 236
237 238
130 239
240 241
242 243
244 13
209 245
246 13
247 248
249 151
13 250
251 252
253 254
255 256
257 258
24 240
259 260
50 261
180 262
24 263
264 27
265 13
10 266
267 268
10 269
270 13
271 46
10 272
273 274
24 275
276 277
7 278
175 279
280 281
282 283
284 13
105 241
10 285
63 286
6 287
24 288
289 13
290 291
41 292
15 148
293 294
295 296
297 13
59 298
299 24
24 300
301 302
13 303
48 304
200 305
10 306
307 308
309 24
310 259
24 311
312 313
314 315
235 13
316 227
13 317
318 319
6 51
133 320
48 321
322 27
323 13
324 325
326 76
327 111
328 13
329 59
24 330
331 332
10 333
50 334
335 245
196 336
337 338
13 339
335 340
92 341
6 0
39 13
342 343
59 344
63 97
259 345
346 13
347 348
24 349
70 350
111 351
352 353
354 24
355 92
128 356
357 358
172 359
117 360
10 361
362 99
363 364
365 366
367 10
368 369
370 371
372 373
374 50
51 375
376 377
13 378
379 380
10 151
381 382
196 383
384 24
24 385
123 386
387 24
10 388
59 199
90 389
390 391
392 393
10 394
10 395
396 397
15 398
399 13
400 401
402 403
404 358
18 405
406 18
407 408
27 409
410 411
27 412
413 414
24 415
416 417
418 419
10 420
400 421
6 358
15 422
259 423
257 424
425 426
427 27
428 141
10 429
430 431
432 433
24 434
435 436
48 437
48 438
10 158
374 439
232 414
440 441
273 442
443 180
444 358
445 24
446 283
39 447
448 449
450 451
10 452
453 92
9 13
454 455
36 456
151 457
458 459
413 460
461 462
13 463
24 464
465 466
10 171
467 468
469 458
470 471
384 431
307 472
132 473
474 24
39 475
476 76
203 477
478 479
480 24
481 482
483 4
435 283
484 485
486 63
32 10
175 27
427 487
13 488
10 489
282 24
10 490
24 491
492 24
76 493
48 141
494 495
24 496
11 497
498 499
24 500
501 141
13 97
48 502
503 504
505 506
507 13
461 508
509 510
256 13
48 283
511 512
513 514
515 24
516 35
2 517
329 24
416 518
519 307
39 520
521 522
523 97
24 524
203 525
70 404
526 527
314 141
528 431
484 529
530 24
531 532
111 533
534 7
535 151
536 24
537 297
10 538
48 539
10 540
541 254
176 210
10 180
542 543
544 358
400 545
6 27
10 546
15 547
344 283
548 549
10 550
551 76
552 97
553 20
554 555
556 557
558 559
560 76
561 510
562 13
13 438
563 108
564 13
448 565
566 235
295 567
568 35
569 570
571 53
24 572
573 510
574 575
576 577
578 579
580 277
581 254
542 582
583 584
585 240
283 143
586 465
24 587
588 27
408 178
589 590
591 76
48 592
133 593
594 13
48 595
48 596
597 20
48 266
6 598
24 112
133 35
24 599
600 601
503 602
603 24
604 151
15 605
24 606
607 13
608 609
59 151
101 610
611 97
141 612
133 569
613 614
615 20
484 616
10 617
11 618
59 531
619 358
620 31
432 621
48 622
542 623
624 24
625 189
626 627
259 628
147 629
630 402
48 631
507 632
50 633
212 634
635 636
637 569
638 639
50 63
133 67
513 640
641 24
642 643
293 644
645 35
646 97
497 647
6 648
649 366
293 650
641 35
13 651
652 97
24 653
654 35
120 35
48 655
656 657
658 659
253 63
13 660
661 479
261 254
542 141
431 13
662 151
10 663
97 35
10 664
665 76
90 666
24 64
557 114
24 667
668 669
50 503
10 670
10 671
10 672
50 673
344 674
24 675
24 676
569 677
678 586
679 24
408 680
10 681
682 334
482 683
114 684
293 685
686 24
687 688
67 689
13 151
63 24
690 13
691 76
692 76
130 693
13 694
117 35
695 76
410 696
470 76
232 697
10 502
59 698
24 699
700 158
24 701
117 51
702 506
57 703
704 705
24 706
707 13
708 334
709 710
711 97
436 24
712 92
713 35
714 715
10 716
717 334
435 718
719 15
13 720
10 721
598 722
10 723
724 725
10 726
48 387
727 15
133 728
729 24
50 36
400 283
730 731
732 714
733 627
503 35
97 20
734 50
24 735
360 736
737 44
310 35
10 63
24 738
24 739
259 47
740 741
10 742
743 397
213 76
59 39
156 744
474 745
600 746
747 748
749 347
24 750
24 20
10 751
431 752
753 122
754 755
756 10
374 51
11 220
283 757
259 758
759 13
760 601
761 35
10 298
283 762
530 13
189 517
232 763
27 764
13 765
766 767
768 769
770 13
771 451
772 415
471 773
774 235
181 731
24 775
15 776
10 777
106 778
179 779
780 27
781 24
782 358
59 783
784 338
24 785
484 786
293 15
24 787
10 788
117 763
123 789
638 790
752 35
791 792
793 15
48 794
295 35
39 674
795 24
796 397
797 24
280 196
798 510
24 451
314 130
799 235
800 479
133 801
10 802
67 803
618 804
805 479
10 806
105 807
15 496
130 808
48 448
809 240
248 178
810 811
812 24
813 24
814 815
816 27
817 35
151 818
10 85
435 819
13 820
24 821
10 822
199 254
823 6
13 824
59 825
594 826
827 828
829 557
5 830
24 831
832 554
833 110
24 834
835 836
837 838
408 315
48 839
10 840
53 841
48 842
374 232
41 843
844 24
845 846
24 847
168 848
10 849
850 343
6 422
851 402
5 24
10 852
10 378
794 97
299 41
310 853
41 854
855 13
465 856
857 466
858 859
860 240
861 862
863 13
10 239
864 865
866 867
868 24
123 869
41 679
179 870
15 871
10 872
259 873
874 41
875 876
48 877
878 879
7 880
849 13
117 881
513 882
883 884
151 277
885 886
11 29
887 888
889 890
158 891
892 130
893 479
835 894
24 597
895 896
13 599
120 24
897 189
898 85
92 899
900 76
901 902
895 59
50 95
903 62
196 904
24 905
296 254
32 906
588 76
53 907
352 908
542 909
39 910
911 466
912 913
914 915
722 83
916 917
918 151
919 24
10 458
70 920
48 921
13 922
117 923
24 924
925 358
374 926
525 76
927 928
929 930
931 932
10 933
934 431
181 935
59 35
76 936
215 24
937 76
938 415
24 627
458 323
939 50
85 940
941 942
10 943
67 944
945 497
641 338
24 882
946 24
947 362
948 13
117 949
48 950
516 254
831 951
747 952
48 953
6 46
954 29
24 955
956 957
785 479
4 913
132 958
959 960
24 782
24 909
961 283
759 274
962 963
964 11
13 451
965 876
966 451
177 408
630 967
968 549
969 35
6 181
24 970
13 627
10 971
972 24
10 973
974 975
814 76
50 976
977 151
638 978
130 979
10 980
981 397
641 283
982 983
13 984
335 985
13 986
24 612
259 987
988 989
544 15
295 6
24 990
991 992
39 993
404 994
995 996
5 151
180 870
374 117
10 948
10 997
998 510
999 24
1000 94
956 782
11 479
10 1001
10 1002
542 1003
10 1004
1005 24
55 1006
1007 1008
1009 1010
257 1011
50 242
10 1012
520 1013
259 1014
147 1015
105 1016
1017 884
1018 1019
227 1020
13 1021
235 1022
1023 50
24 151
1024 13
638 1025
1026 92
1027 876
10 1028
458 24
18 1029
48 1007
1030 1031
24 1032
172 1033
648 35
235 1034
646 1000
10 1035
48 1036
10 1037
133 370
1038 627
174 76
1039 178
24 1040
557 1041
24 1042
10 1043
1044 503
1045 151
280 1046
1047 151
10 358
202 1048
10 1049
24 819
1050 24
10 1051
11 1052
24 1053
1005 1054
604 35
39 63
242 1055
97 76
48 1056
1057 1058
578 1059
1060 1061
1062 62
120 13
1063 364
41 1064
97 151
1065 764
24 283
24 1066
32 1067
10 1068
1069 461
1070 1071
887 669
6 1072
10 1073
1074 97
10 1075
1030 1076
24 1077
1078 1079
220 1080
242 11
50 13
487 1081
203 1082
461 1083
1084 1085
24 1086
435 1087
1088 1089
24 1090
10 1091
1092 283
548 1093
607 1094
10 1095
1096 1097
8 141
1098 451
1099 13
13 254
374 503
24 1100
151 338
1101 13
307 642
70 1102
130 920
1103 1104
1105 24
1106 24
59 1107
1108 13
1109 1110
70 706
974 24
1111 1112
13 886
1113 13
48 146
1109 1114
1115 510
1116 1117
1118 13
10 374
1119 24
158 24
70 1120
1121 24
408 1076
235 67
4 1122
542 1123
6 1124
240 369
4 1125
27 320
2 1126
1127 1128
257 172
1129 13
432 1130
1131 20
138 1018
6 24
635 1132
1133 76
133 1134
24 1135
1136 34
1137 1138
10 1139
956 1140
1141 1142
1143 13
835 713
657 35
1144 1145
10 1146
484 6
10 310
513 1147
4 1148
1149 76
338 1150
1151 390
48 1152
1153 1154
1116 1155
408 24
974 1156
1157 13
15 782
1158 53
227 273
1159 15
10 1160
1161 650
654 1162
1163 187
1164 1165
1166 254
1122 151
1167 415
1168 1169
10 1170
67 1171
641 1172
1173 1174
280 347
1175 668
1176 1177
1178 961
24 1179
39 806
59 15
1180 27
1181 1182
122 1183
219 1184
514 13
1185 29
10 1099
722 1186
1187 755
1188 235
11 913
10 1189
67 1190
134 1191
1192 1193
48 654
1194 76
1195 397
1196 24
172 1197
934 1198
128 1020
10 1199
10 1200
13 1201
48 1202
1203 358
31 1204
484 1205
24 1206
1207 961
1208 13
196 1209
726 13
1210 11
1211 41
1212 410
53 1213
1116 1214
613 141
1215 29
1177 727
521 13
1216 13
1217 638
768 1218
10 1219
50 117
24 1138
158 1220
1116 1221
50 881
1222 1223
50 1224
24 1225
295 1226
184 283
888 1227
114 1228
727 358
594 1229
246 24
1230 24
24 1231
1232 1233
1234 757
4 1235
1101 141
117 1236
1237 1168
280 15
646 35
10 1238
10 103
1239 85
48 1240
1241 1242
1243 141
24 1244
1245 283
404 132
10 885
175 397
1246 397
322 1247
1248 273
1249 24
1250 1009
24 31
335 24
1122 1251
1252 13
914 1253
10 44
1254 76
249 62
202 254
1255 24
151 241
829 13
133 1256
352 1022
1257 358
1258 983
1259 151
344 151
129 227
1260 1261
10 1262
1263 24
1264 1265
1266 358
132 1267
24 1268
1269 377
41 1270
259 1271
41 1272
1273 1274
1275 76
644 1276
133 13
13 1277
24 1278
24 891
400 35
1279 62
156 358
10 803
367 1280
1281 1282
974 1283
1284 92
1218 1285
259 1286
513 220
10 1287
32 1288
15 1203
172 1289
1290 13
48 972
934 13
535 1291
1292 24
1293 18
196 1294
1295 97
24 1296
24 1129
1297 1298
2 1299
24 708
24 1300
513 1301
174 1302
24 1303
232 76
151 1166
10 1304
1305 76
117 1306
580 390
63 151
1307 24
1308 24
70 867
344 35
10 1309
48 459
128 1310
48 1311
962 27
620 35
1049 151
1292 1312
1313 13
567 1314
835 59
483 283
10 231
871 60
1315 13
24 1316
1317 297
10 1318
435 1319
1320 24
120 1259
24 1321
413 374
10 225
1322 20
1323 76
1324 1325
63 1326
1327 24
10 1328
1329 151
1330 358
1331 24
48 1332
41 1333
24 1334
1335 1336
1337 1338
759 1339
11 1340
109 76
507 1341
133 1030
48 1342
322 423
1343 27
974 151
1344 13
1345 1346
638 1347
10 1188
1348 13
24 1349
14 31
232 1350
51 1351
59 865
1352 992
635 1353
177 668
13 1354
133 455
95 6
10 330
48 1355
7 27
196 473
59 1356
235 1357
549 1093
1358 180
846 13
1359 1120
835 598
282 1360
141 1361
1362 1363
1364 15
1116 1365
712 1366
10 939
50 67
1367 1368
1369 24
10 894
90 1370
13 1371
1372 865
235 1151
11 347
209 1373
413 97
1374 1375
48 1376
1377 24
1378 463
1379 20
149 1380
1381 641
1170 1382
1383 635
10 7
122 1384
10 1385
143 320
48 606
48 1386
1387 97
1388 1389
197 782
1390 13
1391 24
484 10
1369 1392
48 309
944 1393
24 1394
390 13
1395 254
141 1396
1397 1398
70 1399
24 1400
1401 76
1402 92
1024 1403
10 263
24 1270
1404 91
1405 1406
10 1407
1394 1408
1409 76
13 1410
1411 24
1412 466
95 1413
10 1131
209 1414
1415 97
133 1195
1416 50
766 1021
1417 151
1418 24
1270 76
1212 482
484 1419
24 1420
581 20
1421 24
6 627
635 1422
1423 466
1424 83
1425 76
1426 24
24 1427
172 59
13 434
10 534
41 378
835 1428
10 1338
27 1429
13 213
1430 1431
10 57
41 24
24 1432
1433 83
138 1434
1435 1436
232 151
0 1437
10 1344
11 1438
151 334
374 607
48 44
458 1439
1440 105
280 181
1441 702
209 1442
640 1443
1444 1445
1369 31
24 1446
15 1447
24 1448
24 1449
1450 76
46 178
10 435
4 181
1258 1451
1452 1453
1284 35
1454 41
138 1455
1292 1162
1218 24
1456 13
586 479
638 1457
1458 1459
24 1460
10 1461
1453 181
10 1462
374 1463
15 1464
996 13
97 254
156 1465
67 13
212 1466
70 1467
1468 1469
638 1470
1471 35
175 890
283 97
1148 27
925 1472
435 1473
209 1474
24 1475
1476 76
1477 1063
0 151
10 964
50 696
10 164
128 442
13 44
117 1478
13 834
30 1479
322 1480
259 265
133 65
293 1481
10 531
10 1482
10 775
10 1483
1484 13
1485 24
1024 158
141 1225
1098 1486
1487 344
48 1488
10 653
10 382
10 1340
24 114
133 888
435 418
41 1489
10 329
141 35
1490 601
1084 13
374 36
132 1491
10 1492
1493 97
431 35
1428 230
50 141
382 1494
10 1495
10 1496
1497 554
1498 479
1499 1500
1388 1501
17 1502
1503 13
1159 1504
1505 24
1506 1507
10 1360
24 1508
1509 76
1510 189
27 1511
835 27
30 24
1512 20
258 13
8 1034
67 529
10 1513
141 1514
1515 254
10 1516
719 332
11 1517
1311 287
10 1518
199 1054
10 979
132 1519
48 374
123 1520
1521 24
133 1522
55 1523
1524 24
39 1011
24 1525
290 1526
1527 151
10 1528
382 688
1529 158
10 1530
575 1531
232 13
1071 479
1096 959
1532 24
1533 1534
133 1535
179 1536
74 283
13 76
1537 1538
1539 13
11 1148
15 1540
1541 35
133 1542
1543 1544
1545 63
6 451
503 1546
10 1547
513 1548
24 1549
13 1550
48 1551
516 151
120 1552
1553 343
10 1554
141 1555
1556 1557
24 1254
1558 76
1559 876
63 35
1560 74
24 273
24 1561
48 35
1562 76
814 1438
232 531
932 1563
10 566
1564 1565
1566 466
1567 1568
842 24
257 24
390 1569
15 1570
15 291
175 1571
227 1248
10 837
1572 76
931 746
904 511
1242 283
511 1573
1574 24
589 1575
10 1576
1407 24
1577 479
283 451
57 24
128 990
1578 167
589 157
279 1480
48 1579
6 117
50 531
117 13
120 1580
293 1581
468 457
1582 1583
513 1584
1585 1586
890 1587
133 1588
273 1589
32 13
1083 1590
1122 63
941 1591
10 1592
1593 1594
458 1595
1533 334
1596 1597
1137 13
50 358
1598 13
1599 24
1600 1601
1602 481
50 516
15 444
10 1603
232 1604
52 397
184 1605
1606 479
1283 13
36 1607
1263 0
1083 1608
1609 1325
878 542
235 933
1610 290
10 603
10 1057
261 92
706 1611
543 220
1518 117
1612 235
1613 1614
259 1615
10 1616
1617 50
120 1045
257 13
1618 24
13 1619
432 1606
1620 279
484 1621
15 1622
310 1623
575 684
41 1624
117 1625
641 13
1626 466
10 242
1627 876
513 618
1628 76
1629 431
10 1630
257 1631
131 11
1632 92
888 1447
48 1633
1634 24
297 361
1635 1636
10 1476
1637 352
123 411
1638 859
435 1639
503 1640
513 1641
1642 962
939 24
1643 510
648 1644
10 1396
352 1645
1646 13
1647 1648
132 233
1120 1649
10 1650
974 1651
1652 1653
1654 27
746 1655
1656 24
640 1657
991 167
1658 24
1200 24
669 1659
677 358
1204 181
10 1660
1661 13
1662 76
24 76
70 423
1218 35
39 1322
24 668
10 377
464 76
48 214
1663 27
1664 151
48 1665
641 151
1666 27
117 97
10 1667
889 1668
48 1669
1187 859
10 895
624 13
267 1670
1671 20
1672 13
298 24
574 479
1673 181
1398 85
1674 13
24 1675
283 1676
251 1677
1678 510
832 714
1679 254
147 1680
641 85
374 1681
1682 1683
24 1684
742 698
70 1685
10 43
50 598
24 1686
0 35
259 328
1687 1444
1688 1393
413 1689
233 358
133 167
988 1690
1691 62
1692 1693
48 1694
956 1245
114 1695
10 1696
934 557
10 1697
1698 1699
641 1700
117 1701
1098 1702
1703 13
1620 1704
1705 973
24 1706
13 555
24 1707
1708 1289
710 541
888 1209
1249 1338
713 1709
1710 510
837 252
1711 24
130 1712
888 1442
101 1386
374 853
316 1713
1576 1555
171 13
13 1714
1715 641
1716 267
1717 240
1718 27
1719 273
1720 76
1212 1096
24 143
11 1721
1722 24
1723 24
894 319
1724 455
546 24
24 1725
408 248
1726 503
542 1727
1728 358
259 717
1729 1730
374 1731
435 1732
10 1733
1098 146
175 1734
435 1735
645 1512
1736 24
209 295
974 50
1610 1428
416 181
4 1737
259 1298
4 1582
769 1738
712 39
380 1739
1292 581
1740 1741
70 15
10 692
1742 239
10 1743
511 15
1744 11
1745 13
156 706
1618 13
1746 1570
1120 1747
24 1748
1749 641
1571 1750
10 1751
926 13
1752 400
1753 50
1754 97
101 553
941 534
1620 267
816 358
322 837
1755 13
1620 1756
1635 479
34 402
1757 1758
48 1759
710 271
1122 24
435 1105
484 1331
242 1565
1760 24
837 1761
1762 334
59 27
435 1763
1764 97
24 1765
1766 189
55 13
1767 13
24 1768
70 267
10 1769
10 1509
10 1770
11 1771
232 1772
90 1773
10 555
648 1774
18 1775
1776 24
147 11
1777 143
1778 1779
24 1780
1781 24
1782 1783
835 1784
1785 254
2 1786
32 1787
1137 1748
746 1788
1789 1790
13 334
8 13
638 1791
1792 27
1793 24
1794 397
1795 24
259 1463
117 24
133 1796
1797 35
4 541
435 1112
484 597
15 1798
712 1799
329 283
24 1800
961 1801
761 1206
1802 1803
1804 76
810 1321
1805 479
24 323
48 11
1806 397
24 788
1807 1808
48 1809
1057 1810
209 1811
48 1812
13 1813
497 2
70 912
1814 76
1760 76
484 13
17 1815
10 1816
70 942
883 15
1817 15
67 11
24 1818
1794 23
461 1819
180 1820
117 562
1506 283
1821 27
1822 11
10 1823
280 1824
10 1825
111 1826
259 1827
1505 151
1828 510
914 520
307 1829
861 884
635 283
24 1728
1086 76
1830 479
1243 24
1831 0
117 673
1832 1833
10 1834
50 435
1835 92
1403 141
1836 24
32 1837
531 97
1838 212
10 1839
85 503
1840 638
1841 1842
11 1843
28 92
48 1002
1844 876
1596 1845
722 317
1792 569
1846 1847
10 1848
1849 343
479 1850
4 233
1851 929
410 804
59 1852
1853 114
203 1854
1855 24
10 1856
929 24
10 1857
1665 24
1858 76
48 1859
350 727
1860 1861
1862 76
128 1863
410 1096
70 133
1388 1864
10 41
133 15
1865 24
207 817
1866 1615
712 270
1867 46
410 1868
257 1869
24 1870
6 4
1672 24
895 24
1871 134
211 20
1872 1866
53 1873
2 1874
13 1842
120 1682
10 1233
1875 24
1876 1877
1878 510
48 583
787 13
1879 27
1556 1880
1060 1881
172 1882
1883 62
41 1884
1373 992
10 1885
174 1597
1886 335
727 1756
1887 390
90 1888
24 792
1889 1890
24 1891
6 1892
50 57
117 1893
209 1894
835 318
431 1895
1896 10
374 1618
59 259
1897 627
141 1898
654 6
105 1899
10 1900
87 1901
10 1902
1785 35
927 1903
10 30
57 1904
1407 13
1905 76
1906 97
513 1001
101 1907
1908 13
753 1909
1910 76
203 242
1911 132
10 1912
802 20
13 1913
1914 435
232 20
50 1915
235 1916
24 42
1238 631
24 141
1917 1918
1354 76
484 1125
1145 24
1919 643
1920 1021
1921 13
50 648
352 235
1627 46
24 1922
569 1511
4 358
15 471
1923 479
1527 1338
10 1252
542 1924
1925 1926
1927 1238
1928 97
1929 189
1930 151
133 1931
1932 1933
13 1435
133 513
1934 27
48 1935
184 151
1936 189
1533 101
853 11
1716 27
282 1937
374 247
925 1205
755 13
141 1938
1939 24
1940 1941
1582 1942
147 1613
232 50
516 97
41 1943
638 1944
1945 1946
620 276
39 35
10 1947
24 1509
13 1471
1948 13
1949 141
48 1925
810 1950
95 1164
1120 1951
24 1952
435 1953
1954 443
50 1955
24 1956
641 1957
1378 833
24 1435
50 100
1872 74
259 1958
1388 1959
10 1960
10 770
1961 97
24 1962
1963 189
10 126
1964 1965
35 496
11 1610
76 254
569 357
1966 97
641 1967
24 1968
1969 29
24 1226
48 1970
273 1339
172 283
10 1971
1620 358
15 1972
24 1973
10 1974
1975 158
1543 1976
1506 50
1596 1977
1978 20
1979 35
435 1980
1981 1450
1982 29
172 1983
1984 638
362 1985
10 1986
1987 687
13 1482
1988 1971
1989 76
15 239
10 1990
640 791
117 1991
531 283
48 1992
1438 1993
560 1169
259 1994
24 1995
10 1996
1997 967
1998 1999
1136 4
425 240
620 2000
48 143
2001 479
61 151
10 1036
174 409
10 2002
1222 2003
13 2004
24 2005
2006 569
10 344
48 2007
1144 24
10 1135
2008 840
41 2009
2010 120
13 2011
2012 13
41 2013
469 24
114 2014
10 2015
1116 2016
201 35
322 97
620 2017
2018 13
714 2019
1505 35
2020 151
259 567
467 151
458 2021
24 2022
2023 2024
48 317
48 447
133 130
365 2025
259 787
2026 76
174 149
1506 97
133 2027
620 369
2028 27
24 2029
1579 1418
24 2030
640 2031
513 1039
722 74
10 2032
656 29
2033 371
215 2034
15 461
1153 1617
10 2035
39 2036
531 13
942 2037
27 167
893 466
59 648
10 2038
175 2039
259 283
1802 283
202 50
209 2040
15 2041
2010 24
48 2042
2043 510
435 2044
620 2045
1417 62
2046 13
10 2047
2048 1248
180 2049
95 4
1085 2050
24 2051
59 230
408 2052
2053 934
15 2054
10 2055
1851 11
10 2056
4 46
24 2057
24 2058
48 2059
2060 13
1071 575
188 638
196 2061
235 2062
478 557
413 152
10 2063
2064 13
2065 76
2066 432
2067 510
120 21
10 654
1556 2003
367 1973
1188 1612
1458 1907
90 2068
2069 755
10 2070
10 648
2071 627
10 2072
48 507
63 2073
90 2074
295 63
6 2075
2076 2077
2078 53
1002 24
50 926
24 1554
2079 76
1243 15
41 500
259 2080
601 35
10 2081
1889 24
2082 343
723 24
321 2083
39 97
2084 151
2085 132
847 1366
2086 10
2087 24
24 2088
232 1005
2089 510
1610 2090
2091 2092
85 2093
10 1196
1467 831
106 2094
24 1971
59 435
151 2095
232 2096
97 760
168 722
10 1903
486 35
2097 283
2098 13
2099 50
141 2100
235 105
2101 959
172 2102
10 349
471 143
1823 362
432 2103
1866 13
24 2104
130 2105
11 1083
24 2106
10 1962
149 15
413 697
1334 254
48 1032
10 1403
10 1065
50 2107
41 2005
2108 24
135 1441
24 2109
24 2110
1358 158
10 2111
2112 97
1327 76
180 2113
175 687
13 283
2114 13
2115 510
2116 13
2117 13
2118 510
92 2119
24 2120
68 358
322 4
2121 1009
2122 1382
290 2123
1173 35
2124 254
10 2125
2126 13
13 2127
32 1431
48 2128
1243 76
174 2129
10 2130
513 2131
837 2132
11 13
2133 510
151 18
2134 669
141 2135
48 1360
2136 2003
70 164
24 2137
13 499
24 358
2138 151
133 2139
235 2140
1475 20
846 1006
117 1021
196 2141
825 2142
10 2143
1547 76
712 50
2144 511
92 2145
1728 884
1250 1393
2106 76
710 5
24 2146
13 2147
203 2148
1953 24
1188 2149
10 2150
2151 510
24 2060
15 2152
712 1284
2153 167
2154 76
70 1083
10 2155
141 1385
10 2156
147 1614
10 2157
15 1741
1345 15
969 24
2158 1993
2159 254
1795 254
10 2160
242 755
2161 76
503 208
13 2162
10 2163
335 27
187 27
1269 2164
814 1993
1851 2165
50 365
70 24
1234 13
2166 24
24 2167
117 2168
24 2169
916 882
11 2170
59 283
2171 1187
4 2075
1256 417
2172 2173
374 2174
15 2175
2176 13
48 1816
13 288
10 2177
2178 429
87 117
2179 92
2180 27
313 76
731 1083
1788 601
2181 13
235 805
1937 2182
10 2183
280 2184
106 2185
39 1458
141 2186
168 2187
169 273
1798 669
2188 2189
2190 117
1947 11
849 2191
817 151
175 2192
70 2193
578 2194
307 2195
24 2196
1237 24
11 2197
1291 151
1632 2198
41 2199
2200 24
10 392
10 1155
2201 178
24 2202
400 24
67 2203
974 13
13 366
1120 2040
2204 364
10 2205
2206 343
374 2207
10 300
48 24
2208 141
1947 2209
2210 97
1999 876
443 138
458 13
2211 24
425 2212
542 2213
24 2214
2215 2216
13 2217
63 2218
2219 10
1260 151
10 2220
2221 415
903 83
894 24
141 213
2222 13
2223 123
2224 13
48 1400
48 2124
10 2225
280 1364
2226 24
1757 2227
97 627
1506 232
2228 2142
2229 117
259 2230
544 267
722 13
172 2231
1692 24
2232 731
512 2233
39 1866
259 2234
240 2235
50 2236
114 2237
24 1342
273 2238
1291 2239
542 1656
932 2240
10 2241
484 1728
458 2242
835 2243
1098 2244
235 2245
85 1560
77 13
352 557
1814 13
1785 59
374 435
1625 29
10 2246
70 175
2247 466
878 220
513 2248
2249 76
566 2250
2251 35
2252 13
10 1179
1066 466
10 2253
542 2254
209 2255
1153 13
10 2256
1299 2257
13 1128
6 1622
479 2258
1377 13
759 1932
48 706
10 2259
2260 13
714 1938
101 2261
10 1550
2262 2263
48 2264
24 2265
6 529
1474 167
710 2123
2227 959
259 2266
11 884
143 1600
24 2267
133 2268
50 143
534 2269
2270 24
48 557
2271 158
10 19
133 669
2272 510
1856 24
57 283
24 254
10 2273
1733 254
24 2274
1584 27
2275 138
273 2276
966 1503
174 992
1292 13
904 888
10 1851
2277 24
10 2278
2279 148
431 2150
20 2280
848 273
24 198
427 706
4 2281
2282 24
693 2283
10 900
2284 506
458 2285
430 24
90 2286
2287 29
41 13
34 254
458 2288
941 10
10 235
196 512
2289 2290
1175 1926
710 2291
2292 718
196 2293
212 2294
24 2295
141 1713
717 2296
259 2297
2169 35
1753 2298
483 15
435 13
2299 1265
10 2300
70 956
513 2301
2302 455
2303 74
514 2304
513 2305
48 1361
15 156
2306 13
546 13
811 2307
2308 2309
1181 24
10 2310
2311 97
67 114
24 2312
2313 193
50 282
713 1728
4 2134
408 2314
2315 992
293 534
814 2316
1610 229
498 35
114 2317
426 62
472 1963
10 90
24 2318
835 291
971 39
48 1876
2319 2320
896 24
57 97
106 2232
2321 1866
759 2322
1177 2323
2324 13
57 2325
2326 1610
1942 541
843 24
280 2327
10 1316
18 1920
50 2328
503 2329
2330 24
2331 76
2332 1660
557 141
10 2333
390 2334
138 141
2335 20
321 295
2336 643
24 2337
1250 2338
484 59
2339 959
46 358
41 1902
78 604
2175 2340
988 2341
1045 1029
2342 510
1177 76
374 447
2343 2344
2345 669
390 997
24 2186
2346 24
48 2347
1065 347
898 2348
4 894
2349 13
335 2320
293 1184
2333 24
232 67
648 151
2350 76
24 402
172 151
347 2351
10 640
282 35
18 2352
10 641
13 35
974 2353
2354 364
10 2355
2356 53
10 2357
48 2358
10 2359
724 2360
2361 13
810 97
1499 76
835 1977
2362 451
1970 2363
2302 647
2364 35
24 516
2365 2231
10 1818
1217 189
24 2366
861 4
1932 2367
24 2368
2369 283
2370 731
607 1253
24 2371
2372 427
589 643
1658 1602
1506 10
641 2373
484 24
390 2374
41 2375
759 477
10 934
1543 479
248 2376
483 35
2377 961
2034 1040
1417 1683
1843 1083
95 400
13 20
2378 240
347 2379
39 1956
2380 189
911 479
1136 884
2381 876
24 2382
11 2383
376 283
24 0
973 2384
39 2261
531 2385
24 2386
232 35
581 1382
959 2387
232 2388
2389 2390
48 504
2391 364
10 701
259 2392
331 890
10 2393
251 838
2394 876
10 144
2395 27
2396 2397
48 2107
1625 92
57 6
2398 240
1218 1711
105 2126
563 76
2399 1711
1523 613
41 2080
2288 323
1377 334
133 2400
209 24
2401 415
15 2402
70 4
10 2145
2403 76
212 1744
10 2404
1096 876
32 2405
199 283
2406 455
50 601
235 24
2407 76
259 2408
2409 35
2410 2103
2337 134
2411 76
10 97
24 655
133 514
232 41
41 770
2412 435
1483 122
1120 2413
2414 167
50 2415
59 2416
10 29
24 1016
24 2209
2417 2418
10 2419
1506 2420
2421 2422
4 397
404 2423
1369 1444
10 2424
2425 193
2426 2427
240 62
199 2428
458 1478
114 2429
2430 510
1683 151
542 2431
130 2432
24 2433
510 2434
24 2435
479 466
48 2436
2437 13
2094 731
13 2438
2439 151
516 27
1107 825
122 2440
1584 2441
48 2442
48 215
41 2443
70 280
10 2204
1506 24
175 187
24 2444
2445 913
10 1192
10 2446
41 2447
10 1249
2448 1083
2449 13
2450 13
141 2451
852 76
92 2452
123 2453
24 1732
2454 83
2455 168
2456 1747
10 917
259 533
483 2457
1600 2458
133 654
1411 961
1092 1097
11 1582
232 2107
1369 2334
141 2459
6 35
24 2291
641 913
2460 506
48 1282
550 2400
1537 2461
10 2462
2463 2298
10 2464
2465 41
435 1418
443 601
24 2466
2308 29
2467 2049
2468 409
522 2469
50 344
138 2470
2345 4
695 13
10 2471
2472 24
837 2473
70 1620
810 24
2474 2475
2476 76
24 2477
1192 13
24 2478
2479 2480
293 2481
2482 364
2483 24
2144 888
24 1471
130 13
67 151
24 213
1137 2167
2484 92
2485 1660
1737 24
39 2022
120 2095
956 267
50 589
2486 76
972 13
10 2487
712 232
542 2488
11 380
2489 24
48 153
48 2088
10 1717
13 1427
151 358
13 2490
4 669
1897 506
913 2491
10 2492
583 667
883 24
2493 24
10 36
913 669
24 334
85 2494
130 348
78 35
13 1368
10 2495
1655 601
1188 774
2496 607
2497 2498
48 2499
1456 1971
2500 13
2501 76
13 676
259 1836
452 24
24 1858
10 1958
55 1231
13 1300
307 1984
24 2502
2503 15
2504 15
2505 13
2506 1734
1118 76
10 530
860 151
92 13
2191 283
2507 510
196 2508
2509 11
1769 2510
1045 1930
24 1058
1537 2511
810 1272
918 120
2352 1021
2512 2513
638 2514
498 2515
10 2516
2278 13
1698 181
310 2517
2308 97
1979 24
41 1646
374 2518
594 2519
281 1709
48 486
24 2127
15 150
2520 97
810 2521
827 59
1610 2522
2523 479
39 2524
15 2423
641 2525
24 2526
638 2527
810 648
542 2528
837 2529
160 235
640 76
2530 151
2531 13
529 0
48 2532
2533 24
823 283
10 946
2139 132
10 2388
2534 27
4 1164
24 200
24 15
895 2535
13 2536
2537 2257
894 35
257 20
977 240
2383 189
24 2538
534 15
55 1893
431 2539
1652 2540
2541 158
890 2542
48 2543
2544 1949
2098 2164
817 648
2545 278
13 1408
1249 13
1882 2546
1188 2547
114 2548
2549 2298
1029 1021
24 2550
1143 76
24 2163
10 1789
513 658
304 29
1860 76
133 97
4 956
2496 13
876 2551
1084 20
259 2472
15 2552
929 2432
1751 13
151 369
484 235
747 35
90 2553
1190 46
24 672
2554 13
24 2555
1941 2556
2557 2558
2559 254
290 2560
10 1145
10 1898
2561 50
10 2562
2563 24
2564 189
282 13
143 2565
10 2566
586 661
10 2567
92 1799
1856 364
39 2464
141 824
2568 76
1189 24
1797 20
92 2569
2570 510
24 2571
2572 589
24 2573
2574 499
2575 24
2576 24
24 2577
172 2578
2579 479
913 358
48 2580
232 57
282 97
507 24
10 2213
618 2581
961 2582
2583 76
2584 347
581 24
18 2585
2537 193
10 2586
39 2587
10 832
404 2588
59 627
2150 2589
990 2590
1024 2591
727 2323
131 24
11 1641
451 2592
2114 53
2593 458
141 2594
67 2595
18 337
6 1471
1579 2596
13 1514
787 2597
242 2598
104 2599
682 24
10 35
24 2600
11 1918
227 2601
50 1835
10 2602
688 167
2292 983
53 2603
67 24
1661 76
10 2226
24 2604
242 858
6 148
24 591
687 27
10 2605
722 24
2606 358
2225 13
2607 2608
763 29
10 1694
395 13
10 2609
2610 1084
24 2611
1007 24
39 2612
24 2613
895 6
2332 24
846 24
374 97
50 283
130 371
10 62
13 2614
10 1653
428 13
10 59
329 35
2615 2616
10 1275
2157 24
889 2152
11 2617
48 2618
48 2619
710 1610
133 2620
11 2621
1917 105
50 199
374 6
13 1605
513 331
2622 463
67 588
1567 1212
810 617
2623 2624
138 2625
2626 1394
392 141
10 2627
372 2344
2628 2189
1947 347
712 76
207 35
360 24
10 2629
133 52
2448 1294
48 802
1637 2630
2631 1713
24 494
2632 643
10 2633
24 2634
6 20
2635 76
48 611
13 2636
1797 151
70 95
703 24
1002 254
293 1405
2637 13
1531 479
13 1393
761 1202
810 2009
1836 13
53 2638
48 2639
267 358
2640 1021
10 589
10 2200
232 797
816 97
367 13
10 2324
513 2641
522 13
1258 550
10 2435
14 1918
48 1005
24 2495
184 2179
1785 24
713 27
97 334
1537 342
2020 240
5 35
1578 15
2056 2642
641 97
2134 446
48 1095
302 1250
20 2050
128 2427
2442 13
1345 1140
581 2643
1359 2456
1797 2439
2053 2644
400 254
956 358
835 358
15 2645
1098 2117
2646 141
314 1031
2647 24
4 2495
1781 2648
67 27
888 2649
2650 1965
24 539
1046 15
374 24
296 35
10 106
220 1588
2651 235
259 2652
1742 2213
50 5
2653 141
314 2654
117 2655
335 1740
298 97
10 2263
2086 24
141 2656
10 2657
1951 2192
10 2658
248 2314
2659 147
195 24
50 1797
123 2660
2661 510
1745 35
638 2662
2663 1262
10 2664
117 2665
180 1019
10 2666
570 2667
1558 27
151 2668
295 403
24 2567
511 2061
2669 41
332 2542
2670 10
2410 479
1883 151
2671 2672
2673 2095
2674 2675
15 230
2676 141
24 2677
29 99
10 2678
1047 240
531 254
2679 11
10 2680
151 2681
63 604
10 2682
2683 24
435 2684
1188 2685
2098 2686
273 2322
132 96
2092 2687
13 2688
13 1834
2689 335
10 2690
1218 2505
2691 76
1793 1098
458 1306
10 2692
2236 1085
24 2693
24 975
24 312
2394 46
14 706
2694 1421
24 1986
557 479
235 2379
13 2695
47 24
2696 2697
1066 2698
2699 13
413 232
37 76
212 2700
2696 878
2701 13
1413 2702
10 821
48 2330
10 2349
10 2703
1058 76
50 24
13 2704
10 974
2705 83
2150 13
8 2706
1656 220
1644 254
24 2486
638 2707
31 2708
273 2709
2710 35
10 2711
1468 120
184 24
1045 1260
10 282
2712 2713
255 2199
429 2714
24 2403
620 254
10 2715
2716 13
2717 291
2718 2719
10 2587
2720 1660
10 2721
700 0
1812 24
11 2722
101 2032
928 29
76 35
2723 24
2724 635
41 2725
24 2726
2727 485
1060 27
295 13
1719 506
2728 510
48 1862
2729 24
2730 1713
2243 230
374 747
10 1348
24 2731
2732 29
10 302
853 151
1477 189
2733 650
484 483
11 2734
48 1070
172 13
394 97
18 240
10 2735
395 2500
57 13
2736 961
13 2737
10 2738
41 541
2739 959
48 2740
15 2741
710 2742
92 2743
67 1598
2610 1085
2744 253
988 67
2745 510
10 926
1805 575
2746 2549
24 2747
10 2289
259 2748
1419 76
280 2749
1241 2191
2750 24
65 2751
2752 92
151 62
1779 76
39 2753
10 143
57 2754
923 24
2023 2755
1313 484
117 56
10 2756
55 2757
2758 425
10 2759
10 2760
413 1955
10 2761
1831 1206
1633 13
2762 35
10 2196
101 2520
24 1443
2763 13
1094 1497
2197 1734
1493 24
2764 20
48 2765
2766 1926
1610 2243
810 35
141 2767
1970 13
2768 432
133 1637
133 332
24 2660
39 435
48 716
2769 1185
1292 2361
2770 141
747 1866
747 13
13 447
41 2771
11 2772
24 2773
2774 50
2775 1364
50 1183
2776 2777
48 301
2375 20
1965 2778
1808 2779
27 1600
70 27
542 2780
11 2336
24 1393
1116 2390
257 2781
55 2782
1492 97
141 2783
1579 2784
374 151
18 2785
24 2786
578 2787
335 2788
10 482
10 2789
692 2790
1523 24
1977 2791
418 24
24 1946
624 1937
619 27
50 97
32 2792
59 451
24 936
684 479
232 1243
210 167
2793 97
2794 1572
2795 13
2796 27
232 541
10 1688
974 2797
181 336
484 2798
10 2096
1438 2799
67 963
10 915
50 763
13 2382
10 2800
714 2801
32 1730
280 2023
1310 273
24 146
50 92
1585 24
2579 604
2802 2803
2804 189
2805 76
13 2806
24 2259
422 334
823 10
2807 343
458 2808
865 1083
13 2809
2810 762
31 432
1927 13
2566 13
111 2811
2234 364
6 2812
5 97
412 2813
11 2814
659 143
24 2815
57 2816
273 2817
24 1903
50 1187
183 97
2427 273
542 2818
24 2819
39 2820
280 2821
11 24
980 347
809 2095
10 1143
1297 13
932 141
1715 338
2034 2822
2055 2823
374 141
158 254
607 232
24 2824
1571 2825
1098 2103
24 84
2826 1660
568 13
24 2827
142 15
10 2828
1388 2829
85 283
1399 397
10 2830
1130 479
1112 24
10 479
2497 2697
141 2831
172 24
48 572
1618 35
484 2832
4 1752
1700 961
1180 569
728 151
141 1619
927 932
233 402
7 2047
2833 376
15 27
2834 2620
2835 2836
2798 358
15 181
2216 13
2392 2490
920 15
2837 451
898 238
24 711
24 2838
2839 13
2840 13
1077 376
1880 2841
24 1938
2842 2095
974 2843
10 2844
2845 278
957 589
10 2846
2679 24
638 2847
2848 2849
1981 13
2850 24
141 2597
323 2851
95 2852
932 13
435 2853
24 1661
70 1203
48 2087
1663 2854
2855 2090
24 2856
374 2857
428 10
53 2858
259 1
10 687
1250 29
594 2859
2860 510
2373 76
352 1479
1178 24
13 2861
259 1157
141 2862
2575 76
255 2863
458 2864
50 20
2865 158
15 1083
2866 593
10 2867
2868 2869
962 569
598 15
974 2870
2871 358
50 1471
238 74
1499 24
59 2872
24 378
374 13
2873 364
778 731
668 2874
620 2875
117 2876
283 76
10 2877
2878 193
835 724
27 2879
24 2519
36 24
2880 240
117 297
158 1594
513 542
259 13
519 638
10 2297
1896 13
24 2881
48 2882
1328 1603
1129 76
2136 50
10 2883
458 2851
448 10
2742 230
2884 510
2885 1686
50 2886
402 1148
1582 27
1122 35
974 35
1047 62
2585 1021
448 13
1698 2421
10 1378
2887 27
1242 1353
823 13
24 2888
10 184
2889 510
57 2042
2890 1188
10 2891
50 2873
273 2460
2892 97
24 2439
50 1384
1874 2893
648 13
1471 2894
10 1208
1667 13
24 2895
117 34
1005 35
10 1926
2314 2376
2896 35
2897 76
322 133
13 263
38 455
1568 283
2898 24
133 2581
350 2899
2900 240
487 1380
458 2901
24 2902
2903 76
408 1073
10 1376
6 39
10 2904
141 2083
1915 35
1164 421
232 2905
2906 604
2907 76
10 627
2908 510
259 1432
97 1915
2909 76
2910 2175
24 741
2911 1291
10 2912
2718 1861
510 2913
1192 122
242 1273
87 20
148 1771
1487 24
63 283
2615 189
2776 1826
267 1860
133 2914
10 2915
1764 24
2916 24
307 865
53 577
138 2917
13 1008
1596 290
1533 1994
1156 13
1866 2918
686 529
279 2919
2053 13
542 451
374 2117
2096 24
209 2920
59 1471
2921 230
106 2922
463 44
2923 76
15 2507
1187 2924
24 2925
10 2926
24 2927
514 1404
293 6
10 2928
613 13
259 336
2447 76
13 1937
996 1462
2474 24
50 78
14 2929
2930 2894
710 2560
48 2931
596 2932
24 1594
18 1021
2933 24
48 67
1120 994
1005 13
86 2934
1098 2935
534 320
1120 2936
259 1639
1798 2937
819 2938
2504 2939
1993 192
503 13
20 1903
851 132
2940 117
1426 13
889 2941
41 2942
2943 431
1319 24
2944 1830
921 76
10 722
24 2945
710 2326
24 538
2946 1006
322 35
196 2054
354 2947
895 283
2948 24
497 16
2949 13
1391 76
1993 2950
2951 338
90 2952
2271 39
90 2953
114 2954
983 24
2955 2489
2486 606
11 2305
39 2956
669 2957
10 1842
1431 2958
27 1972
24 2189
2727 27
1373 2959
50 39
13 1651
372 2960
2645 2961
2962 76
141 2963
2964 29
10 949
2965 24
24 2966
435 2967
1506 2968
119 97
2765 13
10 1277
53 2969
212 2869
435 2784
2970 77
24 1778
2971 2972
24 1495
10 713
10 2973
1108 97
24 2974
13 457
10 2975
2976 27
2977 117
484 295
1235 627
24 1937
141 2801
2978 1648
10 1993
1136 1535
435 2596
232 1625
1521 13
2979 1621
2439 35
2478 29
2980 343
2981 35
267 2718
2982 13
59 143
2983 755
127 297
175 1881
1547 2984
182 24
235 2985
1441 2631
2986 76
10 12
1553 455
1949 29
403 2355
24 2987
1403 24
24 2988
232 283
13 1382
2989 479
2990 601
1907 13
2991 510
133 4
57 1604
890 2741
1330 27
1118 24
1762 2992
2993 92
648 2075
24 2994
2148 506
314 2995
184 1073
106 551
810 2996
59 20
2997 503
2736 24
59 63
620 2998
2999 76
598 894
2678 24
682 41
1602 370
24 2764
747 3000
374 3001
3002 76
2981 24
280 776
608 138
298 35
862 35
24 2618
461 2671
13 3003
3004 148
1193 24
3005 2092
253 3006
758 3007
15 3008
620 3009
648 24
10 829
322 2170
2512 15
141 3010
24 1989
50 0
10 1013
259 1523
59 1648
1578 76
2213 482
1358 24
374 85
10 2652
1141 24
1016 3011
2724 961
24 3012
235 3013
2230 76
282 6
14 2928
133 2053
3014 13
3015 97
141 2477
3016 287
513 90
328 24
3017 24
598 2123
141 2918
50 2812
1552 1417
3018 435
48 2098
24 2725
2890 1899
810 3019
1734 901
435 1315
3020 24
487 254
24 3021
826 283
1120 1742
1261 151
2557 189
3022 2111
1442 1573
2467 179
2802 3023
3024 151
310 50
35 358
435 3025
51 2725
10 3026
279 1861
13 905
159 13
92 1236
641 601
70 742
24 3027
3028 24
484 283
498 2111
3029 2068
172 6
10 3030
90 3031
133 1798
232 259
513 13
3032 24
24 3033
1960 3034
24 2002
1610 2193
3035 151
259 97
48 337
2426 136
13 102
1194 13
2575 1594
2116 200
3036 3037
1030 2995
11 3038
3039 496
3040 24
2513 782
638 3041
3042 510
516 1245
3043 35
3044 13
3045 1245
990 1248
1345 1811
10 3046
130 2565
24 2580
620 63
10 2091
128 273
432 3047
654 3048
2653 13
3049 1191
10 3050
3051 2095
10 3052
2976 24
141 3053
67 3015
2834 335
3054 2095
3055 503
67 19
835 132
175 230
1545 13
24 81
2225 1720
3056 50
242 13
259 158
2868 217
1259 3057
24 1425
2951 151
2065 24
15 669
158 2335
158 76
48 2963
747 494
232 3058
70 181
1527 240
141 13
3059 338
85 504
13 94
914 2119
2614 3060
740 13
59 503
513 2351
3061 117
27 876
374 1835
295 24
24 2437
1596 2445
1140 358
3062 20
3063 13
2549 3064
898 3065
8 3066
3067 24
10 122
3068 369
3069 13
578 902
180 3070
235 2804
3060 2189
777 13
3071 254
235 1899
3072 158
486 24
2248 347
117 554
24 1351
4 23
10 217
1812 76
41 3073
24 2558
2974 76
232 1533
24 601
2658 13
435 2368
927 50
376 450
1072 27
123 3074
10 2976
24 1901
2486 283
435 35
3075 1949
3076 24
1219 13
24 3077
24 584
929 220
191 259
53 3078
11 696
3079 13
2702 397
2436 13
620 50
822 24
63 451
1381 230
267 1338
347 1721
24 2446
1637 235
3080 479
3046 3006
1869 134
2826 41
1983 76
24 726
3081 76
1433 1527
70 410
3082 24
1337 62
435 97
2190 151
232 747
10 1549
1085 283
3083 510
1981 3084
895 35
253 141
10 3085
6 1083
498 441
314 178
48 1745
10 3086
1812 2285
50 627
988 3087
48 2117
1781 1441
41 3088
164 1059
598 35
2946 94
3089 76
2776 13
287 35
130 514
193 1590
141 3090
1804 39
10 3091
50 451
232 3092
10 172
1824 1571
3093 668
835 2326
130 3094
1120 2213
508 3095
2709 506
598 271
5 743
156 1247
13 3096
10 451
151 83
1506 747
10 1311
50 287
41 403
10 3097
476 24
0 3098
541 46
2096 1707
1571 1746
706 27
59 3099
48 542
463 76
11 134
130 1147
3100 3101
3102 912
204 506
180 3103
3104 2049
8 1569
1775 1021
90 2304
48 2688
267 1666
3105 27
11 3106
1060 888
3107 455
53 3108
1250 2007
3109 76
810 3110
1388 46
1672 3111
3112 366
318 725
67 35
423 3113
1634 13
24 691
3114 24
11 2256
712 29
13 1731
175 724
2906 466
2735 76
511 1442
1159 189
13 240
3115 46
759 204
3116 2944
3076 996
27 148
926 35
48 2321
57 697
3117 2772
10 3118
39 3119
188 3120
321 13
199 13
1136 401
2224 254
3121 479
10 199
48 3122
2850 141
10 1201
633 2050
2877 13
2624 2003
713 151
823 50
235 3123
48 1765
478 2523
1537 472
3124 76
1122 27
3125 307
13 122
4 427
63 3126
3127 167
3128 13
1831 2710
941 3129
307 2257
1038 254
259 2280
1790 76
24 3130
925 267
3131 92
325 97
2255 167
10 1116
10 3132
619 3133
347 3134
24 3135
39 2974
3136 76
10 2307
1345 1620
13 3137
431 2710
10 846
24 3138
67 97
2 3139
259 1507
974 59
3140 76
10 3141
3142 46
48 3143
10 399
13 3144
48 3145
335 1265
141 3135
39 2009
1851 141
529 35
10 3146
1463 35
48 1505
2070 24
835 5
3147 240
133 3148
117 628
287 200
10 3149
67 2783
322 50
151 240
10 2477
307 11
13 2562
2213 185
1652 374
3150 484
10 336
1745 3151
484 3152
1116 1067
3153 320
1292 3154
3155 97
27 541
259 1745
180 3156
10 1975
65 24
484 712
4 2976
104 151
130 177
1453 2172
1362 1083
10 3157
1686 2657
314 3158
97 1471
48 50
10 3159
172 3160
2388 24
1638 858
3161 24
513 1233
1073 178
503 1560
301 13
974 6
10 3162
32 2399
27 731
3163 278
48 3164
541 358
815 549
4 267
3165 2095
1993 3166
226 423
1645 277
1141 880
3167 366
141 1318
130 3093
259 1360
24 3168
117 3169
3064 1325
578 165
24 1099
3170 443
892 3171
24 944
3172 254
10 905
3173 76
48 59
32 3174
3175 24
648 2794
3176 496
1526 230
2482 29
1686 3177
3178 2170
24 2347
24 2658
2445 141
85 35
10 720
2264 24
2084 240
48 2994
1352 167
3179 13
453 35
128 13
366 788
6 63
164 3180
232 3181
257 2903
10 284
196 1663
24 3182
10 3183
1851 3184
2114 167
41 2666
172 3185
70 616
92 714
1635 24
411 2003
10 3186
70 1977
881 29
3187 1949
48 1058
521 29
48 1403
50 522
484 78
534 3188
2870 76
513 3189
92 970
15 2457
1468 151
814 3190
823 24
2883 13
24 3062
48 690
324 13
95 396
172 704
3191 1066
1657 3192
10 3193
128 2284
3194 193
11 3195
24 3096
3013 67
368 151
747 1908
3196 510
4 884
141 2217
10 1836
10 1406
24 3197
48 171
130 1301
616 358
2331 24
395 3198
24 3199
132 1670
895 97
41 3200
1164 3037
10 3201
3202 235
13 1078
3203 3194
746 601
240 2681
2 3204
498 1173
10 845
101 3205
737 24
3206 76
267 27
661 114
194 2093
3207 35
10 3208
24 156
144 13
24 1735
1667 24
48 1672
435 983
63 3209
3210 76
24 3211
3212 503
295 2058
925 27
0 1541
10 3213
552 35
2929 2886
130 1741
24 3214
10 443
174 3215
2252 378
63 13
3216 1242
24 3217
10 170
1134 3218
3219 364
55 1042
3220 1760
2158 1438
11 20
24 1149
212 3221
335 3222
3185 13
24 3223
2046 24
3224 24
55 1988
10 2747
24 3225
344 1857
1528 287
1592 13
10 343
70 196
10 578
3226 2203
235 3227
24 3228
822 13
24 2713
901 579
1413 400
329 6
3229 24
48 694
2010 151
39 3230
3231 510
913 1611
2641 11
3232 510
884 1575
10 1471
1218 3233
2136 1167
941 417
3234 510
10 467
814 3235
174 1373
1373 382
6 400
48 196
67 3236
3237 24
141 3149
2856 13
13 670
3238 479
448 3239
10 2816
484 35
24 3052
835 2123
710 836
1443 141
536 13
202 35
1212 411
24 758
2400 3106
742 3240
279 1102
835 710
10 3241
2830 13
3148 3242
1812 2901
831 3243
1386 13
1291 2673
24 2154
259 1064
48 3244
895 151
172 97
1415 24
24 3245
2827 13
581 13
619 3246
232 552
41 1818
2055 101
10 2934
233 3247
288 76
133 2456
105 151
10 3248
2650 76
13 1671
1473 24
10 13
3249 506
106 11
24 1790
251 1734
861 3250
13 3251
310 24
10 1040
814 3252
2297 3253
3254 273
1463 151
1741 245
13 152
2742 1610
70 46
253 3255
390 141
70 347
259 2577
640 3060
3256 650
713 593
24 3257
2927 254
196 2649
1116 3233
3258 76
141 2081
1914 24
3259 837
39 1075
24 3260
1242 1938
71 27
172 501
24 1298
18 2095
484 202
1345 358
2048 506
2198 1183
259 929
24 3261
1779 1743
10 3262
24 3263
180 2795
10 3154
10 232
10 511
710 230
333 13
581 1360
2239 151
50 973
2719 240
654 2079
267 2395
3264 510
189 3201
10 24
1543 2363
11 687
283 627
3114 1809
3265 320
431 1368
3266 97
2539 455
10 972
101 2224
322 1716
24 3144
678 334
24 1387
10 2408
3267 24
3268 2879
95 3269
280 3270
147 3271
24 1943
1281 117
3272 13
10 117
2812 35
2865 13
1256 320
48 2575
3018 24
344 3273
13 3274
2166 13
810 403
24 3275
48 2716
48 1628
24 269
50 3209
24 261
531 35
24 1745
293 3276
128 227
3102 53
3022 35
810 6
3277 62
2476 3278
10 1708
1308 141
10 658
648 146
3279 466
467 83
440 29
24 3280
3281 13
2503 1120
290 836
2727 3282
232 97
1409 46
24 75
151 1338
435 24
3283 506
3284 76
3285 24
1335 3286
10 1808
128 3287
132 871
999 254
680 178
3288 46
70 358
3262 24
3289 76
10 3255
678 24
24 3159
2782 24
1499 13
669 1675
557 1918
334 35
2634 13
232 3126
1329 83
117 3290
484 3158
39 3291
329 13
257 2712
24 2013
889 2717
133 50
10 2701
10 712
534 471
2904 13
3292 259
10 1371
2487 431
321 3293
2524 1075
3294 1458
10 3144
24 3295
50 366
10 2491
57 2224
1293 151
410 589
85 13
11 1001
59 641
3296 1932
10 240
884 3297
3298 506
1335 463
3299 397
24 121
200 35
10 1377
979 1090
458 3291
3066 190
209 1649
3300 13
416 942
898 503
817 97
3301 959
2647 13
41 1278
1934 1584
295 1603
3302 3303
3304 876
2053 1018
10 1050
11 1537
39 3305
2619 76
10 321
347 220
18 766
2867 13
10 2686
10 3306
1051 76
3307 76
3262 13
2837 24
3308 455
235 3309
27 143
431 3310
2 1510
259 2155
435 681
755 228
3311 74
32 3312
295 527
542 3313
48 607
2053 3314
461 3315
41 615
10 2665
710 1784
883 3316
10 1101
3317 3318
90 3319
1262 3320
57 151
24 1350
1633 24
24 3321
10 1254
27 1601
322 193
2098 2820
59 50
1398 503
3322 451
138 3323
1045 3324
483 24
3325 147
2487 24
10 3326
704 2364
219 13
2111 24
90 1925
10 3327
158 35
1124 3328
2215 451
2535 24
10 3329
168 1187
10 3330
3331 15
451 46
835 483
24 555
2674 1918
235 3332
2212 2095
914 3333
24 3334
15 2243
27 3177
117 3335
926 151
2271 24
598 27
1781 135
567 24
257 3336
138 3337
180 3338
484 992
3339 24
1806 669
2064 2076
6 23
3024 240
3085 76
1660 955
3294 101
713 4
3340 13
2192 1649
3043 1242
3191 479
39 630
48 1182
253 2208
1153 2026
24 3341
2511 343
70 290
1789 2174
894 15
625 2
849 887
2656 254
36 707
13 3342
835 230
133 3343
2654 178
2038 13
4 3344
374 689
1889 13
2398 120
620 3345
24 3346
50 2096
1866 2307
232 24
3347 24
1464 46
10 3348
2670 3349
101 3350
1827 41
10 3351
1571 2749
24 3352
10 2722
888 383
11 455
24 3122
1749 2171
3306 668
39 2776
554 283
48 3132
172 739
431 24
542 1080
10 3353
431 216
3354 415
10 3355
10 1285
101 2757
158 3263
926 254
344 24
10 3356
3357 24
557 2454
232 261
2711 24
24 3358
13 3073
5 27
104 3359
1012 97
835 46
1734 397
10 2679
212 105
1497 13
3360 76
471 27
242 3361
10 3175
24 3362
458 3363
10 3364
10 594
59 334
70 2359
3365 1971
1098 3366
868 13
24 3367
746 29
2432 3368
710 27
3369 13
484 1941
2257 3370
3344 27
3209 1831
24 2710
950 0
826 3371
6 254
10 542
865 1614
2262 151
130 1530
52 149
163 13
2821 1709
2298 1021
3111 283
24 3071
184 2281
2699 97
3372 24
1631 3373
50 35
772 393
709 290
24 3173
3358 76
1698 3374
48 3375
335 2825
2164 29
3150 10
1110 13
1188 3376
2877 24
13 2295
3377 3378
24 3379
1691 151
425 3380
180 3381
435 2683
941 3382
3383 283
48 2333
2531 83
3384 627
15 31
1576 76
232 1856
24 1859
1866 3385
10 2
2225 1662
2797 996
2261 1459
13 1516
522 1616
142 2396
3386 13
1652 3387
10 2699
39 610
1617 1010
132 669
2282 1154
3388 273
2311 24
2785 1021
954 97
413 50
435 1797
10 2536
1578 409
141 220
15 3389
1702 334
2164 2686
382 27
10 3390
59 76
39 2375
24 3391
3392 510
1066 3393
2171 242
251 1276
514 2952
1012 24
432 3394
24 3395
3396 24
1049 24
1005 3397
723 374
1085 3398
10 1103
996 24
557 24
799 3399
522 3400
175 912
569 27
209 3176
3025 24
10 2265
974 64
1040 97
10 3401
322 59
3402 1764
2292 1473
24 3403
835 2291
13 539
3210 371
10 3404
3069 24
362 3405
48 1709
11 1530
10 3406
283 967
1007 76
1049 35
10 3067
141 3407
733 76
11 472
1373 24
10 3408
50 655
10 3409
27 3410
452 13
224 13
3411 510
59 817
181 1375
10 2291
290 2921
48 3133
104 1249
861 1519
1173 101
48 85
24 3412
2147 1971
723 13
1007 13
10 67
201 13
10 3413
1305 627
2834 1571
141 3414
90 2125
1819 3415
406 1021
41 3390
427 669
2670 2853
3155 24
199 2071
2727 358
484 1255
889 3416
1532 13
833 24
295 3417
199 227
39 449
747 1800
1045 240
1345 1266
1506 13
3218 134
853 200
235 3418
10 55
24 2559
101 1437
322 151
3419 425
24 173
133 318
343 3420
2634 254
59 3421
2895 76
3340 76
130 90
10 867
29 1991
24 1833
2977 39
132 1587
1049 232
67 254
24 336
835 271
259 2411
2292 1953
943 117
507 602
180 3422
13 364
259 1509
2469 29
141 3423
2224 24
10 488
648 97
3424 53
1431 3425
53 3426
2653 24
67 3427
217 1815
48 713
2816 24
24 1763
1932 3428
2070 13
2815 76
307 3429
3430 335
641 1689
2769 76
70 889
1271 24
24 3431
404 3113
374 992
10 2737
50 641
435 3387
24 2476
24 3432
196 1227
10 202
128 3433
10 3155
344 3434
200 20
253 1208
404 15
10 1544
15 189
1579 436
10 528
2111 2896
3435 594
2484 76
10 922
3436 76
2666 20
906 2480
1156 3437
2378 151
2568 122
48 1851
941 2047
1242 2146
974 3438
627 35
3414 364
3393 2698
10 1795
10 2420
959 1276
3354 343
3439 510
3440 114
255 1432
1147 2881
3441 1117
85 97
823 35
3303 455
3442 13
67 3443
835 2522
10 2861
1122 76
3444 364
413 717
606 254
15 3445
283 254
10 1485
179 2049
163 24
1219 3437
2015 97
3446 151
3447 935
188 3302
24 239
3448 35
10 1084
3449 783
2084 3450
3451 290
13 206
768 2663
3452 254
712 2347
3189 2400
913 541
2612 13
257 1679
10 3453
101 646
3454 24
2897 27
1660 13
835 319
3455 6
443 3456
24 3457
2637 11
714 283
222 76
6 334
10 3071
1335 1660
3295 76
24 2695
865 3458
2061 871
13 3206
352 3309
2326 148
41 2824
367 20
117 3459
484 400
2008 24
3460 13
322 13
30 3461
10 76
55 3462
10 3463
710 291
290 2418
2835 427
39 2259
232 295
13 3464
3465 278
20 748
24 1842
2631 506
293 2360
2327 335
3441 2399
1547 3336
3466 2
101 3467
613 2297
24 2536
147 2608
883 4
133 575
2517 24
10 259
823 59
1774 193
48 88
3468 24
50 404
1238 76
10 3469
10 506
232 627
3470 2819
13 1912
3471 397
59 400
1832 13
151 76
3393 479
1506 254
59 97
3472 13
1506 59
24 1902
27 992
1116 3473
24 3336
1635 3474
133 1022
24 1576
117 362
63 1541
24 2823
10 2252
692 3475
10 1870
2117 24
10 3476
335 347
3128 24
10 3477
41 1448
372 24
2762 4
2793 152
1116 3478
2594 13
158 1391
143 151
59 175
747 3479
3480 446
3481 1741
251 130
1242 636
24 3482
3317 283
283 20
2532 627
484 2345
36 3483
13 1420
1063 3484
1856 714
24 3485
1990 13
2955 35
620 6
259 3486
1413 15
10 51
199 35
1993 1093
24 1772
2095 240
2228 320
2253 13
3487 24
1625 28
3488 531
1049 200
3483 456
1602 3489
6 534
3436 13
1088 557
1512 24
3318 97
24 2789
3490 141
24 3491
2762 24
3492 3493
13 671
1491 240
1016 3345
24 2853
374 59
13 494
3209 35
15 2920
3494 1162
280 1741
174 167
2821 3495
48 3496
41 3384
10 1841
13 3497
3498 635
298 283
913 3499
48 777
3500 1808
255 451
95 3501
1246 358
2842 62
13 2480
138 3383
1544 2363
120 151
2427 2817
3502 755
2347 287
24 1770
48 6
24 950
1785 151
641 254
10 2361
10 1948
57 35
876 76
3503 763
427 254
24 3504
133 59
425 151
1047 457
2968 24
10 254
2266 20
1258 13
3505 503
4 988
307 3506
2231 2964
817 24
50 1877
6 851
29 2686
253 3046
542 3507
3499 3508
90 1175
39 3509
451 277
193 1093
259 2666
747 1754
1506 3510
557 2505
15 2344
3511 455
2648 1187
1529 13
3512 531
48 2987
1187 2598
48 2076
30 2685
48 2909
175 2438
13 3293
3513 479
835 15
818 1021
2958 2480
48 3157
1153 10
2513 884
50 253
2975 627
24 3514
48 254
1663 1511
846 265
3515 240
1163 76
477 273
48 10
176 3516
101 13
1954 179
939 283
3517 397
24 3378
24 3518
3125 638
641 3519
374 298
1876 13
10 3499
3520 24
2246 366
158 2011
2178 1451
1030 178
48 2071
24 914
1506 151
293 3521
3217 76
1797 3522
13 2146
3072 76
101 3523
53 3524
3046 29
3525 24
1395 24
13 1154
3526 343
24 594
630 3527
1098 1051
5 1267
3528 76
1894 167
140 2246
1185 154
2412 13
1292 2030
10 334
10 1866
126 24
374 35
1328 240
141 1515
3241 2189
3529 3530
24 1513
3279 479
2399 2390
10 101
585 1683
2960 880
24 3531
2121 1473
48 2311
1781 3287
59 85
2150 826
20 151
50 1625
1652 13
48 3532
48 795
2593 29
141 97
151 2235
168 3533
2319 2003
2262 105
2220 13
120 1664
261 35
312 3534
3535 15
10 175
3536 24
2506 6
10 651
39 3537
48 2109
232 101
59 3538
1949 3539
645 13
3540 1245
48 722
2053 805
41 3541
149 167
92 3542
156 2919
24 3543
2345 260
128 3544
368 120
261 13
2721 13
95 722
123 3545
3448 39
51 35
432 1830
2252 987
2117 2191
3546 189
132 3297
3331 167
1506 35
24 3097
3547 92
10 3321
48 2399
435 254
130 1757
6 471
282 254
1798 397
380 1325
589 1257
259 1125
141 1550
2931 76
2788 24
557 807
1947 3147
2512 358
1116 1369
257 2984
1979 431
10 2282
13 3548
3549 167
10 3537
4 3550
117 520
510 3551
3552 24
133 3553
1394 2912
15 1993
249 240
2427 11
10 3554
2076 24
2833 13
3049 1162
609 283
3328 471
123 2787
10 3555
3556 83
109 13
1259 240
3105 1582
10 3457
3427 76
531 510
1722 76
24 317
641 6
187 1465
48 111
3557 2558
48 2002
2812 24
1109 451
3558 1188
10 3559
13 1100
70 1212
97 143
1022 31
35 3560
3561 24
1215 13
2336 3562
2421 3563
432 857
196 3564
3565 78
2670 1732
132 796
232 3566
3567 24
120 254
2948 97
240 1166
29 456
10 1679
410 912
24 13
1820 3568
1335 833
2039 2667
2418 1590
3569 865
1291 1016
225 24
24 3570
48 1660
196 3571
10 227
10 134
1766 3308
3572 267
1373 3573
259 1865
1325 3420
1753 784
2834 15
407 178
1657 76
3574 24
895 2996
232 36
3575 335
2911 13
404 3550
48 303
10 3576
24 3577
158 2077
564 914
15 2606
259 1142
24 3578
132 402
50 254
1841 24
1378 13
175 3529
259 50
338 240
133 283
892 141
184 1895
48 3431
973 1212
126 254
24 1769
48 3579
3092 63
1717 1946
52 3036
835 709
1116 3580
10 2843
259 24
3342 29
974 1326
34 141
24 2241
2944 604
151 627
59 57
10 2270
50 34
240 541
178 35
654 151
13 69
503 2494
59 254
24 97
11 254
199 97
3581 1265
2398 151
458 3335
24 289
3582 24
11 807
2107 3583
2630 3584
2190 35
63 1797
1119 15
3419 151
3585 358
3237 3576
175 3471
3434 85
24 3586
3239 24
1789 2611
2670 1105
3587 13
669 397
500 2652
172 3588
24 3589
1949 97
347 558
257 3590
24 1595
3591 13
2156 3410
10 1088
10 120
151 35
1881 511
67 938
144 3568
267 2588
3477 97
1195 267
314 177
10 1427
55 94
1524 554
172 35
3140 27
117 3592
133 27
3593 283
2604 76
3594 824
1120 3595
24 3596
2485 463
24 611
50 496
3047 479
3597 15
97 748
10 3161
163 35
2107 1013
3598 13
3459 261
232 366
3599 3279
1106 581
10 1981
48 1525
3600 510
13 3601
1960 67
175 1212
2773 627
761 24
11 3602
133 3603
971 24
497 3604
99 1985
24 3605
188 3606
10 3407
895 50
202 232
79 76
3607 24
2497 143
3608 13
24 2428
70 534
10 601
307 189
1844 3609
1016 1074
59 619
604 479
654 24
795 1009
10 3610
2522 230
11 3611
3319 24
10 1108
39 3612
184 50
48 3613
10 3110
15 3549
48 2888
1431 3614
3615 763
3014 3616
451 35
932 3617
2593 50
322 1965
24 220
1153 1010
1249 425
503 3618
1722 1242
128 3388
2575 254
2138 240
24 3619
673 29
24 3200
1160 13
3469 13
24 2926
202 151
39 3077
161 504
3556 1045
259 254
525 506
24 937
3620 876
48 3621
10 1633
283 606
1062 83
3418 240
259 3622
59 3623
259 200
2596 24
619 68
41 3624
199 1056
3625 2095
3626 50
1326 254
3627 13
48 97
196 1642
6 67
24 1660
3157 24
853 35
259 6
2639 24
2225 833
2120 76
48 494
175 123
48 3628
3629 13
1592 24
641 162
24 12
3630 510
59 189
24 3631
3632 382
723 967
117 3145
117 2274
13 2203
48 3633
747 3634
24 540
484 3635
3636 13
895 13
297 990
2819 20
48 3189
2462 2591
59 2972
3637 13
10 39
196 45
168 242
542 3492
1544 11
1247 358
3638 134
1187 1274
24 771
273 505
39 3639
10 2449
3599 2103
641 3640
10 2198
1556 3641
862 403
242 1932
10 1258
2396 2872
1222 3642
1402 24
314 3643
589 3064
1499 3124
11 3236
48 602
3644 10
3645 97
3536 627
290 230
53 576
117 253
48 1048
48 3646
295 141
1164 1535
2414 496
6 78
50 29
552 24
35 254
2802 27
41 1909
1892 3517
10 3138
55 2366
24 2130
59 1900
327 13
10 2819
3647 76
24 3360
374 1745
2053 2165
3606 3648
101 2183
10 626
130 3038
3649 510
654 97
1557 3650
3651 267
1669 254
48 55
13 606
2475 254
24 3534
41 3486
235 1796
2229 39
70 415
13 143
1373 3632
3652 466
123 3653
283 3654
10 341
259 500
484 50
283 2092
335 1972
10 283
1168 3562
3655 638
10 3656
3082 13
24 2892
10 3396
3657 366
232 287
413 3658
483 97
24 1207
1708 24
679 13
166 176
3516 496
1438 549
10 18
73 24
133 1779
24 2244
2087 13
3659 1783
2595 1161
390 1392
290 1058
404 3660
24 1219
24 178
242 3661
10 261
24 2848
10 2882
2229 2096
133 1965
3412 20
114 3662
2669 2840
962 1998
90 11
172 3663
3664 277
528 3310
3665 20
15 992
1825 24
2415 24
2200 13
48 310
1360 24
48 1486
3666 24
24 3207
106 730
85 254
3351 41
55 24
87 3667
10 1968
974 1966
3063 76
24 3601
141 287
175 2269
3668 24
50 3669
10 1128
24 1974
435 771
10 3670
10 1832
1049 13
638 3671
10 3672
3673 24
209 3573
1949 3674
1695 479
3675 240
6 884
1752 132
322 1783
10 665
1784 290
24 690
2789 13
3676 254
2048 755
13 2035
3677 83
188 3604
2183 24
24 2962
3678 283
2595 148
2642 13
3028 13
24 2409
2378 1580
15 2755
3413 13
24 2150
24 2583
1144 3679
927 3680
184 97
374 1961
1837 2480
10 2729
3515 151
41 3665
97 451
506 254
322 3681
24 3682
10 2704
10 765
3683 97
10 1129
1374 935
283 1471
53 3684
24 3685
67 2233
10 3016
704 3686
48 1585
3687 151
1302 167
1846 2003
378 76
50 3688
3689 510
1907 3690
11 35
462 3100
48 1528
3691 24
24 3645
604 465
141 820
59 24
4 2445
3692 254
307 638
835 1610
24 3693
117 3537
2099 1802
755 361
3694 13
3695 11
2945 13
479 277
3532 1250
2117 1245
501 24
522 2964
24 3696
141 2300
1222 1556
2819 116
6 141
3035 240
10 3697
15 1610
1222 3698
50 400
451 3699
97 3700
10 397
513 2156
3452 503
