145 186
0 1
0 2
3 4
3 5
6 7
6 8
7 9
10 8
8 1
8 11
11 12
12 13
13 14
13 15
2 16
17 18
17 19
17 20
17 21
20 16
20 22
23 24
23 22
25 14
25 15
25 26
18 19
15 27
28 29
28 30
28 31
31 32
33 34
33 35
33 36
34 32
34 37
38 32
38 39
38 40
32 36
32 41
29 42
39 42
43 35
21 44
45 46
45 47
45 48
45 49
50 49
50 51
44 52
24 53
54 35
54 55
35 56
35 57
51 55
58 59
58 60
58 61
59 62
63 64
65 66
65 64
67 62
68 69
68 70
62 71
62 61
62 72
62 70
61 73
69 9
74 75
76 77
76 75
30 78
30 79
30 80
30 81
30 82
81 75
37 80
37 57
82 56
83 84
83 85
83 86
84 42
75 85
52 26
52 87
52 88
87 89
89 90
89 91
91 92
90 93
93 94
95 94
96 94
96 97
53 88
88 86
80 57
26 98
26 99
98 100
100 101
100 102
103 104
103 105
40 104
40 106
40 107
107 108
107 109
108 41
108 110
92 42
42 105
111 112
111 113
41 110
113 73
97 114
97 99
114 99
114 115
114 116
117 118
117 119
118 4
4 119
4 116
4 120
115 101
116 5
99 102
99 101
104 94
94 121
94 122
106 121
106 109
123 122
123 109
124 122
124 125
120 125
64 112
126 127
126 128
128 129
128 130
129 49
131 132
131 46
131 133
131 134
133 134
134 127
27 101
27 135
101 136
137 71
135 72
136 138
5 71
5 138
138 71
46 47
46 132
46 139
47 140
48 78
79 77
140 141
141 77
142 143
142 66
143 144
144 112
112 60
