335 1025
0 1
2 3
4 5
6 7
8 9
10 11
12 13
14 15
16 17
18 15
4 19
20 21
22 23
24 25
26 27
28 25
29 30
31 32
33 34
35 36
12 34
37 38
39 40
41 42
43 44
45 46
47 48
49 48
50 51
52 53
54 53
55 13
56 3
57 30
58 21
59 60
61 62
54 63
64 51
50 65
66 67
68 65
69 13
70 3
71 3
72 73
74 11
75 7
76 67
77 78
79 80
8 67
81 82
83 82
84 85
86 51
87 21
88 89
90 7
91 44
92 93
86 94
95 96
97 98
99 100
101 102
103 51
104 105
106 102
107 108
109 100
110 111
112 113
114 115
116 93
117 82
118 32
119 120
121 15
0 122
81 53
47 100
103 94
123 63
124 62
125 15
126 46
127 3
118 102
128 13
129 130
131 17
132 38
133 32
61 36
134 135
136 122
137 62
138 94
139 19
140 141
142 63
143 46
144 145
31 146
147 96
148 149
107 62
22 98
150 89
68 94
151 62
152 130
59 153
154 155
148 13
156 13
157 98
158 146
112 159
114 27
45 89
160 93
161 162
83 9
163 80
83 1
164 165
166 162
167 53
103 65
168 60
169 89
170 78
142 82
171 13
172 73
24 111
173 85
174 96
110 120
175 48
176 9
177 27
95 19
50 40
47 178
179 32
79 120
180 38
101 32
181 182
183 34
184 15
163 120
121 185
186 185
187 85
176 105
188 15
189 46
35 5
190 63
191 80
68 40
192 105
154 46
112 11
193 108
166 120
194 44
99 48
101 23
154 182
104 155
195 23
196 130
6 141
12 197
198 153
199 53
200 141
201 102
202 7
92 98
64 203
204 105
205 96
199 149
206 42
142 44
207 185
208 62
209 5
79 17
210 78
211 19
127 60
193 115
212 82
213 96
214 215
10 73
91 98
118 23
216 48
217 25
218 15
219 155
123 32
220 17
14 153
221 53
101 146
161 80
222 102
223 36
224 141
170 102
225 226
227 98
76 62
184 38
196 228
157 23
189 89
124 108
229 100
230 30
231 30
50 94
174 17
68 51
232 48
232 178
200 159
233 182
92 23
234 165
10 19
235 96
56 11
234 178
70 73
204 182
236 85
237 60
116 215
29 153
154 105
238 36
87 108
199 80
90 89
239 178
240 149
191 149
241 15
109 197
242 65
117 48
243 38
180 135
192 155
54 44
241 30
244 113
43 98
59 155
39 7
171 102
245 228
71 11
246 98
221 63
147 19
247 203
233 44
6 85
248 7
249 53
250 42
134 27
251 27
252 25
2 73
207 94
253 78
254 159
125 5
255 93
256 102
257 73
84 65
258 149
173 108
233 98
43 215
35 15
224 65
132 135
8 105
253 141
259 36
260 96
16 165
71 73
261 226
190 82
262 228
196 38
251 62
152 228
231 153
166 80
164 141
263 130
264 11
187 21
2 11
246 44
138 185
265 149
64 197
253 165
266 159
126 182
267 38
268 62
269 9
210 159
76 270
26 113
123 73
37 135
184 30
210 165
271 85
103 40
272 11
196 135
273 65
274 145
6 65
244 25
275 11
139 96
213 178
276 155
277 3
219 153
237 153
278 5
39 46
279 85
177 113
255 215
191 53
217 11
277 60
250 32
49 1
276 105
194 63
236 21
248 141
20 34
266 78
52 44
238 270
280 1
151 108
118 146
90 46
222 23
281 178
119 80
282 102
278 36
225 228
283 122
265 203
167 80
274 122
284 51
282 23
283 42
285 111
286 149
231 38
212 9
191 203
287 25
288 153
214 98
264 113
289 93
190 53
139 30
261 145
274 228
202 85
290 17
181 46
290 165
230 5
200 165
280 9
291 115
163 162
126 105
167 149
59 3
204 46
193 27
179 23
72 32
41 73
292 226
217 113
245 122
293 270
294 141
201 32
248 65
218 30
123 42
75 40
294 159
150 40
289 23
97 44
126 155
284 197
295 62
169 7
240 13
296 155
297 21
209 96
298 182
272 19
299 40
241 38
171 149
110 270
272 73
291 108
275 113
181 105
300 53
249 203
301 48
220 80
302 226
285 120
303 108
166 17
129 100
304 96
29 15
28 93
305 135
131 80
234 96
294 165
306 51
281 100
295 108
10 3
49 9
307 94
263 228
296 105
308 89
271 65
217 159
28 111
131 120
183 85
56 73
255 111
287 159
147 30
235 19
136 42
239 48
88 146
307 115
302 228
20 309
14 30
69 78
264 25
307 185
304 178
242 51
258 203
24 215
66 105
290 178
310 51
299 51
311 111
295 115
92 60
312 80
91 215
280 82
172 42
224 7
289 98
156 34
259 67
229 13
194 53
223 185
254 165
302 145
137 36
279 65
170 149
227 44
268 67
313 32
200 78
314 23
236 108
252 159
172 63
293 67
143 89
74 73
315 203
316 93
57 153
66 9
263 38
187 108
233 215
273 51
22 93
223 5
314 93
317 93
315 51
61 67
318 48
319 17
308 146
137 270
54 82
168 98
72 42
279 141
251 115
247 53
168 93
119 17
163 17
117 9
267 130
261 228
282 146
87 85
320 111
221 82
206 1
205 178
72 63
147 5
321 197
188 5
322 185
236 34
241 153
287 113
303 21
16 96
239 130
173 34
55 102
169 46
237 155
140 7
323 102
323 32
227 215
288 3
313 73
324 197
175 178
292 228
55 78
232 100
239 100
112 25
116 25
205 165
2 19
244 11
213 17
305 130
292 122
86 40
325 27
37 228
189 40
134 113
298 44
267 228
278 185
16 178
43 182
281 48
201 146
250 63
312 162
202 141
318 100
127 155
300 82
188 185
221 44
298 98
129 48
124 115
235 5
269 82
24 93
274 226
276 182
243 15
183 108
114 108
184 153
252 113
247 80
218 38
186 5
160 25
41 63
18 185
326 159
303 34
47 130
260 19
192 182
97 215
321 100
303 85
230 19
198 155
33 108
4 96
327 60
328 21
329 100
279 7
304 165
249 80
129 178
87 34
256 78
311 120
330 162
160 215
291 27
288 60
271 141
297 162
174 178
168 23
299 94
195 60
312 120
77 141
188 36
272 3
282 32
211 73
171 78
231 15
257 42
310 65
328 162
190 44
52 63
322 115
173 21
301 1
152 135
324 13
302 122
324 34
306 203
133 73
90 40
125 185
266 141
238 62
317 111
186 36
4 30
109 34
304 17
75 89
133 63
95 30
140 85
222 32
211 11
210 141
294 78
157 60
313 42
148 102
31 23
117 1
97 182
292 145
254 78
137 67
275 25
235 30
245 145
251 108
223 15
83 48
157 93
138 115
237 3
331 67
18 5
262 122
276 46
332 228
319 165
77 165
131 162
169 40
170 13
319 178
320 25
333 120
316 23
297 226
262 145
136 1
57 38
208 67
74 19
319 96
57 15
330 21
175 100
114 62
160 111
321 34
140 65
127 153
323 146
260 5
271 7
179 102
175 130
329 197
306 197
326 113
216 82
310 94
286 53
156 197
61 270
275 159
248 85
332 145
280 48
227 182
247 149
26 135
232 130
91 182
193 62
192 46
86 65
124 27
219 3
84 7
76 36
328 226
331 9
320 93
305 228
212 48
240 102
142 53
56 19
249 149
99 130
201 23
244 159
243 30
266 165
81 63
287 11
58 162
74 3
293 62
128 34
45 40
31 102
143 40
133 42
255 25
70 19
333 111
106 149
262 226
104 46
81 44
317 215
205 17
334 25
250 73
208 36
71 19
151 27
331 105
216 9
194 82
37 130
198 3
128 100
225 122
213 165
290 96
312 17
212 1
310 40
245 226
204 155
199 203
75 46
174 165
33 85
327 153
326 11
70 11
150 7
144 89
278 15
0 42
317 25
225 145
264 159
55 149
144 146
179 146
327 155
258 53
109 13
84 141
158 89
332 226
320 215
132 228
22 60
234 17
259 270
327 3
281 130
301 9
20 85
209 19
107 27
220 120
151 115
254 141
104 182
211 3
35 185
121 5
229 197
318 130
121 36
224 85
283 1
293 36
132 130
240 78
148 78
289 60
295 27
329 13
88 145
261 122
267 135
318 178
52 82
177 135
186 15
28 215
316 60
288 155
298 215
164 78
277 153
187 34
128 197
265 80
219 60
329 34
214 182
176 67
273 40
259 62
49 82
238 67
316 98
69 102
180 130
139 5
216 1
246 182
299 65
156 100
69 149
265 53
33 21
315 197
119 162
45 7
325 135
143 7
286 80
106 13
195 98
260 30
333 270
308 145
29 38
58 226
99 178
269 1
150 46
189 7
300 63
314 60
285 270
326 25
321 13
330 226
322 94
116 111
273 94
207 115
167 203
230 96
208 270
95 5
277 155
256 13
198 60
263 135
311 270
242 94
161 120
183 21
256 149
152 38
125 36
164 159
300 44
334 93
269 48
284 203
202 65
296 182
314 98
334 111
323 23
41 32
291 62
258 80
257 32
257 63
268 36
246 215
161 17
20 108
313 63
214 44
325 113
77 159
206 122
334 215
220 162
209 30
243 153
218 153
79 162
301 82
229 34
107 115
39 89
305 38
324 100
12 100
268 270
286 203
180 228
222 146
18 36
195 93
242 40
252 11
172 32
181 155
14 38
296 46
332 122
253 159
158 145
106 78
