76 152
0 1
0 2
0 3
0 4
1 5
1 6
1 7
5 8
5 9
5 10
8 11
8 12
8 13
11 14
11 15
11 16
14 17
14 18
14 19
17 20
17 21
17 22
20 23
20 24
20 25
23 26
23 27
23 28
26 29
26 30
26 4
29 31
29 32
29 33
31 34
31 35
31 36
34 12
34 3
34 37
12 38
12 39
38 40
38 41
38 42
40 43
40 44
40 45
43 24
43 16
43 46
24 47
24 7
47 48
47 49
47 50
48 51
48 13
48 52
51 35
51 28
51 53
35 9
35 19
9 54
9 55
54 56
54 25
54 57
56 44
56 37
56 58
44 21
44 4
21 59
21 60
59 61
59 36
59 62
61 13
61 46
61 63
13 32
32 64
32 65
64 2
64 45
64 66
2 25
2 53
25 41
41 67
41 68
67 15
67 52
67 69
15 36
15 58
36 49
49 70
49 10
70 27
70 57
70 71
27 45
27 63
45 55
55 72
55 22
72 3
72 62
72 73
3 52
52 60
60 74
60 33
74 16
74 66
74 75
16 57
57 65
65 6
65 42
6 28
6 69
28 62
62 68
68 18
68 50
18 37
18 71
37 66
66 10
10 30
30 46
30 73
46 69
69 22
22 39
39 53
39 75
53 71
71 33
33 7
7 58
58 73
73 42
42 19
19 63
63 75
75 50
50 4
