74 92
0 1
2 3
4 5
6 7
8 9
10 11
12 13
14 15
16 17
0 18
3 19
20 21
22 23
24 25
26 27
28 29
30 31
30 23
32 33
34 28
6 35
36 18
37 7
13 38
16 26
13 35
18 8
8 39
40 13
18 21
41 42
13 43
14 44
45 13
46 6
16 29
47 26
1 48
49 13
18 20
50 51
52 51
10 25
31 29
53 3
45 54
44 55
56 11
57 23
19 58
1 59
0 36
60 61
62 58
63 13
64 29
37 42
8 62
50 65
44 22
60 8
7 59
5 56
57 64
51 18
5 27
34 8
66 55
29 67
4 25
34 61
68 15
30 28
50 54
23 29
68 11
4 10
48 33
69 3
41 8
47 65
18 70
45 7
47 71
72 28
72 42
26 17
6 13
32 7
14 55
73 3
62 29
