3120 3684
0 1
2 3
4 5
6 7
8 9
10 11
12 13
14 15
16 17
18 19
20 21
22 23
24 25
26 27
28 29
30 31
32 33
34 35
36 37
38 39
40 41
42 43
44 45
46 47
48 49
50 51
52 53
54 55
56 57
58 59
60 61
62 63
64 65
66 67
68 69
70 71
72 73
74 75
76 77
78 79
80 81
82 83
84 85
86 87
88 89
90 91
92 93
94 95
96 97
98 99
100 101
102 103
104 105
106 107
108 109
110 30
111 112
113 114
115 116
83 117
118 49
119 120
121 122
123 124
125 126
127 128
129 130
98 131
132 133
134 135
136 137
138 139
140 141
142 143
144 145
146 147
148 149
150 151
152 153
154 155
156 157
158 159
160 161
162 163
138 164
165 166
167 168
169 170
171 172
173 174
175 176
177 178
179 180
181 182
183 184
185 186
187 188
189 190
191 192
193 194
195 196
197 198
199 121
200 201
202 203
204 205
206 207
208 209
210 211
92 212
142 213
214 215
216 217
218 213
219 220
221 222
223 224
225 226
227 228
229 230
231 232
233 56
234 235
236 237
238 239
240 241
239 242
243 244
245 246
247 248
249 250
251 252
253 254
255 256
257 258
259 260
261 51
262 263
264 265
266 267
268 269
270 271
272 273
274 275
276 277
278 279
280 281
282 283
284 285
286 287
288 289
290 291
292 293
294 295
296 297
298 299
300 301
302 303
304 305
306 307
308 309
310 311
312 313
314 204
315 316
317 318
32 319
320 321
322 323
324 325
326 327
328 329
330 331
332 333
334 335
181 336
337 338
339 340
270 341
46 342
343 344
345 143
346 311
347 348
349 350
312 351
352 353
354 355
356 357
358 359
274 360
361 362
363 364
365 366
367 368
369 370
371 372
373 374
302 375
376 377
173 378
379 380
381 382
383 384
385 386
387 388
389 390
391 392
393 394
126 395
396 397
398 399
400 401
402 403
404 405
406 168
407 408
409 410
411 412
413 414
415 416
417 418
419 420
421 422
423 424
425 426
427 428
429 430
431 432
433 434
435 436
437 438
439 440
441 442
443 444
445 446
447 448
449 450
451 452
453 18
454 455
456 457
458 459
460 461
462 463
464 209
465 466
467 450
138 468
469 470
471 472
473 474
475 476
477 80
478 479
480 481
482 483
484 485
486 487
488 489
490 491
492 493
494 495
496 497
498 499
500 501
502 122
503 504
505 506
507 508
509 510
511 512
513 514
515 516
517 518
519 520
521 522
400 104
134 523
524 525
526 527
528 529
530 531
532 533
534 535
113 536
537 538
539 540
541 542
543 544
545 546
547 548
549 550
551 552
553 554
555 556
557 558
559 560
561 365
562 563
564 565
566 567
568 569
570 571
572 573
574 575
576 577
578 579
580 58
581 149
582 583
584 585
586 587
588 589
590 591
163 592
593 594
595 596
597 598
599 600
601 192
602 603
604 605
606 212
205 607
608 25
609 610
611 612
613 614
615 616
617 618
619 620
621 622
623 624
625 626
627 628
629 630
631 632
633 634
221 635
636 637
638 639
640 641
642 482
643 644
645 646
647 648
649 650
651 652
653 654
263 655
535 656
657 658
659 660
589 661
662 88
663 664
468 665
666 667
668 669
404 670
671 672
673 674
675 676
677 678
679 680
681 682
683 684
685 686
687 178
688 689
690 691
692 693
694 695
696 697
84 152
698 699
700 701
702 703
704 29
705 706
707 124
708 709
710 153
82 711
282 691
712 713
714 95
715 716
717 718
719 720
721 722
723 724
654 415
725 726
727 728
241 729
543 730
514 731
732 733
734 695
735 266
736 737
738 739
645 740
741 742
743 744
745 746
747 748
749 750
751 752
753 754
755 756
19 757
758 759
760 761
61 762
763 656
764 765
766 767
768 769
770 771
772 773
774 775
147 399
776 285
777 778
779 780
781 782
783 8
574 588
20 784
785 388
786 787
788 789
374 790
791 762
23 792
624 721
793 794
795 796
797 339
798 799
800 234
801 802
803 804
805 806
565 807
640 401
808 809
810 811
812 813
814 658
677 815
223 816
817 818
819 321
776 820
821 822
823 824
825 826
827 828
829 773
830 831
832 833
834 835
836 837
374 838
839 840
673 841
196 842
843 844
197 845
846 847
848 849
76 205
146 303
850 851
852 79
853 854
855 856
162 106
34 857
83 858
859 860
861 862
863 864
865 866
867 868
869 870
871 209
95 872
873 460
874 875
876 877
878 879
880 881
882 315
476 141
883 59
884 885
886 887
231 888
165 285
889 890
891 892
893 894
895 896
116 897
898 899
900 901
902 903
904 519
905 7
906 907
908 650
909 910
451 911
823 912
485 913
914 915
916 917
818 619
918 919
920 921
922 923
146 924
925 926
845 927
928 94
466 929
31 930
931 932
933 934
935 306
904 936
937 938
939 940
941 9
942 712
943 944
945 946
947 948
949 950
797 951
952 953
954 955
798 956
957 918
602 958
959 960
961 962
963 666
964 965
966 697
236 327
967 968
969 970
971 894
972 973
974 871
975 976
977 242
584 126
978 979
863 227
836 521
980 932
226 260
905 670
440 958
981 982
983 984
985 764
986 987
35 144
988 989
523 990
991 992
993 994
995 911
996 997
998 999
1000 1001
1002 1003
1004 1005
1006 929
1007 1008
1009 936
298 1010
1011 1012
1013 1014
1015 270
1016 1017
1018 1019
1020 1021
1022 1023
1024 1025
1026 1027
1028 1029
1030 1031
815 1032
916 479
1033 825
1034 374
577 1035
1036 962
1037 993
1038 1039
1040 1041
1042 1043
1044 1045
1046 1047
1048 614
1049 1050
252 1051
1052 1053
1054 1055
1056 1057
1058 1059
1060 789
558 1051
1061 1062
1063 1064
1065 988
280 1066
1067 833
1068 1069
1070 1071
1072 512
1073 1074
1075 1076
245 715
1077 1078
909 1079
363 1080
1081 1082
747 1079
1083 1084
1085 1086
1087 1088
1089 1090
622 1091
630 1092
1093 608
1094 858
1095 541
1096 1097
1098 706
325 1099
1100 482
1101 1102
1103 1104
1105 233
1106 1107
1108 1109
589 647
1110 1111
645 1112
525 1113
1114 1115
14 794
74 1116
432 563
1117 1118
1119 1120
1121 1122
1123 228
524 1124
1125 242
1126 1127
371 1128
1129 91
1130 428
11 1131
1082 212
1132 401
1133 1134
1135 316
1136 1137
83 1138
1139 920
1140 1141
1142 1143
1144 828
1145 1146
1147 1148
82 238
1149 1150
1151 1152
1153 1154
101 740
1155 1156
1157 1158
1159 1160
1161 1162
1163 1164
1165 1166
1167 322
1168 1169
1170 1171
1172 399
336 1173
314 1174
28 1175
1176 188
263 104
1177 1178
226 394
900 939
1179 1180
1181 1182
1183 1184
1185 1186
1187 1188
1189 1190
1191 900
1192 871
1193 1194
1195 1196
50 1197
1198 1199
1185 464
1200 1201
1016 546
1202 1203
1204 1205
1206 785
1133 136
1207 1208
1209 1210
7 607
1211 1212
1213 1214
1215 1216
253 1217
1218 1219
1105 1220
1221 1222
1223 141
145 1224
668 960
1225 1226
1060 1227
43 8
1228 1229
1230 1231
402 1232
1233 767
173 1234
818 1235
1236 1237
1238 91
1239 712
1240 524
830 65
287 1241
1242 758
1243 1244
1245 1246
664 1247
508 880
1248 662
1170 1249
1250 1251
82 1083
1252 242
1253 740
127 1254
528 585
241 1173
1255 686
1256 55
586 839
1257 1080
1258 1123
1259 1260
1261 1108
1262 1263
425 933
981 296
486 1264
1265 1266
635 1267
1268 1269
532 1270
1271 293
1272 855
1273 766
1274 1275
1098 1276
1277 1278
1279 287
1280 1281
1282 828
942 102
721 1283
1284 1285
1286 1287
71 503
1288 1289
1290 1291
291 438
1292 1293
676 1294
1295 1296
1297 1298
1274 1299
1300 1301
1302 1303
1304 1305
1306 695
662 1241
1307 184
1308 1309
8 841
1310 999
1311 1312
1313 1014
1314 1315
1316 1317
1318 1319
1320 670
1321 1009
667 1131
1322 1323
1324 1325
283 1326
1327 1328
1329 1330
1331 1332
1173 1333
1334 1335
1336 1337
1338 601
1339 309
1340 17
1341 1342
619 1343
1344 649
387 1345
1186 1346
1347 1348
1349 1350
1351 1352
1353 1354
1355 1356
1357 180
898 1358
1359 1360
1361 1362
925 1363
1364 1365
1366 1367
1368 443
1369 1370
1371 307
1118 1372
1373 1374
54 373
1375 1376
1377 464
1378 1379
125 1380
509 1381
1382 1194
1383 1384
1385 1386
195 1387
1388 1389
1390 905
1391 1392
1393 422
1394 1395
1337 766
863 1396
1397 498
1398 1399
1400 1096
1314 1401
241 1402
1403 1404
1405 124
1406 1407
942 1408
1123 1388
499 1409
740 1410
1411 1412
934 866
1413 1093
572 1414
1415 1416
1417 862
70 1418
1419 1311
704 750
1420 1421
460 723
1422 1423
1424 1425
497 1426
323 1427
1066 1204
573 733
1428 1429
1430 1431
890 1432
1047 1433
1434 1435
150 1436
288 1386
1437 807
397 1438
1240 1165
1439 1440
1441 1442
1443 1444
709 1445
1446 1447
1448 640
1449 1450
1451 953
1452 713
1453 1454
1455 86
1456 1457
1458 1459
1460 1461
1258 1462
1463 1464
1465 1082
657 601
1118 1466
834 1467
1468 1469
1470 1359
356 894
1396 1179
1471 250
1274 1472
1206 109
1473 1474
836 1475
1476 1477
1250 1478
1479 1480
1481 413
1482 1483
449 805
1484 1485
910 1486
1487 1488
261 1489
1490 901
1491 1492
1493 1293
1031 350
849 1004
1494 285
1495 647
1496 1497
1498 1499
1500 1501
1502 1482
1503 1504
1505 1428
1506 1507
1508 1509
1510 1065
1511 160
1512 1513
1514 1515
1516 794
1517 1518
1519 966
1484 1520
257 1521
1522 1523
657 1298
257 1524
1525 376
1480 1526
1527 1126
1528 1529
1530 171
1531 1532
1533 1534
1454 807
1052 1535
1536 1537
539 137
132 1538
910 1539
1540 1541
1542 1543
1544 619
1545 1546
1547 310
1548 1549
1550 1551
737 1552
1295 1553
1522 396
1554 1555
275 120
1556 1229
1068 1133
1557 1558
1559 1137
1181 1560
1561 1562
1526 1563
686 1564
1565 375
1566 1006
231 1567
1568 1569
1286 1570
771 1571
448 1360
1572 386
1573 1574
1575 1576
498 1577
1578 1319
1256 1579
931 350
295 1580
1581 1582
111 1583
35 351
20 237
1584 1585
324 1219
1586 1587
1588 93
1589 1590
340 77
1591 1592
251 1593
1594 1595
524 1596
1597 450
1030 1183
1094 1187
1598 18
1548 305
1157 1599
1600 1601
409 1602
169 1603
1604 807
924 1605
1606 747
1017 1196
1607 1608
1609 1610
495 467
1611 1612
1613 499
1614 1615
108 387
1616 1617
1455 563
189 1618
371 942
1619 469
1620 1621
1622 1623
1418 1624
1258 1625
1626 619
1627 1628
1629 830
1108 156
1630 1466
638 395
490 1631
1632 1633
1634 837
1635 1636
1637 1638
1639 1640
1641 1642
1643 1644
367 1645
1646 119
1647 1648
1649 1356
1650 1471
1651 1426
1652 1653
1654 1655
1656 1657
1658 464
524 1659
1660 1208
1373 222
1661 1662
1663 426
1485 289
1114 11
1664 1447
1665 1666
1667 1010
809 1668
128 1669
567 1670
1671 343
1522 1509
773 1672
45 1572
1673 1674
1675 1676
1677 785
1678 1202
1387 1679
808 1402
631 1680
1681 1682
1683 1684
1011 1685
1686 1687
1003 651
150 618
278 987
1688 1689
737 1115
1690 1691
1118 1064
452 1692
1693 1694
1695 1075
1164 242
820 1696
1142 1697
1084 1698
1699 265
1700 1701
843 1702
930 1703
426 1704
1705 1706
1707 1708
1632 1709
1710 1711
1712 1713
1714 1715
1716 1717
1718 503
244 1284
1719 1720
403 1721
681 126
1722 1723
1724 1725
1726 1727
1728 1729
1730 1678
1731 183
1732 1733
1734 1735
572 142
1478 848
966 1736
1737 1738
1739 153
1740 12
1741 1263
1742 1743
1106 1744
1745 1746
1727 1747
1748 724
1749 303
1750 1751
774 1752
59 1753
1754 1327
1468 1755
460 1536
1756 677
1757 962
1599 632
345 963
455 1758
1759 1760
1761 1644
721 427
1269 1762
895 1763
435 1764
1123 1765
985 1368
231 236
1075 1766
1767 1768
1435 1769
1770 923
1771 1772
1773 1774
1775 772
1776 350
1777 1778
339 1779
1780 1676
1781 1782
1098 1783
47 791
784 1784
1785 1786
1017 822
1787 1581
1788 1789
517 431
1790 536
1791 1792
1793 1794
1795 1796
1797 529
1798 1799
1800 764
207 1801
771 546
1802 1803
1804 338
579 451
1805 1806
507 881
508 1807
1808 359
1809 1810
1811 1645
1812 102
1813 1814
1815 498
1647 1816
1817 1818
1819 420
1820 1041
1821 462
1822 1823
1824 101
1825 1826
1584 1827
1016 1828
1816 21
1829 1830
1151 766
1831 540
1832 361
1833 946
1834 1835
1836 1837
1838 739
1398 371
1839 1505
1840 1841
49 1842
1843 1844
737 63
852 1845
217 395
1798 1406
1846 1847
1484 579
555 25
1848 1689
1849 1564
1494 1665
1850 1728
1316 1851
966 1278
1852 1853
1854 459
1855 1767
1856 358
1857 1410
257 1858
1859 1860
1861 1862
1261 253
1863 1244
1864 1865
1866 1867
1868 1869
1870 894
1868 1871
1872 1790
1454 85
449 830
1873 1874
292 1875
1703 1564
309 1876
82 1877
1878 1879
1880 1881
722 1882
1883 1884
1885 1886
1887 1888
1889 1890
1891 1892
60 182
1893 1894
1771 1895
1896 1897
1898 1899
712 1900
975 1702
1901 1902
1450 1327
1903 1835
1904 1564
1905 1906
1736 1667
1907 1908
1909 1910
1911 992
1912 1913
1173 1370
1914 1915
127 1878
507 1916
795 1917
1918 728
1820 1919
1267 273
1920 443
1921 45
1922 903
1923 34
1793 740
1924 1925
1926 571
1530 1927
1928 1732
233 110
1929 1903
1930 1931
253 1932
1398 1840
1933 1555
1792 1934
1935 1782
1895 1369
25 1194
1936 1469
258 641
1937 399
1938 1939
790 1913
1940 1941
1074 1942
1943 1565
243 1944
1945 1290
877 1946
552 1842
1947 1948
863 796
690 857
1468 1949
1238 1950
1350 1951
648 752
82 1952
985 445
1953 1954
1955 1956
1957 998
1167 1958
1175 1959
1960 1358
1961 1364
1827 191
1962 1267
1963 1964
1934 1965
195 892
1660 1966
20 494
764 1967
1108 45
1708 674
657 1968
1969 61
1809 422
722 1970
721 594
1971 1972
1812 1973
1157 1964
1725 1974
1975 1976
1977 449
1978 1210
1979 215
1395 1980
1981 822
20 1982
1983 502
1984 1082
756 1985
1986 647
393 1987
1988 1253
645 1989
1990 867
1852 1991
1080 1992
1206 1993
1212 1994
1382 37
1077 1995
959 1649
1996 1040
1997 1998
365 1999
1017 1182
2000 2001
2002 395
2003 989
972 637
293 2004
2005 2006
2007 2008
1993 2009
613 1143
2010 2011
2012 2013
2014 2015
816 1361
1006 2016
2017 2018
50 1344
2019 545
1793 467
268 1857
2020 1352
1174 204
2021 284
2022 2023
2024 746
2025 2026
670 607
1981 1721
2027 242
1287 2028
64 1826
1988 1642
2029 1070
468 398
2030 1311
555 1193
2031 793
45 2032
2033 1227
528 885
2034 798
611 1365
306 2035
781 943
665 2036
2037 2038
2039 2040
1896 414
43 2041
2042 2043
1638 2044
1267 1984
2045 2046
2047 2048
2049 1397
1577 626
2050 78
220 2051
2052 2053
2054 2055
162 2056
2057 2058
1699 2059
2060 215
2061 1971
327 2062
2063 2064
2065 2066
2067 2068
1535 321
2052 747
2069 410
1475 2070
1584 613
1320 582
369 2071
1231 2072
966 1752
2073 105
464 2074
532 1089
1427 2075
72 2076
2077 601
2078 2079
2080 824
1037 1236
2081 807
174 2082
2083 1513
429 506
976 2042
1648 401
1600 2084
2085 2086
537 1683
2087 2088
2089 2090
443 2091
190 65
460 2092
1357 2093
439 53
2094 324
227 2095
277 1706
1772 2096
2097 2098
1221 2099
1627 73
376 2100
2101 727
743 815
2102 264
2084 1601
1379 1412
1219 1075
2103 479
370 2104
2105 1352
1398 2106
1611 2107
1718 2108
1105 2059
1181 2109
1394 1342
2110 1075
1164 462
1546 958
266 49
1124 2111
2112 1219
1624 742
1339 691
1051 2113
2114 990
1861 2115
2116 1072
1598 596
2117 1184
1795 2118
2119 1197
2120 766
508 2121
1385 1373
1993 1297
2122 416
2056 1433
1119 1722
2123 2124
2125 1590
410 1773
1821 719
2126 753
2127 1627
2128 1931
2129 2130
1161 2131
1962 1209
2009 2132
2133 2134
500 1236
1963 64
1923 2135
1181 2136
799 2137
2138 1021
339 2139
94 2140
68 320
15 695
2141 1188
404 743
1415 2142
2143 179
980 2117
1852 376
2144 92
1030 2145
2146 739
2147 324
2148 2149
451 2150
2151 2152
979 1262
958 2111
2153 2154
1783 2108
2155 761
1575 1340
1943 2156
271 609
2157 2158
1022 1474
1533 2159
2160 563
2161 1174
2162 705
252 2163
2164 2165
443 2166
1034 1741
2167 1468
2168 976
2169 832
416 870
2170 1682
1851 1910
2171 2172
2173 2174
2175 596
2176 2177
709 2178
286 1279
1927 2179
2180 242
800 487
1764 383
2181 2182
693 1798
742 2183
578 1193
2184 2185
410 1099
2186 2187
2188 889
2189 1127
2190 2191
2192 17
2193 1657
2194 2195
783 1111
770 2153
195 2196
78 2197
1489 1268
988 2198
449 2199
434 2200
1374 1626
1977 1101
2201 2202
779 1372
2159 1319
164 201
783 2203
599 1060
1288 1306
2204 1278
2205 2206
398 1889
1663 2207
1823 1492
2208 1524
1108 1984
201 494
2209 1889
1852 709
1490 2210
470 1203
1927 2211
2212 159
2213 1612
2214 1236
2215 1920
1876 2216
475 2217
284 1946
1403 710
2218 1227
693 445
343 2219
2220 1300
2011 1571
1738 1195
2221 1808
1984 1337
1467 1326
2222 1559
2223 2224
2201 523
2225 2226
2078 1755
2227 2228
1272 2229
2230 2039
2231 1862
671 1194
758 2232
2233 2042
2234 1616
1257 1322
1336 2235
1136 358
763 2170
2236 375
1710 2117
2237 2238
2239 504
240 511
2240 1430
1173 2241
2242 976
156 1337
2243 2012
2244 1846
2087 2245
268 773
350 1145
139 2246
1334 1681
315 2247
2248 1905
1118 1941
1305 307
1558 1769
2249 2250
2251 433
2252 2253
1311 1541
1383 745
2254 921
1474 1610
1030 907
2255 152
2089 286
354 344
2256 876
324 1891
2257 2195
954 1640
2258 1281
1889 2195
2259 1380
412 730
2260 1461
1764 1813
914 2261
2262 2263
2034 2264
2265 2266
1103 2267
875 1559
2268 1664
2269 534
924 2270
2271 456
2272 160
2273 1591
1013 1878
2274 2275
2276 618
503 78
2277 2278
2279 2280
2281 2282
1034 1059
2283 2284
1109 2285
2286 2287
2072 2288
1032 896
2289 2290
1829 2291
2292 1016
2061 273
923 1078
1055 686
2293 2149
749 1422
969 1487
2294 1690
2295 50
2296 2297
1586 2298
2299 524
2300 1802
2301 2302
139 274
1699 1485
1015 2014
2303 1978
2304 2305
1552 1502
1807 1955
2306 2237
786 1838
20 2307
840 1284
2308 966
2309 2310
1928 1789
2311 266
2312 2313
1029 2314
2185 2315
2316 907
2317 2004
2318 2319
2171 1122
2320 2321
659 2322
2067 178
2323 2180
2324 2325
2326 1832
2327 2328
1330 1325
2329 2330
2331 1624
2332 5
2333 2334
2335 1215
1394 2336
2337 2338
221 889
2339 149
2247 2340
2117 2341
360 1905
2342 1091
2343 1447
740 1563
2344 2345
981 591
1008 835
1457 2270
673 2004
2346 1489
1560 1371
2347 2348
2315 2349
2174 2350
2351 1177
2152 1863
2352 869
2353 2116
554 2015
1345 1051
1745 528
1350 350
2354 2355
2021 2356
2357 464
372 574
2358 2143
1472 2279
1348 828
1578 1956
1887 2359
587 1250
1460 1997
68 542
2360 1813
2361 1383
2362 737
555 1534
2363 78
962 1563
2364 1543
31 2365
598 349
2366 959
2367 2134
2340 2368
2369 1394
2370 619
2152 1572
1562 2371
2167 1079
1776 2372
2373 2195
2374 2375
2376 2377
2378 2333
2090 2379
2380 2381
1947 1922
974 782
2382 2375
1129 2383
2384 1303
2385 2386
1885 1146
1067 1972
2387 2388
2270 55
2389 1057
2353 2390
2391 2392
123 362
909 259
873 1812
2393 2394
1579 2377
616 39
69 880
817 2262
1560 2076
1387 152
1507 2395
2396 2397
741 2398
1815 486
2399 2400
722 1534
995 1080
1715 709
245 1799
2401 669
460 2402
692 2403
1728 1966
578 219
154 785
2404 2405
553 1608
1399 1728
38 1529
205 337
2406 2407
812 2408
2409 285
1245 687
68 104
1364 2338
2410 2411
1673 2412
1624 2413
1062 81
1620 792
298 1466
738 2414
2411 670
2415 1801
842 1289
1724 2416
2158 894
297 319
1908 2417
1458 1062
2418 2419
2420 776
1347 919
1716 162
379 2421
144 2422
446 2423
420 2424
156 2425
2059 182
2197 2406
2421 755
1039 691
887 2227
1705 2426
2427 2330
2125 557
2428 2429
2430 445
1467 1842
2431 2210
2432 709
807 392
722 2433
2289 2434
2435 2079
978 2270
1858 2436
2437 1222
46 1844
939 118
1123 1600
1987 604
966 2438
1272 2439
2440 49
48 2431
2441 1609
2442 2138
1674 2443
2444 1317
2445 1876
1451 2046
1550 830
2446 2447
2448 1492
758 645
1793 185
2449 863
2450 1536
2451 419
2452 2453
224 1573
2454 2175
2455 2456
2031 563
2184 1276
802 149
2457 2458
305 1426
1486 999
2459 382
2413 1498
2258 1462
1500 98
2460 2156
1476 2077
2461 2462
2463 2464
2465 827
2466 2467
947 640
2449 2468
2469 2287
1584 2470
2471 952
623 2472
222 453
503 1275
2473 2041
2474 1064
2475 1692
418 2476
1781 449
1432 752
1719 2477
2478 1332
2479 2480
2064 837
2119 2459
486 1998
842 1086
1364 585
2481 50
345 2482
435 1425
2483 712
1827 1298
518 2484
1975 2253
1219 2485
116 126
1947 2346
2486 2013
2487 2488
435 2489
2490 491
2491 2107
1619 1948
2492 2493
2494 860
2347 1222
1173 2231
2495 1541
403 2496
688 2497
2498 246
1975 2499
519 526
2256 2500
2206 2501
2502 1440
879 1000
1338 2503
2128 2328
2504 1998
2505 268
1661 613
2235 635
938 408
2506 1533
1784 1826
2507 2373
1808 2254
2 2508
2473 2101
2509 2510
1756 626
2140 2511
2512 2513
747 2453
2514 2381
354 1696
2515 2516
643 42
2517 2518
1930 2519
1353 2520
1921 2521
164 2522
2131 1931
1848 1543
302 1845
2523 1949
244 2187
2524 1086
2525 352
1794 495
1448 69
2526 444
1401 1160
635 589
2527 2528
150 172
380 40
2201 2155
1938 1158
2529 1354
243 1749
234 1123
2530 1282
2531 1434
889 2471
2366 2532
2533 19
2235 1311
1937 589
156 932
1033 2207
2240 2335
443 2534
2535 1798
2147 2308
2094 2536
2351 2286
1044 1301
1512 2213
2325 2046
1109 2425
2537 2509
1147 2471
492 2538
427 2539
2540 2422
2541 1801
504 79
2542 1403
2006 1540
2543 725
2544 1841
1247 2545
342 478
775 149
1777 1731
1764 2546
2547 2548
2549 610
965 1817
181 2209
2550 2519
2551 2072
2552 2553
1250 1985
2366 222
2554 41
1740 2555
36 2556
207 1644
2283 2557
1419 2558
2559 1882
182 398
1280 2560
2561 2562
1155 575
2310 2563
391 2082
2564 2565
2566 2567
680 2568
2569 556
712 2570
2147 1109
2571 2182
1381 2396
1139 849
453 19
2572 802
1861 2573
64 2574
64 2345
2575 747
811 96
75 265
621 252
2136 843
1538 2576
1638 560
2180 2577
1969 2578
273 2579
2580 2374
1188 1125
2581 2582
1229 1073
2583 2584
1831 2448
1755 1652
2585 2586
1883 1190
1553 2085
2587 670
1582 50
2588 2589
2590 794
1250 2591
2592 2593
1241 2594
608 2075
2223 881
270 826
2504 1216
2384 2293
2022 1237
1169 118
640 400
2595 2288
2027 2596
1377 527
369 468
1057 2597
1363 2150
174 2598
2599 759
2600 1298
2601 2602
723 2164
1140 152
2603 1753
2604 1941
1023 691
1095 2605
2261 1697
593 969
202 2606
2043 2053
2607 310
288 686
2608 2609
244 926
2126 2113
939 2441
1701 2610
2611 1125
79 2398
2460 207
2612 1960
2582 1446
1377 1331
2000 1497
1979 2613
2614 2615
2312 237
1825 948
231 2616
2243 955
2617 868
1272 1485
2618 1942
1183 2619
196 2620
682 769
1710 2621
910 2079
2005 178
2622 226
2623 2624
253 2625
2626 268
27 2627
2628 2195
2555 871
1050 2629
2630 1917
443 2095
680 107
1117 1012
1537 717
186 1597
2631 1641
2632 265
2633 2634
2635 754
1484 1626
1197 381
1654 2636
1534 2637
1519 1887
2184 2638
2525 1915
2639 2499
1677 2640
2641 144
2642 1983
663 2481
874 1309
2643 219
2248 2565
2576 1539
2644 334
2645 2646
2647 2628
1311 2648
1483 2649
2650 876
1901 1649
2651 2652
2653 1748
2654 2655
1556 526
253 1743
2121 1088
2656 184
629 2657
2539 237
430 1849
1394 244
1866 2658
253 2619
1670 2659
2274 1989
2465 152
342 1485
652 1574
2660 73
312 459
396 2661
2662 1656
2663 2161
2047 1781
785 2009
1034 2270
937 1901
2429 2649
677 2664
2665 794
142 52
507 1096
2666 740
2667 2668
2669 2670
2310 1894
2190 1042
605 1679
2671 345
2672 1571
2673 1544
2674 1085
454 1651
892 1794
556 2637
2468 2675
418 1999
2676 2500
2677 63
2678 61
2442 902
2679 355
1987 1947
819 2073
1105 1385
368 2680
2681 284
2682 745
768 2683
2684 1803
1715 2389
1795 1442
83 2685
2492 2686
1306 562
2687 2688
1622 1733
2689 2319
2690 955
290 522
1920 2691
621 1051
310 2692
831 2199
1937 1602
1594 2693
1376 1805
1835 1552
2694 260
2695 1616
1030 1885
2696 1733
914 1171
2697 8
1211 686
2698 2699
2700 813
379 2424
83 2701
2670 2702
348 1082
1528 2157
1719 2703
2204 2110
1840 421
1930 2704
1800 2084
1378 1127
1390 2287
873 372
2705 242
245 2706
659 38
2482 1414
279 457
2696 562
2369 2707
2708 2549
2623 2132
1836 1964
1699 1844
2468 333
2550 2709
2156 2407
2710 2711
2712 2229
1465 2713
2714 2091
1843 124
2715 394
2030 2320
1855 2648
403 2716
1150 395
1759 2174
1329 2717
2493 1025
2718 2098
2719 1611
1646 159
2262 2386
1905 2085
749 2502
2720 1847
115 2364
230 2713
2663 2721
1477 1939
1399 156
2722 11
981 2723
2724 766
1973 103
679 2607
1182 351
1819 2017
2725 1217
1542 769
34 929
2726 1722
1629 1448
2727 1075
2429 2484
474 109
2310 2728
532 673
1649 448
1638 566
2477 860
2363 453
735 2394
602 438
2366 693
2729 2730
2129 1661
1308 2731
2732 252
2733 2205
244 2734
2306 2735
2736 585
2304 1479
372 2737
2203 1679
1509 386
2738 953
2088 1388
2184 2609
2564 1898
2739 1319
2740 2640
2405 265
2741 1999
1556 2314
1738 161
2742 1813
79 2743
2744 2745
2746 2747
908 2462
929 1205
954 604
967 2748
400 806
1193 2637
2749 2750
2751 2109
269 1672
2752 172
2420 2558
345 1019
1024 1874
555 2753
2451 1308
2404 2102
1590 2302
2749 2275
800 2449
1625 2754
82 2755
723 2756
2757 2758
169 2759
1625 2746
2760 483
1573 2761
602 2762
1311 2763
2764 2765
1207 178
202 868
2766 612
1980 2767
2768 1435
1134 2267
1525 144
1861 929
2769 1564
2770 1153
474 1661
1247 821
2771 563
1821 2772
1561 1429
1368 7
1076 2621
1319 1097
1141 1788
1266 316
2434 1968
2773 1818
635 2324
957 794
2774 2403
2775 770
370 1764
2325 2776
1871 1060
1427 2777
597 2778
2738 408
233 2065
375 2779
2208 237
2684 1830
2387 389
2119 992
1048 2130
2780 1348
1200 2781
2506 857
1714 524
2200 2571
819 68
179 684
2782 364
2170 2191
1647 819
2783 1176
1015 2784
751 256
2785 1649
2786 1702
2450 2756
2787 2078
2199 2788
1837 2789
1937 2021
1547 2529
677 1763
2424 2790
2791 366
2676 2466
1289 1679
1625 1917
1464 2032
2792 2793
2794 1787
2038 544
213 2795
764 1254
396 44
152 67
2796 2572
2720 67
2797 1359
1444 987
175 1734
2514 354
1714 35
537 2798
2799 2052
2800 2033
2801 150
2802 1014
1341 1664
1875 956
2287 2721
1184 2803
1615 2804
2115 1237
2805 1110
974 2337
2806 1924
426 2647
2807 399
2808 2252
2809 4
2810 1730
1813 2659
1638 1798
997 2433
1364 2652
2811 2681
551 118
2587 2589
2812 2099
856 2281
2813 2192
1911 546
2814 1417
1840 472
2188 2
2631 2815
1520 41
2633 847
2447 2816
1945 1353
1463 1438
2387 1750
2817 1113
954 2818
1272 1121
267 2216
135 2819
517 2645
2166 1587
2820 1035
2821 335
2822 2823
1762 2824
2825 709
2218 2826
1498 2819
446 1638
2827 2828
2829 2830
2291 941
1484 2369
2490 2831
1838 1172
2506 2807
2234 1823
2272 1560
2612 149
127 2693
2783 2832
1742 2803
2833 1778
1890 121
2290 601
1649 2797
2834 1842
654 2318
2175 328
1892 93
1057 2835
2836 2263
2837 2838
2839 2268
2840 2841
839 434
1272 2842
2843 120
243 2753
1249 25
2668 620
725 317
811 1196
2366 1527
760 1631
202 2844
2845 2398
300 181
1285 862
1468 2846
2685 2847
2848 1082
1077 1939
2148 913
1098 384
2675 2849
1591 2513
1828 1332
501 281
1661 2850
2851 563
1920 130
2004 1999
2852 1486
2588 2553
988 90
376 709
2801 1118
2041 2853
2854 1513
73 1196
19 2855
2856 2705
2096 691
1220 2366
2857 1243
2844 355
1779 1043
1439 1093
932 2621
702 1030
2767 1080
2055 1001
328 424
1518 1450
1391 2656
100 2858
66 1707
2859 2860
1880 2861
378 1053
2862 200
721 231
2295 2805
224 1020
1424 2162
2863 1649
886 2627
2864 1976
613 754
274 2501
2578 2865
2866 2568
1811 823
1421 509
2867 133
1733 1830
1840 2557
1795 2379
607 2868
746 2869
721 2637
2870 2115
1878 1669
603 732
2750 2871
276 865
1884 488
2016 2872
1431 1409
1618 2873
2874 2154
836 1546
2875 183
2876 242
1014 1998
2232 803
2809 2877
2878 1995
1313 2335
313 1576
1510 2879
154 2658
2528 1563
726 2880
1167 2777
1152 697
977 777
417 2317
1531 952
1893 1142
418 1687
144 1214
484 1303
402 2881
1367 331
1810 1201
2882 1087
838 480
1423 2368
243 1126
2883 2048
1307 2884
206 2114
2874 1100
2037 2080
2885 1237
869 770
2186 1323
2886 1162
2887 1597
807 26
2888 1001
2388 2074
231 2889
245 716
2776 1532
2175 424
1392 2798
2890 1231
2891 1549
1684 2892
2439 2632
2893 147
2894 634
2599 1623
508 2417
2784 1346
2480 1558
940 2629
2343 1906
486 1014
2895 778
2696 1387
2896 1319
1314 493
1781 2897
2541 2831
1050 901
2740 2009
1634 2898
2167 2389
2168 2899
1663 720
2395 2900
1330 1653
129 1765
2901 2742
194 1953
162 289
2296 2554
684 1086
2020 1728
1593 2624
2286 1178
402 745
354 299
1364 2314
2897 2789
2902 1523
1054 1914
2903 2477
2239 98
2904 1325
2905 2698
575 677
1209 1178
2278 2223
2139 1670
1009 988
2906 1195
2907 2908
748 161
146 138
2909 2778
2060 2454
722 2472
981 2812
2639 2910
1733 2911
798 2562
2912 1426
814 2266
2505 2913
2914 528
2882 2915
2653 698
2744 318
2586 1235
2673 1251
1597 456
624 2556
1787 2019
1013 764
1424 2560
1469 2823
1443 1
2552 1409
1311 2028
2886 1452
2893 2225
787 2865
2610 444
1138 2895
2916 778
2800 2593
945 249
1190 2137
2617 2917
2142 497
2676 2918
800 369
2584 850
959 1636
2250 2280
2883 65
2782 2919
257 1680
2425 2285
1296 1070
2920 2702
393 1573
2839 2921
1409 582
2753 2522
170 2922
2923 2924
538 2066
1621 818
2392 2925
2926 1668
633 1035
2634 2927
2928 2929
1493 1292
2810 1362
181 2506
2741 2300
1833 1382
891 1585
2900 1655
1556 2930
2265 631
2172 2842
2449 1264
1719 949
2613 2608
669 2931
2747 1691
1504 1019
590 2822
1962 1390
2932 2440
1424 2546
2933 1233
2753 2470
2378 2255
2934 1369
2837 2170
853 1595
2935 2123
536 33
2936 1082
1798 2937
2537 124
2938 2390
2939 2940
779 1010
2941 1242
97 307
2942 882
873 2943
2944 766
368 2781
2511 546
410 2606
2945 2814
2344 2946
516 2947
1923 2543
2841 1436
2948 1773
1850 2687
1442 2013
2514 203
2429 1733
2913 2949
2797 2950
1775 1563
1057 2894
2911 1416
1844 399
2951 61
2827 2717
2952 451
2567 517
544 2953
2954 2700
556 2470
158 211
1373 984
547 1169
2955 2298
2806 2390
1764 2403
1527 484
2157 2348
336 1289
2956 192
1071 2516
2662 2158
1950 1364
2332 1965
2168 2722
2957 1061
2958 2488
2959 748
1552 2960
2915 2116
2830 2175
2901 2961
2817 2762
698 1900
1420 2962
823 2737
1377 2766
2963 2773
19 1514
974 2618
1245 1399
1194 2464
1845 1823
2964 1869
2965 48
1279 2940
1883 2966
1947 1580
1536 698
2829 435
219 1806
1709 2892
2967 71
910 894
1011 2968
549 1136
515 1194
1058 964
2815 2941
1288 807
2020 2969
372 1128
1348 695
2970 1095
1294 1226
1225 646
707 140
1795 2971
2972 1774
2 2169
2933 1027
2718 2754
216 2973
1830 153
2072 2974
842 260
2209 2807
284 701
682 906
124 361
2708 2975
1986 890
513 615
2976 359
418 2791
702 980
2757 2977
1220 1901
2978 1051
2412 992
2876 2938
613 2163
844 1769
757 183
2544 2709
530 2979
2980 1814
2981 2559
2264 114
943 1745
532 89
1104 2779
1026 2067
1760 309
2688 472
2292 1560
2829 369
2036 2072
273 1930
1602 354
2982 2192
2983 273
2984 2764
959 569
2828 2462
917 2924
347 2329
1108 931
1159 2533
2601 2667
2036 2985
2986 1687
747 1305
336 2278
182 289
2987 253
1719 2178
2988 2305
2989 1092
2058 1377
1839 710
2835 2990
2830 1598
1932 2991
519 884
2761 2853
2220 1212
2225 840
2992 1039
466 1317
2177 1785
1732 2646
2954 2035
2979 1639
2993 2118
456 1293
2600 2574
548 2480
1901 2875
804 2994
2995 90
2469 81
2133 1255
2308 409
312 2272
2642 341
2054 2064
2996 1722
2997 415
2483 2998
954 2999
253 3000
3001 2826
2307 237
3002 149
3003 2062
2891 2527
660 1496
2494 709
2457 1828
3004 858
64 2309
3005 2233
2864 2953
3006 785
38 2422
664 1762
4 3007
1335 1798
3008 2487
1068 3009
1377 528
1096 2636
2524 1516
2869 1057
3010 1489
3011 706
1977 1935
407 2321
1045 1255
3012 922
1751 2488
400 1132
3003 2418
2885 398
1866 155
882 3013
1476 3014
1937 1889
3015 143
3016 794
28 55
2563 2850
3017 1739
3018 1976
2403 214
2167 1016
2331 3019
2854 2836
2621 2909
406 2759
1495 2046
1366 2349
1770 2199
2597 3020
156 1509
1013 853
3021 766
1239 600
262 2996
3022 2018
1261 703
2214 2926
3023 326
2069 3024
121 2382
2807 2457
357 133
2796 3025
2722 2885
3026 2790
1136 111
2596 1821
290 2745
2408 844
1243 1572
216 2621
2887 186
2215 863
509 3027
3028 121
1650 592
3029 767
576 1573
2389 225
1690 503
1700 2691
1907 378
3025 766
1431 3030
1136 1747
1166 2392
2313 237
2342 2978
1785 2365
1034 3031
3032 1371
2712 686
1318 1569
1596 2795
1671 1752
3033 1085
478 2509
367 717
1949 998
1693 1497
923 1077
2295 1017
2538 2175
2804 776
3034 2579
1919 2730
2440 2531
1838 1832
992 3035
274 1905
1085 2898
1593 1167
1265 1897
2684 8
2521 1888
2907 2467
1407 1043
1722 1618
1698 1704
2092 699
2488 91
3036 276
2273 2942
272 3037
2057 1607
1077 3038
687 148
659 1657
2181 2790
2517 932
2847 2374
2686 2370
2658 2009
2813 1628
2093 62
2455 374
1069 3039
3040 1565
1230 1864
2502 211
368 1227
2878 3041
1245 509
1291 2507
1933 744
3042 735
1902 851
3043 1490
784 3044
2866 2692
959 2416
2644 1758
1148 477
2832 2974
1879 3045
2224 1794
1250 3046
1791 546
1927 617
2050 2097
3047 991
1602 1332
2583 700
1338 3048
2871 1563
301 1252
122 934
2722 467
1000 345
442 2689
1912 2234
3049 252
1375 968
2427 178
2613 3050
2260 2802
896 2049
2355 2711
2455 2376
2696 260
2615 2872
2471 1459
2934 2573
2249 188
841 728
332 852
3022 168
2363 852
1928 2821
647 3051
2774 559
1694 2603
2260 854
411 1420
3052 1356
2760 546
2453 3005
1252 690
1398 1975
1220 1267
2522 2732
78 2860
2387 13
1903 2228
3013 2236
1808 1005
150 3053
1984 148
3054 1119
2403 2961
390 1797
2547 2334
2705 3055
2117 3056
3057 299
951 3058
3059 1877
1729 3060
448 2040
1852 1224
1808 3061
1613 3030
1931 1881
659 1214
2971 2735
1130 914
983 568
3062 2891
1974 2931
2383 2652
3045 1967
1102 3063
2957 1355
2602 2748
891 1448
1364 464
3064 1240
2506 2755
565 695
279 3065
1944 3066
2949 1
2951 3067
954 2684
1154 265
3068 56
247 311
2877 2990
1521 1585
2676 233
2399 3037
3069 1636
2221 219
3070 1999
507 3071
1518 747
1686 1090
1925 2915
2113 2163
974 1331
2966 531
1555 2664
2211 1774
1739 3072
2105 1358
2517 2801
644 489
1662 2978
2591 2758
863 1587
443 3073
2087 3073
2241 994
758 3074
1712 178
2923 2698
196 1996
1989 2994
1781 467
3063 65
1287 3051
447 1199
222 445
983 3075
1031 3076
1910 2393
1431 2410
3077 296
2859 131
2595 330
3058 1388
2426 2520
2770 1121
2919 630
100 3078
3079 1967
324 229
3080 1947
490 2963
473 252
1259 327
2514 1666
194 1487
1872 536
1533 2223
2922 1412
528 2487
2838 1860
184 3050
2927 3081
3082 3083
2292 2736
2920 2928
972 1744
323 2075
1117 1436
2638 436
1713 899
2010 822
6 1155
1420 2969
2562 950
406 3009
1237 3084
227 3085
510 2354
1873 2734
507 1568
2490 1499
1218 1776
2635 252
613 1662
589 273
3086 1946
3040 2695
448 669
3087 1219
442 870
1120 1
2878 973
2475 25
3088 1056
2639 2131
1944 1250
2896 2739
2583 1614
2697 3080
1592 1617
2765 2198
2376 3089
1889 1332
689 2605
484 2491
2380 166
1822 3090
185 2885
3012 3038
627 2242
1643 481
1996 962
2360 2489
3091 695
3046 2051
3092 291
1456 2513
2585 1231
2530 87
2729 740
44 2359
2168 1828
942 368
3006 191
2657 1447
3093 2178
2675 503
3074 829
1336 1311
1920 3094
2669 2751
3 1432
3095 1082
65 1107
1823 413
3096 2109
532 605
2311 2629
1500 79
1183 3097
2244 710
2975 209
3078 2726
1982 232
1570 2325
1986 2327
2506 1844
768 2341
1373 1220
2266 1298
2176 2908
1996 2497
1835 3098
248 2134
1348 1455
3099 1610
675 3100
3101 2311
1209 2861
1589 672
2419 1488
2829 692
2548 2567
876 3102
2935 2868
302 2541
976 2350
2714 1180
3103 203
2238 294
3104 2548
2594 1735
2569 2470
3105 1059
322 2301
1343 1865
3106 527
328 1315
794 807
2346 2443
2884 2855
3082 2022
3041 636
3010 1002
676 153
2168 118
2008 1233
2614 847
1815 1156
3107 1947
2694 2277
3108 338
1116 2654
2581 2945
910 58
2929 2982
3109 2459
1959 3089
628 2136
2446 3023
195 100
1506 193
2430 763
2118 2939
1068 1899
2833 423
2731 3110
3081 940
2543 1679
999 731
2400 2711
1260 1319
47 1954
1603 3039
2059 310
952 256
217 1676
3111 2977
462 3059
3112 1524
549 1749
2259 1118
1366 1299
1974 447
3113 1525
1103 2249
2650 1709
2371 941
243 1484
716 2044
100 2988
1056 2025
1970 2816
2070 602
236 997
367 2964
991 3020
57 1354
892 69
248 3114
2515 198
520 2792
2955 2980
1503 2880
1046 506
3115 368
715 1859
1269 3116
3060 2397
972 1493
3117 1082
2463 2981
597 3118
570 3067
987 1551
3119 2175
931 584
