1612 2106
0 1
0 2
3 4
5 4
5 6
5 7
5 8
4 9
10 11
10 7
12 13
13 14
13 15
13 1
14 16
14 17
14 18
14 19
20 21
20 22
23 24
23 25
24 26
24 18
26 27
28 29
28 30
31 32
31 33
31 34
31 35
36 37
36 35
38 11
38 39
38 40
38 41
42 43
42 44
45 39
45 46
47 48
47 21
15 49
50 51
51 52
51 53
52 54
52 55
52 56
52 57
54 58
54 59
54 60
61 62
61 63
61 64
61 65
63 34
66 53
66 67
68 69
68 70
68 71
68 49
68 72
68 73
70 74
75 59
59 76
77 78
77 79
77 80
81 29
29 82
29 83
29 30
84 85
84 86
84 87
84 88
84 89
84 90
91 92
91 19
93 64
93 94
93 95
43 35
71 96
96 97
98 78
98 8
99 64
64 100
64 101
64 102
64 94
64 65
100 34
100 103
48 97
104 105
104 106
104 107
104 108
104 109
110 106
111 106
112 113
114 113
115 113
116 55
117 118
119 113
113 55
113 120
113 121
55 118
55 122
55 123
55 124
118 125
126 127
126 128
126 129
130 37
130 131
37 33
132 133
134 135
134 127
134 136
134 137
134 138
135 139
135 140
141 142
141 143
141 144
141 145
146 142
146 92
143 147
49 148
32 35
82 149
150 151
151 83
151 152
127 153
127 154
127 136
155 89
155 156
155 157
155 158
155 159
155 160
155 161
155 162
155 109
163 159
89 164
89 165
89 159
166 161
167 168
148 169
33 103
11 170
11 40
11 171
11 139
170 172
170 173
170 174
133 7
133 8
175 176
175 177
79 39
79 178
179 180
179 25
179 181
21 73
21 182
147 183
147 184
183 122
83 177
83 185
83 186
83 187
83 188
74 189
74 190
74 140
191 192
191 193
125 194
125 195
125 196
128 192
169 197
198 136
194 199
194 200
194 201
194 195
194 202
203 204
204 107
204 205
107 206
107 207
208 206
205 206
65 34
2 181
160 209
160 207
160 210
160 211
160 212
213 209
214 209
215 216
215 217
218 39
219 39
220 221
39 221
39 46
39 182
72 180
72 222
72 181
168 18
223 35
35 30
30 224
225 178
226 178
227 178
73 44
44 228
44 229
178 230
231 230
231 228
230 228
230 229
232 229
192 216
193 233
190 41
190 46
190 234
190 8
190 235
41 46
41 8
95 236
95 103
103 237
46 56
46 57
46 80
234 149
234 67
197 138
207 238
129 239
240 180
240 241
60 97
60 180
97 242
97 243
97 210
97 222
180 244
180 245
180 211
171 246
171 247
171 140
246 248
139 76
139 233
139 216
233 138
182 241
161 249
161 250
251 249
251 27
251 252
253 250
254 250
255 249
137 256
138 217
108 257
108 109
162 258
162 212
259 258
90 258
109 260
261 260
27 144
27 260
212 262
8 195
195 252
263 264
265 264
264 237
264 266
264 131
267 268
267 269
268 270
268 271
272 273
272 274
272 275
276 277
276 278
279 280
279 281
282 283
282 284
285 286
285 287
288 277
288 289
288 290
277 291
286 284
286 292
286 293
294 270
294 271
295 271
295 287
296 297
296 289
289 298
289 293
299 300
299 301
298 293
302 303
302 304
305 306
305 307
305 269
308 309
308 303
308 269
310 311
310 312
313 314
313 315
313 312
306 307
306 316
306 269
317 318
317 319
307 269
320 283
320 321
283 293
322 270
322 321
270 278
270 323
270 324
270 325
323 326
323 327
323 328
323 329
303 269
316 330
273 331
273 332
273 333
290 326
290 334
290 335
290 280
326 327
326 312
336 337
336 338
338 339
300 332
300 340
321 341
324 292
284 327
284 292
284 287
284 342
327 328
343 344
344 328
345 301
332 346
318 274
274 328
342 325
319 335
319 347
339 348
348 311
347 349
304 350
349 275
349 351
349 352
275 353
269 354
354 355
351 356
351 357
281 312
281 358
359 360
359 361
359 362
359 363
359 364
360 365
360 366
361 367
361 368
361 369
361 370
361 364
361 371
372 373
374 375
374 376
377 378
379 380
380 381
380 382
380 383
380 373
381 384
381 385
381 386
365 369
365 387
382 388
382 389
369 390
369 391
369 392
393 387
393 394
393 395
387 396
387 397
387 398
387 399
384 400
384 401
384 402
384 403
388 385
388 404
370 405
370 390
370 375
383 404
401 406
401 407
408 409
408 410
362 411
362 412
362 363
362 413
411 386
378 414
378 415
378 373
378 413
378 416
390 398
398 399
417 403
418 419
419 420
386 366
373 389
404 421
404 409
402 422
402 423
409 403
389 424
425 426
425 427
425 428
425 429
430 431
430 432
430 433
434 431
434 432
434 435
436 433
436 435
437 438
437 439
440 441
442 443
444 445
444 446
444 447
444 448
444 449
450 451
450 452
450 453
454 202
454 452
454 455
202 456
202 196
427 457
427 458
427 428
457 459
458 460
461 462
461 428
459 463
459 460
460 464
428 448
428 465
428 429
428 466
446 447
446 449
467 468
467 469
470 471
470 472
447 473
431 474
431 475
431 476
477 449
478 453
474 453
439 475
439 476
475 443
475 433
476 443
476 435
432 479
432 480
432 481
432 469
448 482
448 473
448 483
448 466
482 456
449 473
483 484
484 479
484 480
484 485
465 486
472 481
472 486
481 487
443 441
487 486
429 488
452 185
485 466
485 489
485 490
453 456
456 491
492 493
492 494
492 495
493 496
493 497
493 498
499 500
499 501
502 503
502 504
502 505
503 501
503 506
503 507
503 508
501 498
501 509
501 510
501 511
512 513
514 494
514 496
514 515
514 516
494 517
496 497
496 518
496 519
520 497
520 521
497 518
497 522
504 506
504 523
504 524
506 525
526 523
523 513
495 498
495 525
527 513
528 518
529 518
530 531
530 532
507 533
524 521
524 534
524 525
505 534
505 535
513 531
513 536
513 522
513 521
513 534
513 537
513 538
513 539
536 540
522 509
534 541
542 543
542 544
542 545
542 546
543 508
535 508
535 545
509 510
545 547
545 548
549 550
549 551
549 552
553 554
553 555
556 557
556 558
556 559
556 560
557 561
557 562
563 564
563 565
186 566
186 567
568 569
568 570
571 559
571 565
566 572
566 573
566 574
566 564
566 575
566 576
566 577
566 565
561 578
561 579
561 455
561 580
561 581
582 580
582 570
187 583
187 584
187 585
187 586
587 588
587 585
574 589
574 586
590 591
590 558
152 592
152 567
564 593
569 594
554 594
591 551
583 552
588 595
558 596
550 597
550 598
599 600
599 559
599 598
600 562
600 601
560 602
555 567
575 589
576 595
577 596
562 603
562 570
602 565
603 604
603 605
603 606
597 552
596 565
595 589
551 601
601 581
589 581
584 552
607 565
552 570
608 609
610 611
610 612
610 613
610 614
615 616
615 613
615 184
616 617
616 618
619 620
619 621
620 622
620 123
623 624
623 625
623 626
623 627
624 628
624 629
625 628
625 630
628 631
628 632
628 633
634 635
634 613
634 614
636 617
636 120
637 638
637 639
638 640
638 641
640 609
640 642
640 643
609 642
609 621
630 644
642 645
642 635
646 647
646 648
646 649
650 651
650 612
650 648
631 633
120 652
653 612
653 654
653 655
656 641
656 639
641 145
145 643
657 629
657 626
629 658
621 659
639 660
643 622
632 659
633 622
633 661
633 662
633 663
633 664
633 665
633 666
633 659
633 658
612 667
654 668
668 122
669 670
669 671
669 672
669 673
670 674
670 649
670 613
675 676
676 647
676 613
647 677
647 613
647 667
648 678
648 613
644 659
644 679
644 680
644 627
659 681
122 682
122 683
122 123
649 684
684 123
626 685
685 658
655 686
686 667
613 618
613 123
687 688
687 689
690 691
690 692
693 694
695 696
695 697
695 698
696 699
696 700
701 702
701 703
701 704
701 705
701 706
701 707
702 708
703 709
703 704
710 711
710 712
713 714
713 715
713 716
717 718
717 719
717 720
717 721
717 722
718 723
718 724
718 725
719 723
719 726
723 727
723 728
723 729
723 730
723 731
732 733
732 734
724 735
724 736
691 714
691 737
691 738
739 740
739 741
739 742
739 743
739 707
744 745
744 746
745 747
745 748
745 740
745 749
745 750
745 751
745 752
745 753
745 754
745 688
745 755
747 756
757 758
757 759
760 761
760 762
760 763
760 755
764 765
764 766
764 767
346 768
346 728
346 730
346 769
770 771
770 772
770 773
774 775
774 776
775 777
548 778
779 780
779 729
779 725
781 709
781 741
782 783
782 784
785 700
786 697
786 787
786 788
786 789
786 790
791 792
792 793
794 795
794 796
794 797
794 727
794 766
795 798
795 799
795 800
795 801
802 773
802 803
804 805
804 546
806 807
806 808
806 809
807 727
807 810
807 811
807 783
807 812
813 814
813 815
813 816
817 772
772 818
726 819
726 820
726 776
727 799
727 819
727 821
727 688
727 789
727 822
727 731
799 823
799 711
799 824
810 825
810 826
810 827
810 828
810 829
810 830
810 790
810 784
825 824
826 824
831 790
831 832
733 329
329 800
833 834
833 835
836 423
836 837
838 827
838 829
765 839
765 840
765 841
834 704
704 705
704 842
704 843
844 845
845 783
845 801
845 846
827 847
827 828
848 849
848 850
849 851
849 850
851 852
850 853
850 854
847 829
407 837
814 855
714 856
714 857
714 858
714 859
856 759
842 860
861 840
840 766
862 737
862 863
862 716
864 860
864 865
860 866
867 868
867 754
867 755
869 756
869 870
869 871
711 756
711 712
711 872
711 873
843 866
410 874
752 875
876 853
876 423
876 735
853 877
875 759
510 854
510 855
510 729
805 878
815 878
857 879
858 880
858 881
859 882
756 883
756 884
756 708
756 885
756 872
886 699
886 887
886 888
699 889
773 890
706 891
891 708
720 892
720 778
893 697
893 894
816 895
816 729
868 755
896 897
896 877
896 712
898 423
898 852
899 818
899 900
899 865
818 901
900 835
877 902
712 903
712 885
904 870
870 905
828 906
828 907
828 783
828 908
828 767
828 909
906 800
906 824
708 889
708 910
907 829
753 911
787 912
787 788
913 914
913 915
913 793
913 809
811 783
754 916
754 742
754 917
916 872
715 759
715 918
759 885
759 919
759 920
759 420
759 707
759 921
901 866
737 688
737 808
737 738
688 694
688 822
688 922
688 923
688 924
688 812
925 800
925 926
925 927
892 735
892 852
788 928
808 929
930 734
930 766
729 931
729 736
932 909
789 933
789 832
933 700
889 872
872 934
863 694
863 929
700 824
935 743
803 911
778 736
778 722
936 937
936 929
937 924
937 812
721 722
922 938
922 812
923 939
722 725
824 801
824 940
824 873
874 911
911 743
716 692
887 920
887 698
915 941
915 809
942 783
793 783
783 943
920 762
920 944
920 763
920 894
841 945
743 871
743 946
908 927
707 910
734 926
926 766
917 888
927 767
829 909
888 698
947 948
947 894
830 940
832 784
949 698
763 755
755 934
929 924
812 873
812 837
812 950
812 951
837 921
777 846
846 952
692 689
953 954
953 955
956 957
956 958
959 960
959 961
962 963
962 964
965 966
965 967
968 969
969 970
969 971
972 973
972 974
972 975
972 976
972 977
972 978
972 979
980 981
980 957
982 964
982 979
983 984
983 958
984 974
984 985
963 960
986 987
987 988
987 989
987 990
991 970
992 970
993 994
995 966
995 996
997 998
997 967
999 1000
1001 978
1002 1003
1002 1004
1005 1006
1006 1007
1006 974
1008 1009
1008 967
1009 1010
1009 1011
1009 1012
1009 1013
1009 1014
1009 1015
1009 1016
1009 967
1009 1017
1018 974
998 1019
998 1020
998 1021
998 1022
998 967
1019 1023
1019 1022
1019 976
1024 1025
1024 1026
1024 1027
1024 1028
1029 1030
1029 1031
1030 1032
1030 957
1030 1033
1030 1034
1035 1036
1035 1004
1037 954
1037 955
1038 1039
1038 957
1040 973
973 977
1010 1041
1010 994
1010 1012
1010 1042
1043 1044
1043 1045
1046 1041
1046 1047
1046 1000
1041 1048
960 1027
960 1049
960 1050
960 1051
960 1004
1027 1052
1027 1028
1011 967
1000 1053
1000 1032
1053 1054
1053 1055
1053 976
1049 961
988 994
988 1042
988 1056
988 975
1057 1004
1057 1058
1050 1059
964 1060
964 1061
994 974
994 1016
1062 1063
1062 971
1062 1064
1065 1066
1065 967
1067 989
989 990
1068 1069
1070 1012
1060 1004
1071 961
1072 1012
1012 1015
1012 1073
1074 1059
1075 1076
1075 967
1036 1052
1036 1004
1036 1077
1036 1078
1052 1028
1052 1079
1052 1080
1021 1022
954 1081
954 1082
954 955
1081 1045
1059 1058
1083 1061
1061 978
1084 1051
1085 1086
1085 1087
1085 1003
1085 1088
1085 1089
1085 1022
1085 1090
1086 1079
1086 1080
1091 1092
1092 1054
961 1028
961 1051
1028 1093
1082 955
1094 976
1094 1078
1087 1089
1087 1090
1095 1080
1095 1096
966 1044
966 1045
966 1066
1097 1051
1098 1051
1099 1100
1099 1101
1099 1088
1102 1088
1103 1079
1079 1003
1104 1003
1088 1004
1022 1045
1022 976
1039 981
1042 990
981 1007
981 1105
1007 971
1105 957
1013 1014
1106 1069
1069 1014
1107 1014
1108 1014
1109 1044
1109 1110
1044 1111
1044 1112
1044 1113
1044 1114
1044 996
1044 1066
1044 976
1056 990
1115 1054
1116 1045
1116 976
957 974
957 1117
974 1118
974 1055
974 971
975 1119
975 1120
1014 905
905 1121
955 1045
1122 1015
1015 1016
1120 976
1123 971
971 1121
971 1064
1121 1080
1121 1096
976 1080
976 1016
976 985
1124 1064
977 1125
1076 967
967 1096
967 1017
958 1117
1126 990
1127 395
1127 1128
1129 1130
1129 1131
1132 1133
1132 1134
1132 1135
1136 1137
1136 1138
1139 1140
1139 1141
1139 1142
1137 1140
1137 1143
1137 1144
1140 1145
1140 1146
1140 1147
1140 1148
1149 395
1149 1150
1151 1152
1151 519
1152 1153
1154 1134
1154 519
1155 395
1155 1130
1156 1157
1156 1148
1133 1141
1147 1158
1153 1159
1158 394
1157 1160
1142 1159
1142 1128
1160 1135
1159 1161
1162 1135
517 519
519 1163
1164 1165
1166 1167
1168 1169
1168 1170
1171 1172
1171 1173
1171 1174
1175 1176
1175 1177
1175 1178
1176 1179
1176 1180
1181 1182
1181 1183
1184 1182
1182 1185
1182 1186
1187 1188
1188 1189
1190 1191
1190 1192
1193 1194
1193 1195
1193 1196
1193 1197
1193 1198
1193 1199
1193 1200
1193 1201
1202 1195
1195 1203
1195 1204
1205 1206
1205 1170
1205 1207
1208 1209
1208 1210
1208 1211
1210 1212
1210 1213
1214 1179
1214 1192
1179 1215
1179 1213
1212 1216
1212 1213
1212 1204
1212 1167
1206 1185
1206 1183
1198 1217
1198 1200
1217 1218
1169 1219
1219 1216
1219 1189
1220 1180
1186 1203
1186 1221
1186 1167
1170 1216
1170 1191
1216 1222
1211 1213
1178 1213
1178 1192
1213 1223
1213 1224
1191 1165
1191 1225
1199 1203
1199 1200
1199 1226
1189 1227
1189 1228
1189 1229
1204 1172
1230 1172
1172 1221
1172 1231
1172 1232
1200 1233
1200 1201
1218 1231
1218 1234
1218 1235
1231 1236
1237 1238
1237 1239
1240 1239
1240 1241
1242 1243
1242 1241
1244 1245
1244 1246
1238 1247
1238 1248
1238 1249
1238 1250
1238 1251
1252 1253
1252 1254
1252 1255
1256 1254
1256 1249
1256 1257
1254 1258
1257 1239
1259 1260
1259 1261
1243 1262
1263 1264
1263 1265
1263 1266
1264 1267
1265 1267
1262 1267
1261 1241
1261 1268
1241 1258
1241 1250
1241 1267
1258 1255
1258 1269
1266 1270
1266 1268
1271 1251
1271 1269
1251 1245
1269 1272
1273 1245
1273 1246
1245 1272
1272 1274
1275 1267
1275 1276
1267 1277
1267 1278
1267 1279
1280 1281
1280 1282
1283 1284
1285 1286
1285 1287
1285 1288
1285 1289
1285 1290
1286 1288
1291 1292
1291 1293
1292 1294
1292 1033
1292 1295
1292 1296
1297 1287
1287 1298
1299 1288
1300 1288
1301 1281
1288 1302
1303 1304
1303 1305
1303 1306
1307 1282
1307 1308
1309 1310
1309 1311
1312 1302
1312 1290
1313 1298
1313 1314
1298 1302
1298 1296
1315 1294
1294 1316
1317 1290
1317 1318
1319 1320
1319 1314
1321 1322
1320 1296
1323 1324
1323 1325
1323 1290
1323 1306
1326 1327
1327 1328
1329 1302
1034 1295
1031 1311
1310 1311
1290 1330
1290 1331
1290 1332
1290 1284
1311 1333
1311 1322
1308 1334
1328 1316
1328 1335
1328 1322
1316 1336
1316 1337
1316 1306
1284 1318
1333 1293
1293 1322
1338 1339
1340 1339
1341 1342
1342 1343
1342 1344
1339 1343
1339 1345
1346 1347
1346 1345
1346 1348
1349 1350
1349 1351
1343 1352
1343 1353
1343 1354
1355 1356
1356 1347
1356 1357
1356 1358
1359 224
1359 1360
1359 188
1344 1361
1344 1345
1344 1362
1363 1364
1363 1365
1363 1274
1363 1354
1366 1367
1366 1368
1366 1369
1361 1352
1361 1370
1361 1371
1372 1373
1372 1374
1372 1375
1376 1377
1377 1360
1377 1373
1378 1345
1378 1350
1378 488
1379 1380
1379 1381
1379 1382
1383 196
1383 1384
1383 188
196 491
196 1385
1352 1386
1352 1387
1380 1388
1380 1389
1390 1391
1390 1364
1390 1392
1390 1374
1390 1375
1393 1394
1393 1370
1394 488
1394 1348
1395 1381
1395 1371
1396 1397
1397 188
1398 1399
1399 188
1386 1400
1386 1401
1402 1360
1403 1373
1369 1384
1381 1370
1381 1382
1381 1404
1370 1405
1353 1354
1371 1345
1371 1404
1384 491
491 1406
491 1385
491 1093
1347 1351
1347 1358
1347 1407
1408 1409
1409 1410
1345 1405
1345 1411
1406 1364
1406 1365
1364 1392
1364 1354
1364 1375
1365 1362
1365 1354
1365 1375
1365 1411
1385 1412
1385 1413
1414 1415
1414 1350
1414 1410
1362 1411
1415 1416
1350 1351
1350 488
1350 1410
1350 1348
1357 1407
1404 1417
1404 1418
1405 1348
1374 1375
1387 1274
1387 1354
1274 1419
1348 1093
511 391
1420 391
1420 376
1421 1422
1421 1423
1424 1425
1424 1426
1424 1427
1424 1428
1424 1429
1424 1430
1425 1131
1425 1431
1432 376
1432 1433
1426 1430
1434 1435
1434 1431
1435 1436
1435 1437
1435 1438
1435 1439
1435 1440
1441 1442
1443 1442
1442 1444
1442 1422
1445 1446
1445 1447
1448 1449
1449 1436
1449 1438
1450 1451
1450 1452
1450 1446
1450 1453
1451 1454
1451 1455
1451 1456
1457 1458
1457 1459
1457 1460
1461 376
1461 1462
1461 1463
376 399
376 1464
376 1465
376 1466
1467 1464
1467 1468
1467 1469
1467 1470
1459 1471
1459 1447
1459 1444
1459 1472
1427 1430
1473 1436
1474 1436
1436 124
1436 1439
1460 1453
371 1430
1446 1475
1476 1447
1476 1475
1131 1477
1131 1478
1131 1479
1131 392
1447 1437
1437 1440
1469 1470
1480 1462
1462 1463
1481 1428
1481 1453
1334 1482
1483 1453
1483 1475
1465 1466
1482 1438
1482 1484
1444 1439
1444 1472
1429 1453
1453 1431
1453 1440
1453 1456
1453 1475
1470 392
1470 1430
1485 1486
1485 1487
1488 1489
1490 1491
1490 1492
1490 1493
1490 1494
1491 1236
1491 1148
1491 1495
1236 1496
1236 1497
1496 1498
1173 1499
1173 1500
1173 1501
1173 1502
1173 1503
1504 1505
1504 1161
1506 1493
1506 1507
1508 1509
1508 1510
1508 1511
1492 1512
1492 1513
1492 1514
1201 1500
1201 1515
1516 1517
1516 1518
1517 1519
1518 1515
1518 1234
1518 1513
1138 1505
1138 1520
1521 1497
1521 1234
1499 1235
1493 1522
1144 1522
1523 1524
1523 1525
1523 1526
1524 1527
1524 1528
1519 1528
1207 1525
1207 1529
1489 1161
1494 1507
1486 1530
1512 1531
1532 1223
1532 1501
1515 1232
1515 1234
1533 1534
1533 1535
1533 1536
1531 1520
1520 1514
1507 1537
1507 1502
1511 1487
1522 1148
1148 1538
1161 1535
1487 1539
1487 1174
1487 1503
1540 1526
1540 1541
1540 1423
1542 1526
1542 1543
1544 1545
1544 1546
1547 1548
1547 1225
1547 1549
1550 1551
1550 1552
1227 1498
1227 1553
1227 1495
1227 1229
1548 1228
1548 1554
1555 1228
1228 1556
1228 1224
1557 1551
1557 1558
1559 1560
1559 235
1561 1150
1150 1423
1484 1560
1484 1562
1560 1563
1564 1565
1566 1567
1566 1554
1526 1495
1568 1495
1495 1569
1495 1570
1565 121
1556 121
1543 1541
1543 1571
1567 1572
1554 1552
1572 1571
1571 1229
1558 121
1570 1573
1546 1573
1574 532
532 1575
1576 1577
1576 1578
1579 540
1579 1578
1580 540
1580 1581
1581 1582
1575 1582
1583 1536
1584 1163
1536 1163
1585 1586
1585 352
1587 1586
1587 1588
1589 1586
1590 1591
1590 333
1590 1592
1590 1593
1594 1595
1595 1596
1595 1597
1598 1596
1598 1599
1600 352
1600 353
1601 1602
1602 1588
1602 1603
1604 1588
357 1605
1597 333
1605 1606
1605 333
333 1607
333 1592
1592 1608
769 1608
769 1609
1608 1610
1609 1611
1609 1593
1593 1603
