2078 4771
0 1
2 3
4 5
6 7
8 9
10 11
12 13
14 15
16 17
18 19
20 21
22 23
24 25
26 27
28 29
30 31
32 33
34 35
36 37
38 39
40 41
42 43
44 45
46 47
5 9
48 17
49 50
51 52
53 54
55 56
57 58
59 60
61 37
62 63
64 65
66 67
68 67
69 6
70 71
72 73
74 75
76 77
78 79
40 80
81 82
83 84
85 52
86 87
88 89
90 91
92 93
94 95
96 97
98 99
100 101
102 103
104 105
67 106
107 108
74 109
110 111
112 113
114 115
116 117
48 118
119 14
120 121
122 82
123 124
125 126
127 14
25 128
42 50
129 130
131 25
132 133
134 135
136 15
137 138
139 140
141 142
143 10
144 50
145 36
146 147
25 50
148 149
54 150
151 152
153 154
155 63
59 156
157 158
44 159
49 160
161 162
163 164
165 16
166 108
114 167
168 169
170 138
171 172
173 174
175 117
176 177
178 179
180 181
182 89
183 184
185 186
144 146
25 187
188 93
189 9
190 65
25 191
192 193
194 195
196 197
198 199
39 200
201 202
203 41
17 204
205 173
206 207
208 209
210 211
212 161
213 214
215 216
217 6
218 219
220 9
125 221
222 42
223 145
171 224
133 225
226 227
228 229
25 230
231 197
232 233
234 235
236 61
237 151
82 79
238 108
17 239
240 27
241 242
243 176
244 245
246 247
68 151
25 248
249 250
251 252
25 253
155 224
254 255
25 256
96 257
258 161
259 146
260 261
17 262
263 264
265 266
146 267
234 268
269 161
270 47
209 271
272 140
273 274
275 276
72 25
277 278
279 280
246 281
282 283
284 47
285 286
287 35
288 84
289 138
290 291
17 292
38 60
293 294
295 296
52 297
298 299
300 301
302 303
304 305
15 306
307 21
158 308
210 309
310 133
311 312
313 314
315 316
317 318
25 319
320 321
322 169
323 324
325 178
169 326
254 327
328 329
330 283
331 145
64 332
176 67
25 333
334 335
17 336
337 338
339 173
146 340
341 89
342 1
133 343
344 345
325 346
347 288
25 348
107 91
349 350
25 109
44 351
277 352
353 54
125 165
354 355
356 173
357 358
359 173
25 204
38 360
361 362
98 363
364 365
366 367
114 368
206 29
369 370
108 371
226 372
31 350
373 374
375 161
364 376
304 377
376 378
379 31
24 380
256 15
146 15
381 382
383 384
178 385
386 52
133 387
39 93
388 162
133 389
390 21
391 392
323 393
2 138
394 138
395 396
397 233
398 399
325 279
400 401
402 403
116 302
404 220
405 89
260 5
406 407
408 133
409 67
410 411
412 184
413 414
415 416
417 130
192 418
419 17
420 421
422 233
423 46
125 424
353 173
144 156
425 426
77 30
427 428
429 430
417 117
431 214
432 433
21 434
25 435
110 39
89 6
334 436
437 23
125 396
418 108
254 227
74 293
438 181
415 439
440 441
442 233
146 443
444 445
198 446
413 447
448 449
53 108
25 450
178 451
452 280
110 130
318 453
30 454
72 455
17 392
276 161
456 457
458 459
53 460
461 462
36 463
392 464
125 28
465 25
361 399
466 467
468 370
423 176
469 79
437 47
470 128
246 471
472 346
247 473
157 454
114 474
150 475
415 476
477 478
479 480
98 481
482 483
484 300
147 1
485 445
114 486
92 263
337 133
487 140
488 103
45 399
293 93
489 80
490 491
104 388
492 178
234 493
494 207
133 495
496 161
497 498
155 499
500 75
311 501
80 502
302 216
21 503
89 169
504 442
505 89
104 506
494 507
396 508
361 173
79 509
510 151
505 502
302 370
511 1
100 512
513 169
514 515
176 516
323 517
125 518
519 520
161 106
76 521
522 399
523 524
525 526
290 527
413 528
364 84
529 502
424 178
530 21
288 531
532 370
533 147
346 534
535 173
25 536
418 149
537 216
88 538
26 344
539 5
510 540
541 283
45 346
542 61
398 449
543 60
544 31
198 338
288 545
173 546
522 111
547 367
548 133
549 6
327 550
485 551
552 52
553 173
374 14
554 285
485 555
289 233
206 556
557 265
157 296
558 559
159 560
33 561
25 562
432 214
5 316
563 9
564 323
527 565
566 567
568 29
25 569
142 47
570 459
571 79
169 10
572 573
89 574
105 283
575 532
338 576
577 439
578 579
375 580
276 312
581 577
582 399
89 583
584 176
585 586
79 289
587 161
588 589
377 47
413 590
413 348
100 591
522 37
592 23
593 594
595 551
302 502
168 596
29 454
402 56
327 359
597 283
585 598
599 150
600 601
413 602
511 135
603 275
129 161
604 605
232 606
348 365
607 608
76 609
323 610
345 611
32 90
485 89
612 488
223 613
396 614
38 527
609 615
337 17
49 616
588 281
530 130
617 363
618 52
25 396
209 418
328 619
482 117
620 75
203 415
476 93
621 90
525 396
290 611
86 622
572 82
603 346
353 17
544 281
17 623
624 625
17 626
627 628
79 311
51 629
630 25
442 267
631 47
632 318
633 634
129 311
413 188
114 635
636 108
637 288
638 161
190 370
201 283
300 639
640 641
642 9
349 643
543 373
173 65
411 230
233 644
645 232
285 646
168 647
110 89
453 9
648 649
524 1
547 311
176 650
651 130
98 652
653 288
654 169
655 176
161 656
657 658
659 660
127 311
542 661
662 663
664 665
176 666
572 667
668 108
669 670
671 89
672 1
159 673
674 370
575 333
675 29
114 676
24 241
677 108
678 301
38 524
679 294
680 138
27 324
234 112
133 681
185 397
146 682
683 536
684 47
609 685
686 687
260 688
377 89
14 56
249 307
243 689
283 690
241 691
89 692
693 38
425 694
695 521
696 214
470 697
698 445
699 90
175 60
125 700
17 701
232 400
702 133
422 471
332 1
150 703
17 673
113 704
199 705
706 233
707 178
708 399
709 214
53 658
710 281
421 52
711 17
17 5
712 482
75 50
340 89
713 98
26 15
119 39
543 14
91 158
140 650
125 714
715 716
295 14
52 717
510 718
719 17
153 164
720 140
721 192
722 108
38 723
547 288
176 724
725 84
150 726
727 1
415 728
729 346
730 731
133 732
733 370
323 734
146 731
550 454
735 736
245 737
276 501
738 103
91 56
74 739
542 214
54 703
740 176
578 89
741 155
171 742
494 373
100 743
744 745
168 551
400 746
747 90
648 396
64 748
61 749
17 468
616 233
750 214
751 178
307 752
209 424
753 52
754 17
755 234
71 756
424 757
758 562
15 748
49 341
759 454
581 294
0 760
761 762
763 429
130 764
146 765
61 673
415 512
482 311
391 766
589 666
71 767
262 140
768 9
769 430
502 770
277 771
698 17
209 772
773 10
212 774
543 775
25 776
341 777
778 47
779 737
302 178
425 780
415 781
782 161
89 462
505 216
40 370
415 631
500 668
783 784
140 785
482 103
214 176
40 786
100 787
218 6
510 768
788 173
233 789
175 67
617 790
629 140
482 635
791 346
110 594
792 793
794 52
795 288
796 108
797 149
798 783
56 9
799 155
102 800
801 802
49 150
717 10
199 615
803 804
181 370
805 650
508 370
349 806
586 47
17 807
808 809
810 811
812 52
675 813
814 89
77 283
370 442
616 96
815 680
816 340
114 817
795 456
818 501
674 819
347 820
129 245
763 615
821 481
388 746
822 64
823 810
738 824
388 767
635 293
798 825
198 151
826 161
510 827
661 279
828 242
829 830
249 302
831 832
581 169
833 795
188 37
21 749
54 834
165 835
293 11
836 323
100 837
838 839
14 178
840 841
683 842
843 844
6 416
801 51
275 93
816 193
845 846
52 6
13 847
114 848
376 385
830 849
285 850
851 318
342 852
442 169
146 853
854 108
96 424
190 855
208 394
243 717
856 635
168 110
337 15
703 857
25 858
192 859
860 33
283 857
861 862
699 275
537 825
863 140
158 216
311 130
32 864
815 161
432 35
472 865
209 866
867 210
868 869
234 352
125 244
657 162
588 408
17 65
870 161
674 871
872 400
873 52
413 135
874 629
400 421
130 454
875 577
249 216
175 730
572 876
4 877
878 233
879 216
880 881
116 570
882 629
883 641
116 800
125 884
708 304
714 295
601 103
885 245
476 10
886 737
775 233
887 888
25 889
572 890
891 414
892 893
894 895
896 897
262 216
898 35
3 411
273 899
125 647
831 502
25 900
192 724
127 901
43 21
146 902
328 903
89 904
471 5
26 507
96 29
146 905
906 492
907 463
365 454
25 646
908 909
204 91
13 910
577 303
911 47
168 912
913 748
469 31
406 152
13 9
0 620
861 167
914 173
915 89
861 916
917 359
918 919
920 25
415 921
482 109
572 922
98 923
25 924
235 178
370 925
926 84
505 927
378 173
288 245
346 118
439 928
64 615
146 11
364 193
929 133
930 931
500 869
932 933
934 173
572 536
687 46
620 935
397 515
657 370
53 400
33 936
415 937
88 39
25 938
396 939
558 940
632 316
186 301
346 941
234 942
943 399
612 804
944 46
945 946
543 442
947 511
948 214
507 200
727 302
510 368
473 108
17 949
153 252
604 641
950 184
505 103
456 870
283 951
352 176
896 510
572 97
228 93
952 52
953 234
404 99
553 807
954 173
955 294
616 956
27 294
957 958
959 950
19 960
349 961
807 962
424 963
964 965
966 609
913 769
872 15
100 967
244 968
969 117
510 678
970 173
15 971
244 233
151 193
208 138
972 178
973 974
975 140
976 29
977 731
978 50
151 41
655 140
940 979
349 980
176 286
981 805
302 910
494 982
983 984
45 985
572 986
176 298
133 987
100 988
989 990
991 992
632 531
725 993
406 994
275 311
125 995
15 996
997 176
570 8
891 565
40 27
998 5
234 484
572 779
175 79
247 565
999 79
143 176
926 1000
730 370
17 685
290 228
255 492
110 1001
130 748
161 193
125 620
1002 233
1003 176
1004 10
259 133
198 1005
25 1006
13 1007
344 1008
329 1009
1010 149
1011 577
399 565
171 1012
76 116
1013 531
683 154
372 300
1014 197
88 65
133 1015
323 1016
953 93
1017 35
176 1018
1019 687
1020 232
84 29
1021 173
1022 281
77 1023
763 805
585 928
1024 1025
396 303
616 812
114 1026
429 103
21 1027
570 140
129 1028
236 216
1029 173
1018 10
1030 35
327 247
1031 29
14 1032
273 728
64 1033
540 233
1034 527
687 6
15 583
282 56
307 15
381 632
1035 1036
394 52
552 418
17 193
1037 574
155 540
1038 176
130 800
1039 173
410 108
25 39
25 1040
45 146
40 233
1041 1042
25 283
1043 1044
1045 333
64 1046
568 766
334 639
388 940
1047 1048
727 138
44 1049
420 14
25 1050
17 1051
985 37
346 302
59 1052
341 476
31 71
805 161
1053 527
133 147
1054 1055
168 39
1056 521
74 161
112 1057
1058 628
1059 279
392 46
370 360
216 463
195 1060
0 135
413 119
178 1061
293 58
866 471
1013 1062
151 430
201 89
424 1063
89 1064
1065 52
273 1066
15 666
411 615
378 9
1067 89
133 660
176 7
158 1068
370 28
844 552
1069 1070
442 10
425 233
68 1071
86 1072
1073 161
1074 52
1075 918
1076 1007
232 79
1077 89
698 31
13 147
1078 173
116 950
575 1079
40 360
273 1080
1081 1082
1083 1084
119 505
68 1085
89 1086
138 834
1087 1088
25 917
71 29
699 311
133 1089
413 80
25 1090
1091 1092
161 1066
16 283
59 1093
120 1094
610 1095
1096 1097
383 71
572 1098
711 1099
212 99
1100 783
1101 37
242 117
244 502
1102 140
429 169
1103 117
290 878
342 133
29 666
609 1104
370 1105
597 280
318 1106
234 1107
125 1108
429 283
1109 235
470 1110
1013 1111
283 956
173 614
1035 116
1112 169
31 227
1013 370
492 279
370 790
1113 576
114 825
4 993
1114 418
581 415
68 370
234 559
1115 318
236 1116
275 731
332 108
32 54
96 1117
59 1118
79 1119
133 700
953 883
146 1064
334 36
72 370
30 414
125 1120
146 417
283 1121
190 1122
154 783
383 271
1123 15
396 216
157 56
553 1
415 918
334 92
45 304
226 96
125 1124
238 1125
249 161
133 1126
234 1127
49 917
599 1128
129 660
896 540
290 333
260 1093
655 71
38 1129
674 198
1130 401
1131 178
212 918
298 1132
157 474
349 388
25 1133
1134 869
1135 294
572 1136
206 510
1137 401
906 173
476 586
112 502
114 1138
47 11
861 480
456 1139
572 493
429 411
125 1140
232 138
444 77
1141 1
1142 235
108 762
24 31
1143 424
54 904
1144 178
1145 161
125 1146
793 1147
1148 1149
214 1150
1140 15
425 623
415 551
707 370
779 1151
122 50
1152 1153
1154 1155
1156 173
1157 173
252 365
1158 176
502 804
32 835
66 995
1159 35
1160 1161
389 1153
125 727
52 1162
1140 155
1163 795
125 262
1164 639
192 198
1165 834
730 1166
133 1167
413 1153
425 1168
456 859
49 291
687 93
1169 161
75 42
891 227
15 1170
100 1171
146 6
1172 15
1173 140
100 1174
1175 370
79 332
1176 283
209 410
886 1139
720 21
558 233
337 36
572 1177
1178 411
66 958
60 216
616 464
415 1179
959 970
424 9
887 1180
1181 117
40 329
790 1182
134 6
500 1183
100 1184
510 8
998 1185
114 1186
144 346
413 1187
1188 542
318 227
212 1189
275 17
1190 359
1191 173
44 173
216 746
1192 178
178 890
220 1103
1193 140
1194 52
189 370
52 1195
1196 1197
54 658
133 1198
232 1199
1028 346
558 225
996 1200
13 233
204 762
40 45
1201 1141
25 1202
553 65
551 670
206 145
125 1203
192 14
173 663
1204 572
1205 401
674 891
176 1206
263 685
1207 531
125 171
125 1208
396 1209
1210 29
995 302
1211 133
88 169
887 1212
1213 21
635 8
1214 370
577 832
1139 1215
302 859
379 1216
1217 25
1218 752
175 1219
510 454
77 585
415 784
1220 133
259 820
698 625
307 764
1221 127
913 345
25 1222
1223 1
1224 859
133 1059
232 1225
762 280
334 84
533 1226
1227 1218
169 1228
46 1229
576 1230
318 1231
178 804
574 47
1232 401
1233 127
542 1170
209 340
1139 1000
114 793
1234 133
30 1216
1035 545
1235 191
406 851
290 1236
155 345
92 21
100 1237
14 762
964 685
1238 303
290 561
1239 173
1224 221
185 274
582 318
1240 1160
1241 619
347 872
563 659
38 1242
953 456
133 289
1243 481
572 418
168 191
1244 302
64 1245
871 116
490 161
521 103
757 283
1246 1247
279 37
100 1248
1249 653
365 268
1250 108
15 1007
25 1251
1252 233
25 296
168 1253
543 1254
100 1255
479 666
334 1256
1257 108
396 820
415 1018
364 1092
1258 567
1259 279
313 859
337 370
398 279
15 124
203 1260
543 1207
558 515
234 1261
415 89
302 61
687 178
564 467
1262 329
1263 825
1264 285
214 65
1265 491
703 294
59 1266
232 1124
396 1
3 288
398 1267
64 1107
494 158
342 298
687 108
176 169
588 377
485 730
543 235
127 96
1268 5
133 731
1269 825
1270 177
708 169
630 140
44 1271
313 932
542 311
64 987
52 538
192 1218
231 176
1089 21
658 37
1272 225
90 540
125 444
1160 279
911 170
588 1273
89 1274
258 1146
1275 133
805 971
511 301
1276 795
413 576
146 421
953 621
146 692
1277 1278
133 1279
1280 832
284 1001
259 347
26 567
223 341
283 233
91 507
1099 1281
114 878
413 243
1282 1283
171 283
74 957
334 1284
133 1285
133 1082
169 1286
18 184
168 378
1287 1288
178 1289
131 133
165 209
703 1290
107 159
461 1291
421 596
635 15
346 304
793 52
1292 15
275 965
173 834
17 462
972 52
338 1161
1293 118
995 9
168 10
621 737
25 1257
878 15
72 783
59 1199
1294 47
17 1295
406 1296
38 418
216 117
693 184
558 364
14 91
73 478
609 204
364 21
140 280
75 455
1018 1049
657 245
1297 280
533 71
415 83
844 730
309 47
1298 452
77 1299
101 178
104 1300
1301 21
1302 531
141 46
527 703
168 143
1303 658
1304 280
206 881
146 1305
1306 524
1134 396
1307 50
1308 665
175 1309
766 1161
1310 29
861 1311
799 114
470 468
1312 1129
1313 830
730 1001
133 1314
542 302
1090 159
561 6
772 15
32 1315
176 414
1220 89
708 133
494 56
17 1316
1317 294
133 1228
203 556
133 1318
334 130
1319 103
66 742
972 825
1308 1320
1321 268
133 52
100 1322
89 1323
323 1324
223 216
52 1325
1326 29
100 1327
1328 510
472 304
1329 576
836 653
1330 545
238 692
272 15
168 89
30 29
145 531
1331 793
494 1270
146 505
146 1332
1333 133
54 124
229 641
564 903
485 865
133 94
693 15
1099 1236
698 1334
620 92
45 129
1159 502
325 739
816 158
1335 1336
617 14
17 1337
1338 1339
830 1340
18 453
114 508
505 825
40 386
698 716
73 1341
805 95
243 255
1277 266
290 927
146 142
155 1203
275 245
26 175
1342 283
60 280
1238 852
141 275
84 936
415 610
119 279
779 91
1343 173
277 305
79 1344
577 1253
1345 150
349 117
342 47
1075 161
114 424
510 1325
44 1118
805 211
843 1346
144 514
52 666
110 1347
232 1348
1253 46
505 311
934 1338
808 936
1349 812
524 864
439 11
15 1350
38 1351
683 768
295 302
568 1057
155 191
25 570
711 1352
328 642
180 1353
327 227
379 550
25 393
873 176
333 161
243 1354
798 896
1355 21
192 1356
165 159
64 334
730 788
1357 795
25 1358
189 1200
1301 176
515 576
1359 597
298 825
176 1360
49 165
1221 161
527 151
815 321
616 149
146 408
617 1361
543 156
1259 1332
101 576
922 832
630 1362
168 145
570 724
819 832
25 476
233 491
1363 51
607 537
558 162
995 37
198 429
444 364
392 598
892 370
1364 762
30 847
395 232
421 1310
892 138
1365 793
657 984
89 1305
40 1366
699 452
284 15
251 1215
627 151
821 1183
707 52
27 108
178 1367
4 297
17 1368
1369 680
317 238
530 769
284 233
1370 859
755 96
19 527
1371 214
992 467
234 104
1372 572
561 52
1373 25
176 987
146 415
472 918
727 216
82 1374
176 1284
361 359
30 227
214 1375
284 225
714 370
334 207
39 294
127 316
1376 1300
146 527
25 382
1218 1377
730 294
98 613
730 52
0 947
210 25
552 350
133 377
699 276
232 547
92 766
985 364
1378 178
396 1218
815 23
1379 1380
1079 178
388 1169
1381 233
127 1049
1382 832
49 90
1383 89
779 396
342 730
655 173
1347 21
399 162
1221 103
1384 1385
1386 1110
192 304
17 1387
871 117
275 169
338 1095
1338 1388
189 173
542 216
843 1389
218 142
25 1390
168 32
244 1391
100 1392
727 1001
843 380
276 311
169 41
413 982
871 91
100 1393
226 23
146 1082
1394 133
861 1395
747 767
1396 1397
1398 52
685 173
100 1399
1400 629
38 71
984 207
374 1401
1402 47
98 457
677 31
708 346
130 1403
1404 302
1405 502
203 25
775 1334
1406 630
912 169
290 1407
485 238
332 1408
1409 1410
1067 47
383 169
25 1411
831 717
281 442
664 92
1412 454
44 786
76 686
1413 735
32 267
529 1414
373 1415
413 1074
1416 370
144 918
88 1110
843 891
1417 639
323 1418
777 117
1374 576
411 5
1419 35
798 77
348 673
54 1239
564 335
1420 670
304 79
0 280
50 611
45 133
1421 300
104 1422
1423 1049
62 29
607 316
1001 177
1223 1424
730 176
79 397
146 1425
146 1426
729 47
424 1267
14 812
226 10
209 1102
1427 1428
572 1429
125 1430
510 449
1431 235
411 451
1017 173
14 399
1432 683
413 892
995 216
411 1433
54 560
44 203
370 253
1434 285
408 687
1235 303
1415 1380
1435 103
801 140
470 558
455 703
1436 334
1437 173
1438 161
290 457
49 422
184 1439
221 233
361 510
100 1440
1187 176
127 545
328 227
1056 130
572 810
950 629
1441 1442
1443 176
994 813
125 926
1011 96
203 692
236 1075
1444 209
143 52
16 318
950 117
133 1303
38 421
243 378
21 1445
637 77
1430 9
1214 25
283 1446
1447 133
276 1448
260 156
1449 161
67 108
98 1450
1451 9
21 1452
1031 1453
529 408
328 1454
376 764
21 1455
104 9
1456 970
173 103
932 393
1457 21
302 673
1458 193
178 177
1459 173
212 1460
413 1461
1462 108
1038 370
1463 16
96 283
896 764
896 364
747 482
1464 60
610 176
1465 946
424 1466
1028 476
527 149
272 75
1139 298
1321 865
543 1467
1468 1099
98 221
344 8
473 1469
981 9
341 346
64 60
575 283
662 984
98 779
539 191
226 1470
1471 209
64 1215
327 1216
1472 1473
168 387
24 737
1474 216
161 804
1475 296
89 93
1476 96
155 724
1477 1110
1478 448
190 1479
1267 103
883 1018
88 203
334 558
1461 545
1480 1110
699 130
1481 769
233 605
551 294
1482 173
49 1483
398 622
364 140
1484 861
25 1485
130 463
88 1486
1487 641
1488 89
510 233
212 1489
1312 388
455 987
168 33
872 521
176 918
33 296
40 17
147 576
181 15
203 294
1490 162
747 1491
572 1186
685 1274
146 943
146 462
231 108
149 1255
171 1129
24 17
1492 1009
700 1493
438 133
1494 398
15 692
102 283
1495 502
171 1496
1497 21
411 990
1498 1428
1499 35
472 276
25 1500
288 9
805 1199
1501 255
38 1139
106 428
735 178
146 1502
1405 265
1300 370
1503 1110
133 1504
570 1
17 516
79 308
1505 266
4 1506
456 39
89 499
39 6
110 161
630 835
1507 1508
1509 124
21 117
1510 96
214 628
146 598
114 1511
511 957
572 1512
114 1513
1494 1456
1413 96
140 1514
178 378
31 1515
1516 502
896 1517
54 533
510 764
31 80
767 673
542 737
953 169
679 281
807 301
334 1518
665 467
334 864
1346 173
21 678
0 1201
1519 50
64 18
1520 52
1260 649
1521 1127
413 1522
265 318
456 364
256 173
31 1523
96 524
149 748
1524 576
1207 173
290 848
1081 162
1321 371
953 398
1401 1326
327 644
30 365
674 421
161 1525
975 173
1266 158
543 1156
564 660
25 1526
273 1527
413 1528
873 10
1119 140
17 1104
509 9
199 794
25 1529
730 448
313 159
364 41
763 17
114 453
114 775
1530 146
843 67
231 703
23 21
767 1360
581 708
1178 17
1531 169
816 192
69 1532
333 9
293 233
1147 1533
799 25
100 1156
27 321
906 209
415 158
1534 285
1190 265
981 178
108 785
127 150
100 491
1535 25
1343 130
364 956
943 133
527 457
33 731
404 345
741 209
1536 214
255 227
33 1182
1537 133
494 17
1538 464
114 1539
1540 398
1541 233
198 41
17 1123
421 762
114 480
25 524
500 1231
1542 1360
1543 1544
25 690
247 1545
1235 730
581 46
1546 176
1547 1277
21 825
59 872
478 401
1008 424
413 15
424 501
337 216
844 155
1548 1290
1005 1161
110 162
519 370
276 575
89 1549
1550 1551
1262 430
969 717
417 752
190 1552
24 28
494 103
1000 764
1553 146
133 33
245 790
176 1554
30 52
1555 29
413 8
472 203
1556 146
1557 541
1507 254
178 1350
25 1182
989 421
39 10
1534 176
210 17
1464 244
49 1360
831 507
290 379
896 724
93 1558
1559 178
100 510
1559 370
1560 89
140 1110
373 396
133 1561
1562 527
25 1563
100 1095
133 93
146 864
114 1564
176 1174
1565 173
89 10
325 14
1566 370
31 1318
146 1567
1568 281
328 1569
0 21
1416 467
259 47
290 345
864 1570
1571 371
943 89
53 118
917 767
578 161
1572 421
664 1573
1381 15
399 1082
107 1226
396 642
1574 169
564 620
1575 0
175 288
98 678
141 1004
1576 124
995 1
161 29
96 1386
1577 233
176 1120
125 302
93 191
1353 318
133 1578
422 173
494 440
307 1218
1579 98
410 233
1580 1009
25 1581
25 1582
346 1583
290 607
798 1058
714 335
4 1584
753 108
472 891
1585 89
236 200
1147 629
284 35
163 1586
110 572
1373 281
1359 1298
1045 455
699 501
798 461
598 865
1587 173
1373 598
224 299
176 360
203 1064
1588 283
1589 1590
17 14
133 1570
563 630
413 1591
1592 266
1593 21
1022 35
1359 130
1594 162
1057 1595
544 142
258 646
275 31
209 363
4 1596
472 23
494 812
238 294
494 283
747 142
1188 249
472 439
114 97
617 607
1597 178
114 1598
25 687
699 1599
1127 629
572 250
572 1600
687 396
1601 173
1602 1603
254 640
1604 834
255 550
413 514
440 364
470 453
19 1456
543 1037
1151 1605
547 1606
473 565
28 108
1607 401
598 666
45 388
228 176
39 281
165 176
32 108
45 169
144 1155
125 891
896 1608
209 1135
903 877
17 1609
166 1153
25 1255
698 316
1221 79
243 507
169 200
490 793
396 852
25 1610
236 1611
79 279
957 169
223 5
444 559
47 1228
930 1033
1223 79
66 43
4 626
99 140
1559 219
275 142
138 449
1612 745
190 1613
40 762
93 834
334 151
599 800
21 839
178 7
140 314
494 370
79 1614
246 21
1615 576
1249 316
607 1616
957 1129
439 10
25 1445
205 25
1223 351
161 467
1280 1041
814 133
79 161
1187 717
1617 285
513 52
413 203
43 41
617 1042
275 294
1244 878
1618 178
125 1619
1620 1185
260 1494
835 576
17 1261
772 8
176 1621
727 91
814 47
1622 17
721 1623
110 169
629 545
711 1624
234 97
110 1625
161 745
45 47
1373 589
25 623
210 98
344 216
1626 401
1043 1057
411 682
989 971
413 818
1627 1628
100 1629
1630 161
1631 71
1632 830
377 865
359 673
894 1633
1503 318
114 890
612 378
1634 280
408 89
125 1635
302 1
98 800
547 1636
209 558
77 1139
1224 396
396 1322
702 178
973 238
543 565
1637 169
1638 233
75 63
544 767
529 1639
1640 25
1641 1
334 1425
761 21
210 779
1617 197
0 61
1615 124
214 770
192 469
249 628
190 1642
543 1643
17 1644
25 835
127 619
864 1110
539 970
1226 1081
263 658
1645 318
188 138
14 666
572 1646
1647 130
406 1648
140 1649
379 227
232 1650
1486 1651
114 1280
116 235
25 1643
36 1218
1059 454
468 103
421 467
258 1326
1652 830
26 176
395 290
572 1653
1074 36
1221 399
870 169
31 169
1654 859
1655 813
843 296
100 468
114 680
395 156
125 205
1492 178
1462 52
285 478
815 233
96 1656
804 108
156 155
157 1657
766 777
1658 214
482 1639
178 360
129 767
125 1659
425 1660
510 1081
88 641
680 767
1661 29
415 161
1001 454
417 307
254 117
40 1662
818 365
276 400
1663 283
494 1158
320 1664
209 188
553 108
1550 93
231 52
1 10
325 233
1415 159
1665 52
419 166
203 660
165 25
1298 412
90 178
76 140
469 233
38 1339
304 1125
741 138
64 283
1666 155
1667 161
808 1668
1669 445
27 29
157 1306
383 106
598 388
1462 1001
25 1389
89 1453
477 1670
494 279
328 1326
989 156
176 1061
25 293
271 8
130 1671
1197 382
54 1206
334 300
565 193
1528 716
429 1262
125 1672
145 370
114 1673
98 1674
344 818
556 43
1159 281
148 15
276 133
415 872
1675 47
1676 31
116 1639
539 658
161 1288
838 1677
1164 316
1678 169
1035 192
959 146
146 1679
17 852
1680 173
60 15
133 197
1280 370
1232 274
1681 221
556 37
586 1682
86 1287
334 388
843 1683
468 89
767 800
635 611
51 1684
346 731
349 1685
44 206
232 1686
1687 98
496 382
64 1229
17 1688
1689 352
328 999
32 1201
755 572
525 649
249 1690
318 746
68 1454
40 430
805 177
886 364
1303 130
1691 527
835 1173
79 971
930 926
396 169
539 298
1035 1692
133 1693
36 958
142 14
399 1392
396 1313
334 1244
510 1694
17 1189
1695 203
227 454
14 1696
413 1161
1697 1469
89 1285
75 668
201 834
313 1425
1698 98
984 1699
259 228
1700 140
98 878
479 540
79 345
1701 15
977 6
17 1702
88 1703
518 52
457 216
584 1012
779 14
467 1679
533 524
969 1415
467 1704
236 1271
1013 81
797 293
705 9
133 1705
17 1706
1021 15
1707 502
543 1494
381 401
276 130
1542 15
141 133
304 176
1708 219
1709 156
440 777
259 977
1710 247
15 1711
96 418
134 46
396 37
96 1646
90 56
118 1712
496 133
1002 1226
26 896
1713 311
355 303
683 414
406 1362
959 169
671 47
234 890
17 320
190 1183
1187 890
61 279
70 1714
840 1715
1406 864
411 1334
125 628
572 559
563 241
1716 25
89 1082
21 1717
727 1298
1709 1052
1718 936
1004 181
741 325
1181 346
1205 1503
130 1228
396 1706
230 673
1719 169
173 611
724 832
1317 1155
1720 197
1721 940
31 790
68 1722
1521 454
38 558
572 1522
396 89
209 221
494 78
1723 1
90 283
1724 133
232 653
564 1424
674 117
481 464
429 1161
572 1725
288 629
24 140
74 668
1726 1590
16 1571
1727 1334
89 52
247 399
1728 29
400 345
40 1045
370 832
53 1226
1043 1729
32 36
60 37
212 133
1730 117
1338 75
1731 173
1732 505
42 463
370 293
473 140
155 99
903 108
15 786
161 41
38 364
30 1281
52 1733
1734 25
388 515
223 159
24 80
98 1375
1198 666
973 294
334 1179
906 98
38 327
808 1735
1492 243
373 302
161 1032
125 373
1579 906
14 848
145 249
702 370
1736 15
1428 1360
377 1018
659 524
798 1001
779 464
214 1737
140 1738
861 1595
990 233
373 14
1739 283
479 800
4 1064
1079 15
1503 1740
332 56
288 33
78 155
929 500
244 29
204 1195
147 267
1741 969
1742 277
1743 21
727 274
289 531
597 285
630 1577
472 169
472 834
1601 21
556 279
221 303
1744 52
25 848
388 169
412 1745
25 82
161 1000
1454 1267
470 133
421 303
133 656
17 703
27 940
114 1746
686 266
572 1608
421 176
110 859
805 1747
334 574
1543 283
142 133
243 50
973 1748
995 17
677 859
1749 1750
861 695
1164 1
1751 1752
310 47
1259 103
323 318
753 859
1217 241
959 80
16 1326
1545 1274
1626 370
165 1414
1753 541
1683 1452
522 1754
1579 209
212 694
302 60
805 1123
157 336
75 370
147 89
114 1413
699 1755
283 660
1756 1428
1591 36
1757 302
1758 169
470 232
4 1759
1022 214
1382 364
496 393
302 293
1760 572
658 216
1761 173
190 1762
54 177
133 191
698 1095
727 396
413 540
630 1763
1730 793
98 1764
1528 820
25 397
630 464
255 414
816 25
347 1528
932 473
323 1583
396 1765
620 169
1766 1290
1530 89
438 1767
49 193
1768 1769
89 140
144 570
700 1117
1365 424
373 661
1241 471
1451 795
101 370
713 173
30 379
798 620
98 1770
1758 1
1771 318
539 1772
672 133
230 233
40 173
805 1773
4 1774
429 386
572 1161
222 526
220 311
226 302
1775 401
25 1776
1777 176
342 89
17 450
511 280
1494 1288
1732 834
1778 79
494 1241
708 89
425 479
496 82
370 274
96 13
616 15
782 178
674 344
699 32
1691 509
168 46
234 766
17 230
169 462
254 749
1160 794
254 13
1641 1571
534 852
133 412
222 370
146 1284
38 117
114 302
110 476
249 214
234 453
254 71
1538 98
1779 629
1681 388
178 832
511 514
1010 173
799 428
332 95
699 970
1441 1186
231 233
233 1780
882 387
500 452
155 611
232 1781
25 700
92 1001
149 454
76 96
133 1782
155 1337
1326 216
318 1783
243 832
334 394
210 221
38 790
44 1110
262 108
588 396
15 769
954 745
161 245
664 1746
325 370
472 585
176 785
204 1007
1001 834
1475 673
745 1784
1432 163
939 108
616 75
1785 283
328 549
133 1786
1591 1408
155 188
727 376
173 1787
835 279
67 233
1788 21
613 15
891 1789
767 1332
413 985
472 1454
707 629
346 93
494 957
555 294
533 957
408 658
1790 891
31 56
1791 17
995 280
861 1792
140 169
527 318
1793 29
1243 205
1794 242
396 1393
609 283
5 52
125 210
39 464
791 585
1795 155
218 93
140 933
317 531
1796 173
1797 52
133 1798
20 61
61 764
1013 1799
966 937
1478 1306
452 29
327 52
1800 133
1412 307
1801 1799
349 558
380 173
395 176
285 372
168 873
553 417
31 117
612 576
875 17
45 161
1467 31
21 329
52 160
396 130
1802 161
235 117
387 47
1270 14
482 417
161 1549
74 222
1437 17
1256 21
346 307
702 283
234 288
1803 52
1804 1009
161 1805
1806 173
396 800
1260 400
1147 161
212 198
79 611
170 1408
1235 703
1374 762
502 280
14 124
79 1807
1459 323
155 1106
176 1808
1169 67
241 9
133 1305
68 103
805 1809
249 5
334 1690
896 524
133 1810
1811 52
348 9
168 509
724 41
133 1812
210 871
210 481
984 1813
243 936
747 576
476 377
114 1814
1247 316
283 1323
620 283
401 1813
82 576
64 1037
75 293
4 1815
1143 1182
168 1018
26 78
275 1631
389 279
93 11
1218 301
114 1816
715 98
1817 411
542 365
271 818
383 772
17 1818
203 169
1079 1107
413 1732
539 452
1819 1082
171 628
171 332
805 332
668 1170
129 25
0 1300
1307 673
244 370
260 1477
1820 161
957 421
620 1821
715 717
1406 130
246 985
887 209
361 724
523 1028
114 591
533 1532
1415 233
805 1822
576 1823
1409 1104
1824 173
1710 169
1825 15
15 1826
234 262
79 227
394 140
370 37
572 1782
1827 162
394 363
1828 1829
147 1161
354 1830
255 1216
1831 318
817 576
44 556
304 340
425 1832
911 632
263 316
98 1544
543 191
1260 1833
542 283
105 1155
1550 10
1834 642
17 1835
92 216
1334 1225
494 1045
1836 161
275 415
178 280
168 93
456 385
658 15
815 730
494 762
290 441
44 43
786 95
38 468
657 464
1017 214
568 1001
1002 17
89 619
283 1049
38 1161
860 586
1221 370
114 418
1089 47
133 1837
1356 576
100 9
406 1445
556 1545
411 1838
932 1292
146 201
803 268
1839 233
1492 82
683 1404
334 820
171 1577
500 1840
100 950
40 1392
1841 230
133 1829
223 1259
254 454
411 106
100 933
392 992
98 818
1842 681
1843 47
1844 169
617 932
88 1195
896 198
578 178
421 378
1845 156
617 737
361 768
140 1846
25 789
4 1847
222 75
212 77
24 929
1848 370
323 176
1456 1025
226 1618
45 231
25 1849
1310 1332
159 385
30 1789
377 449
1850 859
190 1851
64 698
127 118
396 532
953 731
141 883
127 9
260 318
1852 216
765 89
310 89
984 1532
96 1512
413 784
595 1853
687 377
377 641
917 859
283 1854
1172 140
1389 576
17 1855
821 561
698 38
228 561
567 962
1014 370
283 1856
572 1857
394 71
78 1858
445 93
1859 411
1326 318
1161 737
472 912
146 545
1860 173
413 25
334 1861
1456 1862
24 1863
25 510
159 1864
150 1865
92 880
144 119
950 1057
277 1532
1010 254
17 1866
1492 1867
1868 9
698 370
544 859
203 176
1869 1037
328 43
896 848
118 7
398 1287
1870 558
662 1699
346 660
572 1871
702 176
192 187
254 737
599 1787
344 9
169 294
797 918
413 1872
1873 576
114 1874
25 1327
98 737
15 865
1130 283
90 370
283 93
399 1875
386 152
12 14
52 619
133 1876
790 830
44 67
577 268
114 1203
140 1877
312 169
74 50
510 848
970 9
572 478
572 424
1878 92
612 79
699 312
176 11
334 184
708 161
288 311
1006 140
57 56
1879 233
482 969
485 511
47 928
399 531
64 663
302 37
892 169
1310 233
664 918
482 940
53 620
950 21
1880 161
1709 1477
523 364
1490 370
261 233
1881 20
413 1160
75 825
309 298
1262 152
912 93
412 1
252 1268
66 1156
727 140
400 303
1790 1591
283 1805
98 775
176 442
381 1699
35 770
75 178
125 1882
969 430
805 1683
196 173
38 388
1559 1518
683 8
1883 173
816 521
861 1884
791 89
1028 1179
17 424
31 1885
108 746
159 768
411 619
1886 21
1099 396
255 149
283 767
1887 294
1888 21
415 1123
133 6
290 917
1889 140
616 31
40 1183
232 1107
370 890
70 1658
133 1679
190 1890
17 1699
1234 146
210 162
1891 1892
1893 133
998 283
1894 176
168 1895
236 859
165 17
17 602
88 918
442 731
245 1042
125 370
747 129
1312 345
377 918
1145 283
0 428
17 1896
290 703
782 25
620 635
332 29
125 741
494 570
238 93
1897 832
918 10
1202 937
1898 15
361 50
24 613
0 1899
44 673
140 1900
798 1265
349 1839
1901 1902
708 181
88 1546
53 96
140 1206
114 1903
1687 17
134 77
798 471
1904 21
125 756
415 1905
494 124
141 346
1550 199
218 46
312 501
100 1262
352 1906
793 825
823 161
222 25
79 1717
1907 370
413 1908
89 242
169 1909
553 92
581 541
18 151
657 130
472 33
1180 161
659 294
76 896
114 1910
1804 994
477 1079
476 534
78 54
1288 746
0 1911
1912 29
1028 1269
396 1913
334 467
635 233
196 1409
1914 370
763 25
1580 243
1721 1532
812 1007
932 370
1005 1745
843 1915
639 318
263 1916
1161 316
176 1283
1917 173
42 1081
383 235
1918 204
334 1919
438 89
1475 5
133 1920
290 613
456 378
1921 572
89 387
203 6
896 767
92 396
783 1922
114 83
96 1923
969 316
843 220
104 720
1014 176
31 483
758 646
1059 752
290 453
0 9
1631 307
494 1257
489 1490
81 685
969 178
1795 25
88 297
553 166
59 1110
228 178
683 1360
68 1924
543 1046
27 359
21 1925
302 749
630 1306
1478 178
328 1926
821 205
1718 1473
708 786
1211 89
1764 1
133 1927
91 241
470 457
318 1368
500 1928
52 65
1929 283
91 804
476 1629
1002 888
275 825
16 1699
620 505
290 1930
542 38
395 116
1931 176
801 812
464 652
370 378
572 909
1932 1155
354 1933
91 1934
779 421
782 329
1935 173
735 848
178 1042
687 281
1936 89
411 768
146 79
39 376
1338 1937
346 52
510 1517
1255 294
716 820
192 696
1938 1939
628 9
525 459
782 79
45 687
64 128
413 550
100 1167
318 382
1430 1
798 460
525 716
1034 832
843 110
440 457
146 10
210 775
31 993
290 1042
1940 84
1941 639
617 188
108 673
1303 117
510 762
585 1082
196 176
38 1081
209 117
502 8
39 1228
1942 140
1943 852
992 1944
918 52
1591 130
254 762
24 790
25 762
453 576
116 1496
551 46
1244 1129
763 230
316 10
373 233
400 527
540 365
168 142
68 124
361 364
556 1945
90 1261
417 1946
1055 58
1488 399
346 1082
585 1947
54 130
359 233
1948 169
429 152
209 1467
14 216
1949 411
173 1183
828 161
727 1424
379 29
190 1950
1698 173
145 17
76 1951
896 827
276 245
1952 984
4 1953
708 47
429 794
1954 214
1156 140
33 1514
698 159
801 448
25 1254
703 467
1045 54
146 307
586 739
1481 748
502 1179
830 1955
116 1956
168 529
17 540
805 1957
216 749
465 576
664 1324
402 53
861 436
125 53
1227 307
482 673
236 1
344 37
844 82
209 388
1078 91
171 879
413 227
970 650
386 430
1958 233
80 550
100 680
311 767
821 1755
494 20
112 108
53 200
98 806
90 1715
92 1303
1528 241
66 1959
383 317
273 1960
1961 1962
1371 502
648 716
578 1963
510 149
203 928
157 130
412 1805
100 284
110 96
1035 117
125 104
256 140
100 263
1391 673
302 812
129 501
344 716
867 155
386 329
249 1964
5 130
104 1965
63 108
155 1966
230 29
1884 907
413 1216
133 340
553 468
699 129
1402 89
1343 997
422 197
141 89
346 10
422 1663
0 235
547 1465
30 130
293 50
687 1082
161 1967
397 140
133 1968
130 1200
192 161
52 280
159 491
333 140
440 1141
1969 1424
1970 161
140 576
209 350
302 515
38 30
246 35
98 1971
972 370
985 946
21 1972
1973 47
1090 526
149 1390
1234 89
835 627
442 93
598 918
779 825
1974 214
176 191
659 25
1409 1033
1975 1976
214 1452
1977 29
149 1218
277 265
138 1978
1239 178
198 1059
1216 227
1478 91
399 737
192 940
383 514
799 96
140 1228
21 1979
861 890
231 1545
211 138
234 424
425 1038
361 896
288 418
575 1647
973 1980
35 1737
283 1125
413 616
30 247
1981 1200
973 771
126 29
883 912
861 1129
834 1982
272 209
168 1295
176 1
254 1545
168 513
539 509
38 1123
1983 861
159 1984
344 532
1985 178
1309 130
793 77
1545 1789
100 1108
90 279
334 159
529 52
595 161
33 311
25 1699
1135 52
1142 556
246 214
543 1986
31 927
1987 1988
100 5
1989 502
283 859
52 291
190 1990
460 161
617 923
530 748
917 91
337 89
140 810
96 666
944 176
395 370
38 1991
31 1042
226 25
228 1290
281 641
125 1174
485 266
913 230
142 442
792 442
93 666
17 1992
1993 283
125 1466
1161 1
38 1957
345 1994
1216 454
1242 830
1995 790
21 1996
1124 79
144 89
275 501
184 274
998 317
792 1913
835 1182
1468 25
66 568
17 304
805 60
127 1571
272 254
801 117
251 21
38 8
607 1107
1405 281
159 1236
557 29
396 1256
38 764
1507 1571
1997 177
233 800
273 1998
273 1999
21 2000
641 2001
155 673
25 969
470 613
61 1231
64 1199
233 1283
223 1007
67 216
108 1200
110 2002
89 902
158 1206
113 2003
1056 142
49 715
163 1647
572 786
186 29
896 1081
674 832
2004 2005
831 2006
396 2007
903 471
886 230
307 318
607 1380
1244 161
2008 1752
563 25
98 2009
417 1218
66 812
146 46
1262 149
1163 173
1005 216
2010 1888
14 37
995 61
155 2006
2011 370
117 37
413 749
736 1805
290 211
575 635
637 274
586 238
1825 370
199 1353
287 214
133 1162
66 786
1594 919
677 812
494 36
1235 89
930 280
2012 178
75 316
1124 749
234 170
1196 9
75 1226
125 2013
844 288
17 505
715 766
582 1082
2014 1226
861 1066
298 1081
472 89
708 873
413 404
258 173
107 31
413 1339
616 98
228 15
38 1038
354 2015
2016 104
1175 21
397 15
496 117
96 1127
510 642
1235 1558
992 1104
893 619
1109 10
406 2017
98 1283
543 1110
918 776
144 413
892 1179
280 764
2018 1155
178 1081
344 649
1461 140
383 170
1338 1105
402 50
1287 531
98 505
1156 15
932 117
45 800
494 2019
146 377
209 1129
775 140
76 135
470 388
370 2020
629 318
1260 396
223 859
379 414
107 644
114 786
220 1947
234 810
525 919
1550 477
597 1298
778 2021
281 89
349 1430
698 176
199 1161
234 680
1536 1057
2022 77
1243 1755
700 216
125 1966
2023 521
738 52
668 140
228 459
76 2024
81 293
429 15
917 31
1169 730
79 1200
530 1481
950 239
1130 2025
957 117
2026 1
511 1000
206 786
1424 283
2027 52
318 1699
125 176
1158 370
607 409
1041 819
30 2028
284 108
1681 283
275 110
146 197
418 385
1681 558
13 825
696 140
1496 117
1164 318
490 103
440 161
586 2029
878 767
1496 233
1413 572
767 109
413 1843
372 301
17 457
730 280
510 724
589 1018
27 178
1289 216
14 370
607 586
26 830
146 928
950 247
2030 526
998 2031
155 211
1615 133
1542 1110
302 47
1181 152
553 25
1002 171
228 2032
896 1768
13 253
1768 1
875 578
2033 146
168 472
415 1504
1401 527
471 161
1437 25
1014 52
2034 103
1005 294
959 561
1152 1
64 191
214 1966
812 1450
146 1198
25 2035
335 1206
1326 409
241 820
76 173
864 849
984 343
6 336
903 348
37 749
2033 169
887 162
302 176
1102 370
2036 173
127 117
1364 545
273 1515
470 2037
104 928
327 370
334 15
110 912
40 1102
209 90
687 700
2038 178
861 2039
915 47
424 825
395 834
92 1169
369 178
124 670
386 178
396 447
275 1082
1188 354
398 161
288 661
147 1362
399 2040
853 643
14 158
937 138
1244 388
246 1268
1169 623
607 556
116 204
1243 1183
929 2041
687 52
1169 1129
325 117
1415 108
1 2042
77 103
4 161
891 1001
2043 1549
687 1
222 455
1042 162
2044 1231
816 155
17 1061
33 10
902 47
1405 214
711 317
190 1445
582 108
432 173
414 454
540 117
1153 173
415 283
2045 412
276 455
1139 378
2046 1183
415 169
373 1
144 1347
370 2047
2048 207
155 879
1163 1332
558 151
873 415
543 927
14 1161
1730 348
1090 1007
126 15
2049 84
1679 673
1300 2050
871 1095
38 283
272 96
144 107
1647 173
114 1774
271 15
1477 1628
662 639
127 661
1326 233
1151 1473
249 2009
1640 1334
2051 1059
144 687
558 2052
222 50
81 958
1024 1924
700 58
370 1289
414 227
826 149
175 268
25 745
716 790
78 96
171 756
973 2053
816 60
861 1874
542 1257
370 569
2054 173
110 1321
64 871
176 238
984 318
500 222
100 306
226 200
767 1111
75 864
455 825
747 575
178 1206
146 1070
2055 301
150 1838
53 1028
1024 283
399 2056
216 268
452 859
122 283
91 2057
209 231
199 338
1580 1238
127 467
241 2058
1109 176
74 188
25 2059
1475 454
26 510
125 116
1124 155
995 1007
733 576
76 25
370 292
89 1164
133 2060
2036 169
544 214
831 158
379 454
472 958
277 859
293 10
1528 396
2061 230
1415 176
151 2006
89 731
698 290
165 370
2062 1288
114 1115
1736 25
234 473
98 551
100 1049
2063 329
685 1813
473 29
89 294
871 1119
2064 1360
344 611
148 1197
912 281
64 762
232 825
1232 452
90 140
413 2065
464 47
969 1267
621 283
240 713
232 1007
231 576
860 233
2066 173
236 351
609 284
1492 1187
572 1955
52 965
413 14
444 666
542 117
397 1380
209 628
377 293
1991 576
2067 21
804 565
125 60
185 67
203 370
635 173
2068 1
318 50
214 161
2069 267
79 211
2070 576
54 345
88 304
2071 25
318 2072
77 524
325 1175
2073 173
767 169
273 2074
130 2075
1084 21
413 2076
421 376
176 179
110 52
572 2077
413 235
196 9
687 1380
445 294
168 1615
16 984
481 235
14 177
665 79
