87 227
0 1
2 3
4 5
6 7
0 8
9 10
11 12
13 14
15 16
4 17
18 19
20 8
21 22
19 23
24 25
0 26
15 6
20 27
28 29
30 6
31 32
33 34
29 7
22 35
7 36
28 25
37 20
38 31
39 13
30 40
41 42
4 39
43 44
31 45
21 46
3 47
48 20
40 49
50 22
18 23
10 51
5 14
42 6
15 52
40 53
38 54
30 53
47 37
55 56
40 19
57 58
36 1
59 60
23 47
23 8
51 4
38 61
62 60
2 26
63 25
31 49
0 47
19 3
33 64
38 32
55 44
53 3
39 65
43 66
63 26
10 67
57 43
68 69
21 70
4 13
28 51
42 61
63 28
71 72
10 27
26 1
4 73
24 22
74 14
23 36
15 32
68 42
61 49
69 75
71 7
64 8
46 17
15 30
72 7
21 5
37 27
14 73
70 35
69 76
33 48
47 20
16 32
27 77
5 22
58 19
37 25
62 78
17 13
16 79
6 49
65 62
47 77
72 29
61 31
3 23
65 60
22 14
3 26
21 4
34 80
2 1
16 40
14 35
9 1
80 64
81 80
82 83
27 74
63 37
58 49
46 73
69 41
81 48
70 46
47 8
84 53
7 53
76 75
34 82
41 75
35 73
30 16
82 81
27 50
6 18
25 50
24 51
10 20
66 44
53 19
4 46
38 49
66 85
6 58
6 85
57 85
48 64
65 59
9 28
31 40
51 74
18 49
2 36
29 1
10 74
50 14
75 61
38 42
28 10
67 25
2 53
38 68
76 41
51 21
85 58
85 18
9 48
42 49
9 20
76 86
7 18
50 74
48 8
38 6
34 81
4 14
84 19
18 36
60 13
64 47
63 1
55 66
19 12
24 21
25 27
70 22
6 57
9 8
30 7
59 17
49 19
85 19
28 24
39 17
43 55
16 31
18 84
28 67
36 8
19 11
82 80
62 59
15 38
17 73
63 9
33 8
26 37
12 77
7 84
13 73
67 27
1 8
19 77
44 58
7 2
68 61
26 47
