270 1726
0 1
2 3
4 5
6 7
8 9
10 11
12 13
14 15
16 17
18 19
16 20
21 22
23 24
25 26
27 4
28 29
30 31
20 32
33 34
35 36
37 38
39 40
36 41
42 43
16 44
10 45
46 47
48 49
50 51
52 53
25 54
55 17
56 14
16 57
58 59
16 19
60 45
8 61
12 17
16 24
62 63
64 65
66 63
36 67
44 26
68 69
25 46
70 71
72 73
16 62
0 74
75 76
8 77
78 79
16 80
73 15
81 37
82 83
4 84
85 8
40 86
87 88
89 80
63 90
0 91
92 93
94 47
16 52
57 95
96 11
97 98
99 14
12 83
100 28
101 102
38 90
97 4
37 71
103 45
16 104
105 4
4 106
72 107
68 108
4 109
110 111
112 113
114 106
16 115
116 37
117 118
119 88
120 121
118 122
73 123
16 124
125 120
101 126
4 76
16 86
14 49
0 127
128 129
130 120
16 0
68 131
132 133
36 134
95 65
4 135
85 120
8 83
132 136
57 137
97 138
139 8
55 36
97 83
140 47
77 134
71 141
142 34
143 111
144 145
32 45
0 146
120 147
130 148
0 123
8 111
149 107
19 14
17 14
22 148
4 150
108 121
2 137
36 151
16 152
85 47
12 115
67 120
153 49
4 83
154 111
155 117
12 156
6 45
108 29
138 51
50 69
157 158
75 111
159 65
8 160
16 161
4 62
128 66
92 63
153 120
162 14
99 4
31 96
16 163
109 45
19 58
164 165
108 166
125 47
167 65
161 47
168 47
33 69
169 53
139 59
12 134
63 170
99 171
2 54
52 172
19 120
4 32
95 173
174 175
53 11
176 177
16 134
163 141
85 178
16 49
25 14
97 25
8 134
68 41
75 4
37 137
0 3
12 171
92 141
125 69
149 108
99 13
0 160
17 179
4 176
10 148
180 41
181 4
81 49
139 182
46 127
97 183
183 25
81 113
97 162
93 14
184 185
92 53
92 136
186 4
166 69
120 179
78 3
8 187
36 111
0 117
75 36
175 14
52 167
16 59
57 14
63 188
189 37
57 99
167 14
63 111
79 139
190 191
10 156
134 120
192 193
160 24
139 29
109 34
0 88
97 194
195 159
4 46
139 158
136 141
46 134
4 196
16 150
116 19
72 114
158 46
65 137
24 172
197 1
0 198
33 138
149 177
57 47
176 61
199 14
36 14
62 188
46 120
80 36
117 120
82 107
161 14
172 28
133 149
183 167
138 69
200 32
201 4
139 167
14 152
78 29
56 4
36 4
20 44
18 188
16 99
173 47
202 71
46 193
12 144
12 108
54 50
200 107
149 109
81 203
36 27
204 63
16 11
88 14
12 164
16 128
16 132
131 191
110 143
132 146
36 19
22 202
4 98
4 37
101 45
8 117
46 194
32 69
12 205
134 14
111 144
97 19
24 51
131 154
97 55
58 206
207 4
4 153
16 208
14 209
14 122
44 36
47 76
16 194
45 15
18 111
12 44
19 29
8 153
210 211
36 40
46 188
99 212
167 46
110 46
25 162
149 180
167 93
139 58
111 14
162 202
213 47
16 188
26 38
46 153
20 120
191 45
16 106
16 29
42 174
214 215
75 47
105 7
8 137
216 38
97 69
33 0
166 122
35 210
97 157
4 217
21 47
218 219
79 202
164 46
92 133
32 107
220 65
199 191
62 90
33 8
73 7
41 51
221 14
0 144
75 148
92 71
16 127
169 15
100 93
4 170
222 107
87 51
4 202
139 14
41 17
190 108
109 47
16 111
4 60
20 175
92 61
4 200
27 182
46 93
4 134
46 24
2 14
108 6
108 160
33 6
56 43
6 114
103 126
164 77
133 26
105 17
223 50
19 46
108 23
160 141
97 177
0 193
91 126
165 223
0 120
36 46
77 63
16 160
8 17
36 86
131 69
6 69
4 144
0 49
173 120
4 224
36 26
24 118
18 81
0 4
6 224
201 22
16 205
73 225
90 14
105 0
140 65
58 141
60 120
92 203
16 81
58 208
60 126
36 150
8 147
116 24
139 141
42 70
48 111
5 47
172 29
45 69
58 29
149 131
50 45
189 117
79 212
58 15
12 10
133 53
0 217
77 17
218 226
4 227
75 191
132 70
21 138
12 15
108 222
110 63
4 228
36 7
73 229
230 8
0 136
117 231
55 8
8 125
232 88
41 127
97 59
148 69
16 218
203 176
16 193
176 145
103 34
16 39
68 45
153 111
8 173
149 41
18 88
105 65
194 14
155 53
41 128
102 11
134 179
201 16
21 182
233 234
103 107
4 187
21 79
35 144
117 235
23 37
14 236
36 179
16 65
221 120
120 61
237 195
58 71
132 183
108 176
29 50
238 16
71 15
4 96
47 137
4 50
41 156
197 153
60 136
36 239
210 126
240 47
105 134
187 120
13 241
149 117
134 144
20 200
72 126
4 161
44 112
151 4
108 69
190 130
188 38
110 153
174 47
161 188
103 232
162 170
42 14
218 235
230 14
21 163
119 41
75 108
18 55
8 88
242 40
0 135
154 63
84 208
62 14
72 166
183 44
62 38
37 118
243 177
55 49
0 225
16 41
16 14
16 137
36 158
32 34
168 206
83 244
25 100
82 147
86 14
108 180
67 245
194 159
169 50
200 45
177 61
180 51
52 136
169 58
36 88
213 15
61 145
234 241
0 58
81 226
41 171
4 136
22 141
8 221
65 76
237 218
181 215
179 111
81 8
149 125
16 27
16 226
46 179
72 7
246 47
247 47
128 24
4 159
229 45
109 96
224 65
26 70
0 202
16 155
200 14
197 206
234 34
68 125
173 14
92 132
42 8
48 144
166 82
0 206
144 61
16 248
72 189
42 175
123 223
132 47
8 4
117 128
35 79
105 164
63 249
110 8
123 47
19 153
149 212
180 191
33 51
79 114
62 137
18 4
0 221
135 122
123 224
36 77
58 69
58 122
143 36
241 47
4 204
4 250
97 10
119 26
212 69
139 118
4 245
52 58
8 243
4 251
78 6
237 159
8 231
29 120
252 116
42 47
16 122
88 71
97 128
21 16
190 148
0 188
36 250
201 119
117 253
0 137
169 172
199 107
12 67
120 231
4 114
92 4
81 20
73 32
249 14
35 127
88 188
0 134
254 4
57 36
36 247
180 130
33 4
21 29
0 196
12 66
81 70
191 51
50 141
18 8
149 51
166 191
0 111
41 121
41 253
36 167
191 101
120 14
60 7
72 109
81 98
36 126
4 88
4 86
92 75
16 239
211 191
80 24
2 47
110 4
41 223
119 47
108 50
246 97
95 43
71 122
16 141
198 202
4 243
88 47
4 172
18 93
204 47
82 91
110 134
16 216
79 191
47 235
13 212
35 55
232 50
97 47
125 14
88 120
21 158
110 120
22 138
22 125
157 4
184 3
89 36
167 54
8 179
16 162
16 38
255 0
190 51
256 36
35 95
120 17
199 3
167 153
16 139
16 119
120 209
78 139
12 136
149 148
164 24
167 100
117 4
16 33
40 170
37 196
132 12
0 71
57 74
16 195
223 45
4 24
52 19
37 223
213 68
104 202
73 154
36 142
97 122
16 51
222 47
7 34
237 235
2 69
108 211
218 40
243 120
139 93
79 29
74 223
200 126
52 93
197 121
7 69
47 145
218 194
81 36
153 90
12 36
174 185
12 203
210 167
16 6
26 63
73 222
0 6
205 257
139 163
25 59
227 165
68 123
16 242
45 3
6 32
107 51
53 120
77 179
240 131
177 145
55 111
258 45
92 145
37 26
4 177
199 16
138 3
243 176
56 166
189 83
149 69
12 59
81 111
197 69
0 259
47 86
161 62
97 44
230 170
183 47
4 67
117 224
36 236
182 15
81 251
0 139
252 180
68 4
6 160
160 50
77 154
12 75
4 222
105 77
139 136
92 60
164 134
252 97
16 45
129 14
163 122
12 122
0 40
82 126
16 246
0 70
199 223
14 141
258 47
35 45
81 135
4 229
196 47
187 65
6 50
52 4
68 160
133 119
169 139
63 38
117 223
204 225
70 14
50 15
16 198
147 51
0 22
53 47
203 177
97 136
90 209
237 14
80 4
6 191
43 14
20 0
134 154
260 195
7 47
8 29
72 45
37 177
92 243
97 81
87 124
56 174
48 8
203 36
108 54
243 145
41 191
57 70
4 247
92 202
16 42
159 122
199 34
128 165
81 187
73 45
191 10
174 249
255 47
62 47
72 121
68 101
223 14
7 193
158 49
248 4
62 170
24 112
68 223
0 41
47 261
177 144
191 3
97 245
4 262
168 1
21 160
99 58
46 173
16 209
6 107
92 58
4 65
58 202
108 107
248 47
35 166
133 58
4 235
110 12
16 25
72 165
114 29
22 208
200 50
188 209
201 240
8 47
82 32
94 4
33 166
12 161
37 221
56 184
4 14
36 90
105 75
37 259
108 148
16 133
8 121
12 112
0 142
53 100
132 137
180 60
87 25
16 88
97 12
230 47
190 122
81 0
0 8
92 29
36 62
85 55
117 26
183 161
56 93
107 69
89 4
67 188
57 4
67 14
149 160
127 49
103 65
108 125
216 47
46 90
188 90
16 232
81 2
205 4
181 263
5 43
45 226
161 38
16 214
32 60
50 14
82 138
166 138
18 153
117 38
191 107
58 50
197 65
176 144
116 129
8 113
95 88
24 221
85 81
4 40
8 120
56 12
33 240
138 45
35 29
20 37
184 249
132 14
48 0
179 144
189 166
61 49
12 188
50 138
12 194
20 114
138 141
142 65
63 113
125 148
0 208
83 47
47 96
45 107
167 47
30 4
139 71
37 253
1 206
4 218
166 77
201 263
246 131
12 183
149 130
110 75
110 97
77 4
47 144
56 42
139 15
44 46
158 63
154 144
4 70
36 49
217 65
194 235
4 11
159 235
249 43
12 157
32 193
191 49
58 146
16 85
195 264
16 223
48 110
248 152
58 118
12 63
4 146
92 36
166 7
72 32
50 122
134 17
149 200
53 172
6 212
4 175
222 114
46 17
82 50
203 144
12 162
0 114
250 120
16 227
75 63
42 249
57 46
118 141
132 96
252 12
203 120
43 179
12 137
9 120
80 47
72 42
16 47
105 179
243 63
255 45
44 223
139 122
103 14
6 126
242 4
116 117
169 29
29 141
136 15
195 194
48 120
43 47
63 225
44 8
139 120
174 45
158 15
199 120
0 163
139 64
126 54
139 19
112 14
92 231
4 209
57 0
77 144
17 111
84 227
34 147
78 108
158 202
143 8
16 186
4 13
230 120
233 131
12 116
12 249
108 45
4 226
108 41
55 127
150 63
16 129
139 50
248 36
58 1
117 76
20 117
0 229
36 38
47 14
180 148
48 2
53 58
4 119
168 46
133 42
53 4
160 120
16 79
81 14
219 34
79 107
21 12
1 70
23 47
8 144
158 4
125 51
48 14
163 65
20 24
85 187
123 69
233 4
8 46
44 128
47 90
172 58
149 10
0 239
8 158
12 69
47 179
224 34
132 74
36 243
4 17
138 202
16 262
78 36
81 4
16 257
190 22
133 4
21 141
265 4
199 8
48 177
161 170
110 16
46 150
68 117
184 174
164 179
166 114
164 4
108 3
108 200
197 24
78 45
33 224
50 49
158 120
82 191
57 62
124 47
205 182
74 38
55 11
25 36
143 120
164 17
197 117
136 59
118 202
3 107
6 109
65 45
21 139
108 138
57 209
48 243
16 263
16 22
212 58
214 180
265 148
50 120
8 19
20 167
78 51
10 14
79 4
108 117
75 139
36 161
16 12
4 6
24 259
68 200
73 76
180 22
4 49
201 47
36 173
117 191
42 166
187 131
36 83
92 16
65 125
92 183
99 19
1 47
16 142
238 92
266 122
41 146
6 14
155 13
18 46
166 225
16 148
108 191
191 69
0 95
183 170
36 125
2 125
25 47
166 14
81 120
39 4
243 202
22 137
18 16
97 237
4 2
199 183
32 51
72 97
73 197
58 136
2 46
158 178
16 170
73 241
14 235
63 47
137 120
39 26
108 174
203 145
92 14
149 50
118 136
36 17
149 203
16 240
118 15
201 246
243 61
33 131
164 0
224 50
249 90
36 47
133 120
36 39
169 136
8 50
212 126
36 218
97 14
16 181
4 264
131 45
4 34
55 225
36 113
12 267
48 176
252 38
16 4
47 177
226 14
105 154
56 210
256 14
190 149
92 119
218 43
16 118
20 4
79 7
200 222
108 32
105 46
133 117
120 144
12 107
21 136
183 14
37 17
103 20
0 244
48 36
108 126
81 183
8 67
154 17
33 3
79 50
180 200
230 4
172 47
191 138
20 100
167 162
242 14
21 117
4 266
12 14
164 154
103 82
135 226
29 14
33 37
237 194
83 120
92 223
44 71
33 120
73 131
216 63
174 43
8 38
158 187
256 40
19 160
203 231
214 125
4 160
4 10
91 141
62 209
14 231
81 55
166 226
153 188
72 123
16 1
153 47
149 189
172 93
19 100
16 36
81 57
103 108
12 43
18 150
97 23
16 53
108 10
6 222
12 57
56 249
73 155
16 97
16 236
21 225
47 120
46 111
110 36
252 47
190 45
119 71
38 209
8 60
252 14
161 90
147 148
105 111
158 136
101 3
188 170
148 51
216 209
126 69
146 93
26 14
16 125
170 111
36 120
125 45
154 43
4 120
16 231
73 35
72 138
26 268
4 131
81 11
55 153
97 43
181 214
4 152
142 46
4 47
36 8
119 58
12 47
68 50
44 118
73 117
19 128
16 252
16 74
229 47
255 73
44 38
207 47
5 65
16 151
72 222
224 138
4 15
18 120
201 223
92 177
149 191
191 212
176 224
120 111
16 202
42 4
72 85
48 203
16 256
68 6
63 120
97 36
19 129
0 128
201 234
4 223
97 205
85 157
16 136
191 229
57 65
24 206
130 34
39 14
243 144
80 37
45 34
4 178
81 46
72 50
101 114
16 90
81 269
117 60
199 46
41 61
81 153
211 47
14 51
81 74
193 122
39 11
240 234
8 63
73 1
200 148
123 147
12 2
88 40
216 170
216 188
47 170
0 118
78 243
250 70
16 167
126 3
85 203
53 8
20 65
133 71
110 47
16 207
74 14
8 209
213 45
16 131
4 61
0 159
55 46
203 191
20 8
36 170
218 159
21 97
110 14
33 123
92 48
191 34
180 69
48 145
60 34
24 253
87 151
102 96
115 19
6 200
52 29
164 37
73 209
4 165
6 148
21 58
232 96
16 100
0 187
62 216
252 159
153 193
149 45
172 136
185 47
136 122
44 74
246 4
48 61
103 66
244 65
41 176
13 47
203 4
55 120
166 200
203 8
120 113
163 47
116 26
171 212
32 222
117 61
166 51
1 69
203 243
47 17
68 10
21 118
214 263
97 114
133 70
24 14
54 76
218 195
92 169
38 120
42 38
203 79
21 71
4 69
77 120
36 188
21 192
97 13
23 4
150 47
117 156
16 26
139 262
97 203
6 138
180 247
161 216
183 113
50 34
4 261
188 14
37 112
200 29
60 50
16 175
55 218
42 120
186 28
242 36
30 109
137 14
154 179
160 109
137 235
50 107
68 79
108 34
151 14
6 3
79 32
237 264
0 54
195 235
92 78
33 29
36 54
53 136
149 79
230 167
139 101
37 128
108 131
16 23
150 153
2 50
188 47
199 69
117 17
72 176
18 90
16 84
229 126
8 130
4 258
26 47
203 61
133 136
