256 1330
0 1
0 2
3 4
5 0
6 7
8 9
0 10
11 12
13 14
15 16
17 18
19 20
21 22
21 23
24 25
26 27
28 14
29 30
19 31
32 14
32 33
34 35
36 37
32 38
39 40
41 42
19 43
44 45
46 47
48 49
13 33
50 51
13 52
53 54
55 56
28 13
57 58
59 37
60 61
26 62
63 64
32 65
44 0
66 42
67 68
69 70
71 34
72 18
73 74
75 76
77 78
79 59
11 40
55 80
81 36
82 83
84 85
0 86
87 88
89 90
30 3
48 91
0 92
55 93
0 94
95 96
96 10
44 97
32 10
98 6
99 100
39 9
12 35
101 102
44 103
104 105
106 107
27 108
29 19
0 109
110 18
74 34
0 111
98 94
28 112
58 113
109 114
115 36
116 13
117 118
79 37
94 117
115 119
120 121
122 18
123 124
125 59
126 37
127 128
44 32
129 18
19 130
131 132
125 98
131 133
134 51
50 135
50 136
18 35
79 121
114 113
94 137
98 39
99 109
0 138
139 140
141 142
29 63
101 143
144 7
103 97
55 112
145 18
115 146
115 77
147 148
110 145
149 123
137 117
75 27
118 40
0 150
19 151
30 31
86 63
152 153
18 154
125 0
55 14
79 151
0 143
113 91
155 54
105 88
135 90
156 90
157 158
152 128
55 157
67 112
101 96
76 159
160 148
46 161
56 112
21 143
3 88
156 21
11 8
162 22
116 126
163 72
164 165
126 81
29 3
62 1
166 122
144 128
133 97
79 85
65 84
167 91
6 165
91 4
79 132
55 132
0 168
28 95
28 113
167 4
86 169
13 68
170 31
38 171
19 79
172 166
56 33
0 25
0 173
144 165
174 175
147 176
13 132
29 86
32 177
105 27
78 178
28 80
164 152
28 158
18 179
150 96
180 42
68 158
87 181
44 13
32 182
176 42
183 113
184 185
92 49
41 106
186 27
5 187
30 188
58 1
123 27
189 190
0 191
192 81
65 131
193 194
0 18
75 162
7 78
32 131
13 195
21 196
69 197
131 84
19 198
48 169
91 49
70 57
71 199
32 200
201 202
66 180
0 96
125 203
18 204
0 11
122 45
18 190
29 205
170 52
149 88
156 135
196 90
206 207
192 13
91 208
13 17
164 119
18 209
126 115
11 210
144 164
170 131
125 115
98 0
18 60
17 120
32 13
21 89
117 176
15 0
99 155
211 210
196 190
21 135
212 213
58 197
139 11
18 2
211 125
55 131
186 123
214 215
118 39
18 141
179 197
18 61
216 59
211 0
99 3
136 217
122 218
55 219
211 111
116 220
157 219
85 81
177 97
95 0
28 221
222 27
69 0
156 50
18 197
55 223
192 17
164 79
87 109
198 219
224 225
141 204
15 174
117 7
127 66
156 136
29 47
183 0
56 68
92 138
99 28
226 118
57 101
147 92
152 16
73 166
13 227
126 192
29 64
73 18
65 228
101 22
54 88
30 229
221 56
117 230
44 182
13 219
30 53
87 104
208 231
75 108
15 160
232 206
62 108
147 106
152 225
11 233
101 62
101 150
87 155
18 45
186 234
56 80
44 171
112 158
218 145
228 103
192 79
164 215
101 58
17 121
167 113
115 59
235 19
87 62
116 122
127 7
11 39
103 227
86 47
125 77
53 236
222 237
99 238
181 54
98 117
164 178
6 77
144 117
12 154
15 205
55 221
117 106
5 87
19 13
126 18
176 11
201 127
95 10
29 92
199 35
0 147
41 117
0 238
180 41
129 179
186 149
118 8
132 239
240 0
180 160
21 241
242 181
225 185
156 51
5 114
98 78
21 101
169 92
6 243
30 43
3 87
205 20
156 191
95 32
156 101
28 109
170 93
144 153
0 34
87 53
96 143
55 33
121 36
18 206
18 89
234 124
131 14
18 207
113 68
144 224
89 135
68 52
55 52
98 118
195 151
95 38
0 148
99 0
64 188
235 184
25 197
220 120
0 63
115 244
32 223
87 26
131 192
245 34
125 6
6 244
57 5
211 246
145 17
13 36
69 101
210 140
19 175
0 129
63 208
168 247
180 117
74 110
176 8
190 23
114 67
163 197
125 245
87 242
98 230
79 239
116 145
181 105
65 223
0 187
41 107
131 239
168 243
13 45
75 124
95 248
239 81
48 231
101 249
34 11
133 227
171 223
184 20
114 248
198 55
65 116
232 209
15 185
19 219
137 230
235 225
66 117
101 1
201 152
21 102
170 132
19 188
89 190
163 10
99 221
231 49
136 135
250 103
157 200
162 249
28 56
0 247
64 251
125 168
110 246
3 113
18 12
198 157
170 157
5 28
177 103
6 78
201 15
29 251
156 159
250 228
12 233
69 240
28 173
252 103
125 247
1 108
0 113
163 250
211 199
247 243
99 87
160 41
40 140
211 110
0 118
89 217
29 169
118 230
190 194
87 187
11 9
164 6
29 208
202 16
245 111
3 188
109 100
101 90
235 215
214 146
21 191
91 253
116 17
224 153
126 216
169 138
13 228
173 33
65 13
236 229
125 244
35 154
114 173
25 179
13 103
72 129
99 229
26 108
116 133
115 79
167 3
237 124
79 195
18 194
198 170
13 120
223 84
75 134
19 174
131 171
192 227
137 7
161 16
144 6
146 119
88 27
229 80
105 108
228 97
13 177
37 119
75 237
127 117
105 26
240 58
0 250
41 213
184 205
87 54
235 151
113 253
16 184
3 187
125 246
104 88
113 100
81 121
18 189
44 177
235 205
144 225
201 0
90 22
186 104
241 232
28 32
60 204
211 74
19 170
3 208
3 53
29 175
55 32
28 254
248 1
12 199
56 14
169 49
123 104
141 61
246 18
147 231
172 73
95 163
159 108
32 84
133 220
192 239
18 232
83 18
157 132
70 58
24 154
226 9
245 168
148 213
130 151
44 96
98 7
63 92
70 0
212 106
211 168
186 88
178 165
44 83
95 150
65 227
13 130
22 108
112 68
149 27
194 204
235 185
217 135
44 163
28 0
234 27
28 248
89 23
76 255
48 147
131 157
16 185
152 184
103 25
240 197
126 121
76 27
145 246
198 93
244 165
151 214
250 25
25 35
189 89
252 228
70 1
242 88
62 249
126 203
69 58
226 8
192 133
24 12
69 25
55 13
188 174
102 179
183 58
57 0
172 18
30 236
150 1
34 12
211 71
3 91
66 41
126 36
186 124
138 213
98 137
12 140
163 82
0 41
163 18
101 108
19 184
64 208
12 25
170 158
13 31
133 85
113 54
57 183
21 190
29 0
156 162
244 119
131 85
140 233
152 202
211 145
13 85
190 142
95 143
55 200
0 62
31 219
126 59
20 151
15 202
157 52
3 251
89 196
250 197
255 108
13 97
200 132
169 147
98 168
159 162
51 217
144 78
127 137
156 217
246 203
116 121
159 27
250 252
18 25
3 253
206 154
254 68
34 199
198 31
170 239
95 173
82 45
77 244
3 64
116 18
201 42
125 216
44 65
218 18
170 13
144 201
218 45
169 91
247 94
74 18
44 38
83 45
5 58
249 1
104 181
205 174
7 178
44 25
238 221
133 103
87 27
99 53
0 249
126 13
118 9
37 146
209 206
125 243
65 177
65 171
177 45
201 117
63 169
155 109
198 80
219 195
30 19
159 51
87 113
0 169
32 171
170 195
19 205
186 222
201 41
101 162
152 215
66 128
50 134
164 214
222 75
156 108
79 13
247 118
116 192
194 142
107 8
201 160
144 98
164 244
255 27
97 227
28 182
139 12
94 39
159 255
70 101
192 97
147 138
156 75
192 85
38 177
33 14
18 241
15 20
152 224
43 31
3 155
243 78
162 108
116 218
64 169
221 80
0 49
34 18
100 187
233 35
25 154
98 178
115 216
57 1
30 198
30 174
222 76
87 0
95 114
3 236
224 178
3 54
171 84
168 111
15 184
84 133
100 108
19 47
126 17
0 58
13 80
117 8
154 207
47 174
3 63
193 204
176 9
113 67
55 158
57 113
51 108
132 130
242 54
13 200
90 191
198 175
13 223
176 213
15 152
54 187
235 214
188 175
43 80
13 158
128 202
164 235
51 162
53 155
131 13
144 137
243 77
170 79
170 130
101 0
194 141
24 35
210 40
176 107
44 197
117 107
133 120
156 134
245 210
0 213
13 220
113 112
3 181
251 236
41 148
32 173
0 114
198 229
185 215
118 11
0 210
75 217
201 46
212 176
95 1
0 207
0 47
21 90
169 208
126 79
0 71
156 196
201 180
153 202
72 179
75 159
142 204
179 207
2 179
113 254
28 114
0 179
115 6
234 123
10 38
198 13
5 113
98 127
5 67
3 231
247 39
113 187
13 84
207 197
43 229
226 176
201 66
251 53
167 253
128 153
34 140
13 83
93 219
131 81
11 140
99 80
235 79
33 182
4 231
156 249
70 143
58 25
76 108
61 204
23 241
136 89
41 176
201 16
13 93
125 126
13 157
131 130
226 11
144 66
114 238
230 8
0 9
10 182
176 230
211 73
156 89
248 173
44 82
129 172
41 138
18 102
101 191
129 206
201 128
3 169
169 231
23 2
75 50
79 130
24 18
79 214
95 182
111 246
15 86
58 143
71 18
147 49
99 54
144 152
14 223
0 67
255 105
98 247
201 161
193 142
13 112
28 67
34 233
118 107
28 68
236 80
0 248
117 128
41 147
87 100
89 194
131 200
0 140
28 55
15 235
170 200
46 86
65 133
75 255
65 120
213 106
237 76
18 142
253 4
0 46
14 200
158 52
164 115
222 123
28 238
187 253
67 254
44 10
255 26
192 220
72 82
13 121
0 100
170 219
189 142
65 97
0 163
199 233
0 197
125 111
237 27
177 228
69 143
99 236
13 221
165 119
191 143
166 45
172 206
13 56
216 77
6 216
71 245
32 56
65 38
47 205
200 223
18 196
161 202
85 239
230 107
211 126
15 47
95 101
160 161
124 27
13 151
29 174
177 83
0 40
44 228
86 92
198 195
13 81
126 110
193 141
3 242
195 130
65 45
0 72
131 79
91 231
126 145
99 251
65 85
19 214
0 160
208 4
29 46
2 241
71 210
222 234
79 20
126 246
30 99
28 33
235 20
166 18
218 17
21 18
65 220
249 108
147 213
13 239
134 217
169 4
157 68
153 225
249 22
95 33
220 45
30 175
222 124
196 23
198 43
30 80
91 147
141 60
211 245
22 191
44 250
126 120
192 84
98 243
251 188
102 143
181 88
203 216
0 82
170 151
44 252
95 44
96 163
252 25
94 118
164 146
201 153
175 43
123 88
164 224
61 241
82 18
102 2
15 161
79 146
164 185
0 243
211 203
192 103
79 81
42 107
116 120
152 235
13 171
9 40
152 185
0 155
124 76
155 100
113 4
93 80
192 36
29 188
0 245
156 22
65 103
0 26
137 118
170 68
15 46
61 232
6 224
224 165
135 196
152 161
19 195
74 199
101 248
13 38
55 170
240 25
164 37
75 51
126 111
30 251
18 233
115 203
55 68
13 133
26 100
44 18
15 29
126 218
182 38
201 148
93 157
181 27
65 83
34 40
117 42
144 202
139 233
163 25
54 253
56 158
79 36
21 2
211 34
235 146
0 102
191 102
34 210
144 178
192 120
21 179
146 215
44 72
176 106
173 182
98 77
130 239
228 25
160 46
235 16
254 112
180 148
248 150
116 45
238 80
164 153
0 161
50 217
42 106
212 41
212 147
65 192
79 119
87 108
20 214
59 36
79 215
203 59
225 215
87 105
15 19
87 253
18 23
115 37
18 193
104 27
131 223
175 31
149 104
211 18
0 180
177 171
25 206
216 244
31 195
0 108
89 142
109 238
74 71
6 178
192 121
118 176
115 165
144 127
99 114
21 0
183 5
125 78
25 207
150 143
6 119
94 230
62 100
148 138
87 255
139 34
111 203
50 89
0 39
189 194
164 225
30 64
73 110
18 199
49 138
5 100
