118 179
0 1
2 3
4 5
6 7
8 0
9 10
11 10
6 12
13 14
15 16
17 18
19 20
21 22
6 23
24 25
26 27
28 29
22 30
11 31
6 4
15 32
33 34
2 7
8 35
15 36
37 38
38 39
16 40
41 42
17 10
43 44
25 45
46 14
31 14
24 47
40 48
49 23
50 51
10 52
30 53
49 54
55 56
57 58
18 11
10 59
60 61
62 63
47 25
52 64
32 26
57 19
65 66
67 49
4 68
69 70
29 71
10 33
45 42
72 73
8 2
49 74
10 75
66 37
76 67
10 31
71 63
68 74
18 9
77 4
69 78
21 69
49 12
79 80
26 75
81 82
25 83
42 77
84 85
29 44
85 86
64 87
48 88
89 90
89 65
81 55
58 81
91 62
83 45
21 85
5 68
92 72
93 41
94 21
78 30
95 96
0 97
6 42
87 33
91 13
31 96
53 92
98 85
31 91
99 0
35 2
100 28
79 15
6 101
48 75
42 4
78 102
20 103
104 42
105 17
33 79
59 106
52 80
82 48
90 37
107 30
103 43
73 10
88 54
65 39
30 92
108 68
34 15
65 109
110 66
49 68
88 31
96 76
96 108
14 96
46 95
111 21
84 44
112 56
71 91
113 105
89 111
62 114
34 79
115 88
116 65
70 100
85 81
110 109
33 15
6 35
65 94
25 60
36 40
2 117
50 44
29 57
85 43
92 73
107 102
101 104
65 98
108 24
37 55
86 69
75 27
30 82
19 44
3 99
7 117
6 8
32 16
51 19
89 37
16 26
78 113
45 93
79 106
96 49
91 14
