198 597
0 1
0 2
0 3
1 4
1 2
1 3
1 5
4 6
4 3
4 5
4 7
6 8
6 5
6 7
6 9
8 10
8 7
8 9
8 11
10 12
10 9
10 11
10 13
12 14
12 11
12 13
12 15
14 16
14 13
14 15
14 17
16 18
16 15
16 17
16 19
18 20
18 17
18 19
18 21
20 22
20 19
20 21
20 23
22 21
22 23
24 25
24 26
24 27
25 28
25 26
25 27
25 29
28 30
28 27
28 29
28 31
30 32
30 29
30 31
30 33
32 34
32 31
32 33
32 35
34 33
34 35
36 37
38 39
38 40
38 41
39 42
39 40
39 41
39 43
42 44
42 41
42 43
42 45
44 46
44 43
44 45
44 47
46 48
46 45
46 47
46 49
48 50
48 47
48 49
48 51
50 49
50 51
52 53
54 55
54 56
54 57
55 58
55 56
55 57
55 59
58 60
58 61
58 57
58 59
58 62
58 63
60 64
60 59
60 62
60 65
64 62
64 65
61 59
61 63
2 3
2 66
2 67
3 5
3 66
3 67
3 68
5 7
5 67
5 68
5 69
7 9
7 68
7 69
7 70
9 11
9 69
9 70
9 71
11 13
11 70
11 71
11 72
13 15
13 71
13 72
13 73
15 17
15 72
15 73
15 74
17 19
17 73
17 74
17 75
19 21
19 74
19 75
19 76
21 23
21 75
21 76
21 77
23 76
23 77
26 27
26 78
26 79
27 29
27 78
27 79
27 80
29 31
29 79
29 80
29 81
31 33
31 80
31 81
31 82
33 35
33 81
33 82
33 83
35 82
35 83
37 84
40 41
40 85
40 86
41 43
41 85
41 86
41 87
43 45
43 86
43 87
43 88
45 47
45 87
45 88
45 89
47 49
47 88
47 89
47 90
49 51
49 89
49 90
49 91
51 90
51 91
53 92
56 57
56 93
56 94
57 59
57 93
57 94
57 95
59 62
59 63
59 94
59 95
59 96
59 97
62 65
62 95
62 96
62 98
65 96
65 98
63 95
63 97
66 67
66 99
66 100
67 68
67 99
67 100
67 101
68 69
68 100
68 101
68 102
69 70
69 101
69 102
69 103
70 71
70 102
70 103
70 104
71 72
71 103
71 104
71 105
72 73
72 104
72 105
72 106
73 74
73 105
73 106
73 107
74 75
74 106
74 107
74 108
75 76
75 107
75 108
75 109
76 77
76 108
76 109
76 110
77 109
77 110
78 79
78 111
78 112
79 80
79 111
79 112
79 113
80 81
80 112
80 113
80 114
81 82
81 113
81 114
81 115
82 83
82 114
82 115
82 116
83 115
83 116
84 117
85 86
85 118
85 119
86 87
86 118
86 119
86 120
87 88
87 119
87 120
87 121
88 89
88 120
88 121
88 122
89 90
89 121
89 122
89 123
90 91
90 122
90 123
90 124
91 123
91 124
92 125
93 94
93 126
93 127
94 95
94 126
94 127
94 128
95 96
95 97
95 127
95 128
95 129
95 130
96 98
96 128
96 129
96 131
98 129
98 131
97 128
97 130
99 100
99 132
99 133
100 101
100 132
100 133
100 134
101 102
101 133
101 134
101 135
102 103
102 134
102 135
102 136
103 104
103 135
103 136
103 137
104 105
104 136
104 137
104 138
105 106
105 137
105 138
105 139
106 107
106 138
106 139
106 140
107 108
107 139
107 140
107 141
108 109
108 140
108 141
108 142
109 110
109 141
109 142
109 143
110 142
110 143
111 112
111 144
111 145
112 113
112 144
112 145
112 146
113 114
113 145
113 146
113 147
114 115
114 146
114 147
114 148
115 116
115 147
115 148
115 149
116 148
116 149
117 150
118 119
118 151
118 152
119 120
119 151
119 152
119 153
120 121
120 152
120 153
120 154
121 122
121 153
121 154
121 155
122 123
122 154
122 155
122 156
123 124
123 155
123 156
123 157
124 156
124 157
125 158
126 127
126 159
126 160
127 128
127 159
127 160
127 161
128 129
128 130
128 160
128 161
128 162
128 163
129 131
129 161
129 162
129 164
131 162
131 164
130 161
130 163
132 133
132 165
132 166
133 134
133 165
133 166
133 167
134 135
134 166
134 167
134 168
135 136
135 167
135 168
135 169
136 137
136 168
136 169
136 170
137 138
137 169
137 170
137 171
138 139
138 170
138 171
138 172
139 140
139 171
139 172
139 173
140 141
140 172
140 173
140 174
141 142
141 173
141 174
141 175
142 143
142 174
142 175
142 176
143 175
143 176
144 145
144 177
144 178
145 146
145 177
145 178
145 179
146 147
146 178
146 179
146 180
147 148
147 179
147 180
147 181
148 149
148 180
148 181
148 182
149 181
149 182
150 183
151 152
151 184
151 185
152 153
152 184
152 185
152 186
153 154
153 185
153 186
153 187
154 155
154 186
154 187
154 188
155 156
155 187
155 188
155 189
156 157
156 188
156 189
156 190
157 189
157 190
158 191
159 160
159 192
159 193
160 161
160 192
160 193
160 194
161 162
161 163
161 193
161 194
161 195
161 196
162 164
162 194
162 195
162 197
164 195
164 197
163 194
163 196
165 166
166 167
167 168
168 169
169 170
170 171
171 172
172 173
173 174
174 175
175 176
177 178
178 179
179 180
180 181
181 182
184 185
185 186
186 187
187 188
188 189
189 190
192 193
193 194
194 195
194 196
195 197
