1354 1710
0 1
0 2
3 4
5 6
5 7
5 8
5 9
5 10
5 11
12 13
12 14
12 15
12 16
17 18
17 19
20 21
22 23
22 24
22 25
22 26
27 28
27 29
30 31
32 33
32 34
35 36
37 38
39 40
41 42
41 43
44 45
44 46
47 48
47 49
47 50
47 51
47 52
53 54
53 55
53 56
53 57
53 58
59 60
59 61
19 62
19 13
19 63
64 65
64 66
64 67
68 69
68 70
68 71
68 72
68 73
68 74
68 75
68 76
77 78
6 79
80 81
80 82
83 84
85 86
85 87
85 88
89 90
89 91
89 92
89 93
46 94
46 95
96 97
98 99
98 100
101 31
102 103
104 105
106 107
106 108
109 110
34 111
112 113
13 114
13 115
116 117
116 118
119 79
120 58
121 122
123 124
123 125
123 126
123 127
123 128
129 130
62 23
62 25
62 114
131 132
131 133
134 135
134 136
137 138
137 87
139 140
141 142
141 143
144 145
146 147
146 148
149 150
149 151
149 152
153 154
110 84
155 156
155 157
158 159
160 161
162 163
164 165
164 166
167 80
168 23
168 169
170 171
170 172
170 173
174 175
174 176
174 177
174 178
179 180
179 181
182 183
182 184
185 186
185 103
185 187
188 189
188 190
188 122
188 191
188 192
188 193
194 195
67 26
67 24
196 197
198 199
198 200
198 201
198 202
198 203
204 205
206 207
206 208
209 84
209 210
209 211
212 213
212 70
212 214
215 216
217 218
217 219
220 221
220 222
220 223
224 175
225 226
227 228
227 229
227 230
4 34
4 231
4 232
4 233
4 234
4 235
236 121
237 16
238 239
238 240
241 242
243 244
245 246
245 247
245 248
249 250
249 251
249 252
249 253
249 254
249 255
249 256
257 258
257 259
260 261
262 56
262 263
264 265
264 266
264 267
268 269
88 270
271 272
271 273
271 274
275 276
275 63
277 73
278 279
280 265
280 69
280 58
281 282
281 283
284 285
286 287
286 288
289 290
291 292
293 105
294 209
294 295
296 297
298 299
298 85
298 300
301 302
301 184
303 304
303 305
303 306
303 165
303 245
303 148
303 166
28 218
28 307
28 308
309 310
309 311
309 312
309 313
309 314
309 315
309 316
317 318
319 320
321 322
321 143
323 286
324 325
324 326
324 327
169 32
169 328
169 329
169 82
169 330
282 331
332 330
285 333
334 213
219 218
335 336
337 29
338 339
338 340
341 342
341 343
341 344
345 346
347 348
347 349
350 351
352 36
353 354
355 138
355 356
357 358
359 18
360 361
360 362
363 281
364 365
366 176
366 339
366 367
366 93
368 369
368 370
371 372
371 78
373 374
373 375
376 171
377 378
379 380
379 381
379 382
379 383
384 105
384 239
385 270
385 386
387 388
389 390
389 391
389 392
389 113
389 393
290 394
290 395
396 397
398 380
399 400
216 401
216 402
403 404
176 405
406 6
407 408
409 175
409 410
409 411
412 413
315 414
38 415
38 60
38 416
417 418
419 420
419 421
419 226
422 43
423 344
424 425
426 427
197 57
197 58
428 6
428 418
428 110
429 408
430 431
432 433
432 434
432 435
432 436
432 437
432 438
439 440
441 183
441 442
443 444
445 150
446 447
448 449
450 304
450 451
450 452
450 453
454 455
456 457
458 346
459 460
459 461
462 463
462 464
465 357
466 44
466 467
466 46
152 468
152 150
152 469
152 470
471 261
472 380
473 474
475 476
475 477
478 190
479 480
479 206
481 349
482 483
482 283
482 446
484 485
484 9
484 10
484 486
487 310
358 488
358 489
490 491
490 387
490 492
493 91
493 263
493 494
495 496
497 293
383 380
383 498
499 121
500 346
501 502
501 503
501 67
504 505
506 507
506 176
506 508
506 509
506 510
506 177
506 511
506 46
512 513
512 514
515 516
517 518
519 494
520 397
521 522
521 523
524 525
526 527
526 528
526 351
529 530
531 274
532 150
533 90
533 534
186 172
186 6
186 477
535 536
535 537
535 538
535 136
265 539
265 540
265 541
265 542
543 386
543 544
545 333
545 546
545 547
494 548
494 197
549 550
551 326
410 552
181 356
553 554
553 555
556 198
556 557
558 559
375 393
375 560
375 110
375 561
522 562
460 563
460 564
460 141
175 565
566 567
566 568
150 569
150 570
571 12
572 573
574 575
576 97
576 133
304 453
577 265
577 471
577 578
579 67
580 447
581 582
583 584
583 585
327 586
587 289
587 588
587 589
590 591
590 592
590 593
594 29
594 595
596 597
596 6
596 5
598 599
598 600
598 601
211 84
602 603
346 604
244 605
244 176
244 269
244 606
244 607
244 608
244 609
244 610
244 611
244 612
418 613
614 177
614 615
616 617
440 618
619 425
395 346
620 81
620 621
622 623
622 218
624 625
624 453
474 626
627 426
627 463
627 628
629 630
468 631
632 603
632 617
632 633
634 13
635 75
362 636
637 205
638 639
202 143
72 463
640 171
640 170
641 320
641 519
575 642
643 170
643 365
644 645
644 584
644 646
276 647
648 649
534 23
534 218
534 25
534 276
534 600
650 233
651 270
652 496
652 7
652 5
653 654
655 656
657 658
657 68
659 660
661 292
661 662
663 47
663 664
665 170
665 666
667 496
667 662
192 264
668 669
668 670
668 671
672 673
431 409
674 293
675 676
677 150
677 678
568 67
679 680
679 412
679 402
681 375
682 683
682 259
682 684
682 685
686 687
686 688
686 689
686 690
686 129
480 270
148 346
691 692
693 125
693 128
606 506
606 694
606 174
695 696
695 697
695 121
695 575
695 698
695 699
700 156
700 139
700 701
91 702
91 703
91 704
705 706
705 707
708 5
709 241
710 458
710 711
712 171
713 267
714 295
715 402
716 717
716 718
716 719
716 720
716 721
716 692
722 391
723 564
724 725
726 495
726 496
727 603
727 173
728 6
100 162
100 118
729 113
730 731
730 117
730 732
733 7
733 662
734 735
736 13
736 649
736 737
736 738
736 739
736 740
741 550
741 156
742 743
742 219
744 745
744 746
744 747
744 296
744 297
744 588
744 120
744 748
744 190
744 749
750 293
751 752
649 12
649 753
649 754
649 19
649 382
755 756
757 758
759 23
759 25
759 600
759 307
760 654
761 746
762 143
762 141
267 265
763 745
764 676
764 746
764 747
765 171
766 767
766 28
766 768
769 770
769 771
769 772
769 773
769 221
774 775
776 152
777 1
777 778
582 779
582 780
582 781
306 782
306 783
784 785
786 254
786 787
786 355
786 788
789 752
790 119
791 84
791 792
793 270
793 479
794 651
795 796
795 314
797 798
797 785
799 800
801 802
801 397
803 804
299 270
805 806
807 501
807 369
807 370
808 31
809 402
810 811
408 812
408 813
408 814
408 159
815 313
816 219
817 818
817 206
819 600
820 821
820 159
97 702
97 133
97 822
823 824
823 343
823 344
825 105
749 826
827 224
827 194
828 829
645 457
830 831
830 67
832 833
780 834
835 836
835 327
835 837
838 628
839 24
258 40
258 109
840 841
840 842
840 639
840 843
840 844
798 117
845 828
845 385
845 206
846 246
846 425
846 847
848 265
848 540
849 850
851 79
851 735
852 707
853 854
615 548
615 509
615 603
855 245
855 239
855 70
855 856
857 284
382 114
374 172
283 36
542 261
858 859
858 636
858 860
858 861
858 360
862 863
862 49
864 865
866 218
867 333
867 343
868 565
869 870
660 871
872 841
873 163
874 875
876 135
877 873
877 118
877 732
788 180
878 273
875 879
875 703
880 881
882 883
882 884
882 826
885 654
886 514
886 177
886 178
886 205
886 735
887 888
887 62
887 880
887 889
887 555
890 615
890 725
891 870
892 893
892 388
892 193
310 894
895 798
895 896
895 897
895 402
898 899
505 900
505 205
111 78
671 550
901 718
361 902
903 904
903 905
903 906
903 907
903 908
903 909
910 47
910 862
911 716
911 912
911 913
911 718
911 914
915 916
915 378
917 570
918 919
918 112
920 921
922 69
923 567
923 924
925 926
927 570
928 929
930 894
931 16
932 108
933 91
933 197
11 661
11 241
11 934
11 935
11 936
11 292
11 354
11 937
938 939
940 270
940 386
941 176
942 369
943 944
943 781
943 262
945 840
945 946
945 909
947 54
947 948
692 517
949 92
949 326
950 951
950 114
792 952
953 513
953 357
953 954
953 80
953 955
953 956
957 958
957 340
959 62
959 24
959 960
959 961
959 26
962 258
962 110
685 963
685 964
103 965
103 966
103 967
103 756
968 318
195 411
195 969
252 970
252 254
252 971
142 117
344 841
344 333
344 343
344 972
973 536
973 912
973 530
973 974
975 208
975 879
976 688
23 26
63 129
977 427
977 978
979 980
979 360
861 113
981 912
546 449
546 972
982 391
639 449
639 972
983 444
983 804
983 984
983 784
983 952
983 211
985 529
986 585
987 988
987 566
987 924
989 451
990 72
991 264
991 388
991 274
991 193
991 992
523 47
523 993
523 664
994 995
996 26
752 474
997 875
997 283
630 81
630 998
999 601
1000 105
1000 846
1001 641
1001 939
1001 1002
1003 731
24 25
1004 1005
1004 625
1004 856
1006 1007
1008 620
1009 540
1010 599
402 171
402 1011
402 1012
402 1007
402 1013
402 666
696 122
696 193
948 704
948 585
1014 11
279 496
279 442
1015 1016
1015 1017
1015 81
1015 660
242 662
210 84
1018 550
449 1019
449 1020
1021 626
218 1022
218 308
218 1023
1024 647
1024 397
856 453
1025 758
1026 555
1027 444
1027 1028
1027 684
1029 728
1029 735
1030 792
1031 926
670 550
1032 1033
43 219
43 1034
498 880
1035 822
1035 558
1035 91
1035 1036
1035 891
1035 1031
1037 1038
1039 205
1040 61
1040 13
1040 1041
1040 517
1040 17
1040 327
1042 391
1042 198
1043 377
1043 725
871 107
871 1038
907 875
907 1044
1045 420
1046 378
1046 319
1047 103
1047 1048
1047 967
486 441
339 47
339 1049
339 1050
339 227
339 701
339 1051
339 1052
339 1053
365 170
365 509
1054 992
1055 344
391 171
391 200
391 1056
391 1057
391 1058
391 1059
391 920
1060 1026
1060 887
1061 368
1061 503
554 1062
1063 288
1064 745
1065 503
1066 1001
1066 992
1066 641
1066 1067
1066 1068
1066 892
1066 1054
1069 240
1070 517
1071 13
1072 108
814 26
814 24
1073 4
1074 336
1074 377
477 1075
588 290
1076 972
1077 484
1077 1078
1077 302
1079 273
1080 672
1080 673
1080 494
1081 1082
232 34
1083 245
1083 240
1083 1082
1083 1084
1083 148
1085 1086
1085 1087
1085 598
1088 485
1089 129
1090 130
1091 564
1092 1093
1092 378
161 1016
76 1094
1095 673
1093 916
669 1096
1097 1098
1097 1019
1097 1099
1097 399
1097 1100
1097 344
1097 331
1097 282
1101 517
1102 654
114 380
1103 526
1104 219
1104 29
1105 547
1106 718
1107 234
1108 112
56 272
56 884
586 31
586 38
1041 649
1041 911
597 995
156 899
156 1109
156 367
156 1051
156 1018
156 157
156 701
156 276
1110 850
1110 475
1110 1111
1112 441
1112 442
1113 24
1114 1115
1114 284
1116 692
1117 707
1118 1119
1118 1120
1121 11
300 651
1122 97
905 449
905 703
415 18
1123 402
1124 18
1125 692
1126 458
1127 1128
1127 1129
1130 818
1131 185
1132 505
1132 735
326 1133
326 546
326 590
326 327
326 1134
1135 893
295 1136
1137 348
1137 334
1137 464
1138 26
758 1139
758 1140
758 1078
758 1141
1142 840
336 603
1143 1119
1143 1144
1145 831
1145 368
397 647
444 1146
444 257
444 803
1147 504
1148 863
1148 1149
1150 527
1150 559
1151 835
1152 586
1152 689
1152 1153
1154 600
1154 598
1115 867
1082 1033
82 871
82 25
240 105
240 1155
240 1156
1157 656
1128 731
1128 258
1128 259
1128 257
1128 803
806 52
1158 684
1158 1159
1160 69
1160 519
1160 58
1160 494
1161 159
603 725
785 803
1162 171
1162 170
544 580
1163 1164
1163 1165
1163 1143
1163 1120
1166 265
70 420
70 334
70 1063
70 861
70 288
1167 129
1167 130
954 1168
954 81
954 579
954 514
954 168
1169 667
1169 662
1170 1078
1170 67
437 590
437 1171
1172 745
1173 654
1173 585
1174 702
1174 176
1175 687
1175 688
1176 391
1176 144
1176 1177
226 1178
226 1179
226 1180
599 600
1181 1182
1181 1183
1181 808
811 1184
54 1185
318 113
721 1101
937 662
1186 955
1187 97
1187 1188
1189 468
1189 152
1189 1190
1191 171
771 710
1192 217
367 307
367 647
367 63
1193 1194
1193 0
1193 810
893 1195
893 122
893 404
1196 69
1196 493
1196 696
1196 1160
1196 120
1196 262
165 1197
1198 1199
1200 1026
621 81
1053 276
1201 295
1201 994
1201 354
1201 936
1201 11
1201 1136
1202 1203
128 1204
128 799
128 92
128 1205
1206 4
1099 400
1099 251
1207 78
1208 556
1208 143
1209 770
1209 1005
1210 132
1210 45
870 559
250 639
250 1211
250 972
1212 1213
1212 871
1212 1214
1215 199
1216 68
1217 630
1217 66
1218 388
1219 568
1219 1078
1220 504
1220 170
684 963
972 1221
1222 731
1223 586
1223 1224
1223 690
1223 1183
1223 1225
1226 129
329 34
253 180
253 1227
1228 1182
1228 864
427 1229
1230 832
1230 397
781 1231
781 644
781 780
781 456
781 54
781 1232
781 645
781 834
595 1233
16 1234
16 1235
16 1236
16 1237
16 656
1238 894
1238 707
559 1239
559 154
768 28
768 29
735 900
1240 57
1240 526
1240 828
1240 91
1240 1241
1240 263
1242 1021
1242 474
1242 473
1242 1243
1244 692
1245 1215
1245 980
1245 968
1245 318
314 894
314 150
314 515
1246 572
1246 803
1247 590
1248 764
1211 386
1211 1227
1249 626
1250 375
1251 23
1251 1252
1251 25
1251 474
1253 485
1253 1254
1253 184
1253 1088
628 1255
1256 735
600 1038
600 601
93 1053
1257 773
1258 926
1259 769
1260 908
1260 799
1261 550
613 6
613 110
1262 550
87 355
1263 867
1263 945
1263 946
122 854
604 425
1264 745
1265 444
1265 1158
1266 120
1267 406
1267 185
21 933
21 1239
21 1268
21 925
21 1269
631 1270
1271 1272
1271 98
1271 873
1271 1199
1271 1164
1271 1163
1273 840
1273 1274
1273 282
1194 54
1275 1005
1275 222
1275 220
178 894
178 150
178 80
1276 1045
1277 603
392 509
392 402
1278 580
1279 261
1036 874
1036 1280
664 47
1120 259
1281 758
939 320
826 1282
536 929
536 61
108 621
1283 389
18 130
1227 355
1284 79
1284 1285
1284 1286
1284 103
1287 388
955 489
124 687
1288 1289
1288 140
1288 875
1290 1268
1290 926
1291 218
1291 219
136 1062
136 18
136 61
136 59
136 135
1292 1293
1292 1294
1292 1295
1292 344
775 152
1296 283
1297 97
1298 598
1299 1201
1299 11
393 170
393 735
393 509
393 1129
1300 425
1300 293
1301 1302
732 729
732 731
732 163
732 113
732 143
1303 186
1303 1030
1303 1136
1303 995
1304 894
1304 1305
147 213
147 346
147 452
147 395
1306 444
1307 460
1307 141
607 506
607 89
607 1053
585 654
850 567
850 998
1308 647
1309 952
929 1310
929 718
1311 614
1311 615
1311 1210
1312 697
1312 854
1313 391
1314 615
1314 494
189 1315
189 892
1316 463
1316 72
1316 1317
1316 261
1318 293
1319 138
1319 544
1319 1320
1321 1007
1321 413
404 1322
1323 1324
1323 78
1325 1317
1325 978
1326 394
1326 346
1326 395
1327 929
747 1328
818 829
1329 64
1329 567
1329 566
1330 16
773 770
773 1302
525 692
525 1331
525 517
1332 394
69 70
69 1333
69 1334
69 1335
1182 30
1182 864
1182 517
1336 1337
1336 667
1336 496
738 381
738 1338
738 1339
738 529
738 16
330 34
1340 117
1341 798
1341 731
1341 573
1342 1093
1343 639
1343 1344
1343 543
1343 89
1285 484
1285 1078
1285 1286
1285 1111
435 333
894 440
894 852
894 706
894 312
694 91
694 1343
694 703
694 93
1345 971
1346 347
1346 1179
625 1347
527 350
1348 100
1349 67
1349 80
349 1203
349 1350
349 288
1084 1082
193 58
1351 846
1352 1343
1352 283
1352 386
1353 654
1353 781
513 455
513 956
