1553 10725
0 1
2 3
4 5
6 7
8 9
10 11
12 13
14 1
15 5
16 17
18 13
19 1
20 7
21 11
22 23
24 25
26 13
27 23
28 29
30 13
31 32
33 25
34 25
35 11
36 1
37 38
39 32
40 41
42 38
43 41
44 45
46 38
47 41
48 1
49 1
50 23
51 23
52 29
53 54
55 5
56 17
57 54
58 23
59 17
60 9
61 62
63 41
64 54
65 38
66 41
67 1
68 38
69 70
71 41
72 11
73 54
74 75
76 45
77 29
78 75
79 80
81 13
82 45
83 1
84 13
85 23
86 7
87 29
88 11
89 3
90 62
73 1
91 1
92 25
93 80
94 5
95 11
96 7
55 70
97 3
98 38
99 54
100 80
101 1
102 17
103 5
104 38
105 32
106 25
107 17
108 17
109 62
110 11
111 32
112 25
113 70
114 17
115 54
116 70
117 3
118 41
119 9
120 62
121 80
122 62
123 41
124 29
125 1
112 13
126 13
127 13
128 13
129 80
130 80
50 5
131 3
132 54
133 45
134 5
135 17
136 62
137 1
138 38
139 75
140 3
141 32
142 80
143 9
144 3
145 9
146 23
147 29
148 17
149 80
150 54
151 13
152 32
153 7
154 75
155 38
156 45
157 62
158 80
159 38
160 13
161 11
162 23
163 9
164 32
165 13
166 38
167 32
168 32
169 9
170 62
171 62
172 45
173 17
174 17
175 3
176 1
4 13
177 5
178 7
179 29
180 62
181 13
182 62
183 9
184 54
185 1
186 3
187 17
188 13
189 13
190 29
28 11
191 29
192 7
193 3
194 5
195 29
196 75
197 32
198 9
199 80
200 45
201 11
202 1
203 9
204 5
205 38
206 75
207 17
208 29
209 45
210 62
211 13
212 1
105 23
213 7
178 45
214 32
215 70
216 45
217 3
218 25
219 7
220 3
221 70
222 5
223 13
224 75
225 5
226 45
227 5
228 38
229 32
133 23
230 70
231 7
232 45
127 54
233 41
234 5
235 3
236 7
237 45
238 11
239 75
240 29
241 17
242 70
243 25
244 7
245 54
246 13
247 32
248 23
249 23
250 11
251 25
252 45
253 75
254 75
255 5
256 5
257 9
258 3
259 25
260 7
247 80
261 54
262 41
263 25
264 7
265 17
266 38
267 41
268 3
269 54
270 23
19 45
271 41
48 23
272 62
273 45
274 13
275 38
276 11
277 45
278 75
279 13
262 5
280 1
281 32
282 1
212 11
283 70
284 23
285 11
286 1
287 32
288 5
220 80
289 7
290 3
291 70
292 11
293 80
294 7
295 9
296 9
297 62
298 9
299 32
288 7
300 17
301 3
302 29
303 23
304 23
69 38
305 1
306 32
307 70
308 3
309 38
310 11
311 70
312 3
313 70
314 54
315 5
195 32
316 41
317 17
318 9
319 29
320 41
321 41
322 23
20 13
323 23
324 62
325 45
326 25
185 23
327 41
328 23
329 54
330 80
331 45
332 45
333 38
334 3
335 62
336 45
337 45
145 54
338 32
339 17
340 54
341 7
342 3
343 13
0 38
344 11
345 75
346 32
244 1
347 17
348 70
349 70
350 25
351 75
352 70
353 80
354 54
341 70
355 62
200 32
356 75
357 38
358 41
164 38
239 62
359 11
360 1
361 5
311 17
340 29
362 70
363 5
123 9
364 1
365 41
366 17
367 54
30 75
114 54
368 75
369 7
370 25
371 25
372 5
373 70
374 41
375 70
357 7
371 11
353 75
376 1
377 75
346 11
378 11
379 75
380 38
381 5
382 45
383 75
384 13
385 1
386 5
387 9
388 25
389 9
390 32
391 25
392 41
393 29
394 23
395 7
396 38
397 32
227 54
398 23
278 1
363 25
306 1
399 3
400 11
109 29
401 17
402 70
403 13
130 7
404 41
405 11
406 80
407 80
408 70
409 7
404 75
410 23
402 54
82 11
277 25
334 62
411 32
412 62
413 23
359 5
414 11
415 17
416 75
417 45
418 1
419 5
395 75
420 17
421 75
422 70
423 80
207 5
424 17
76 38
2 13
425 9
426 5
427 75
428 1
429 80
430 1
431 25
432 54
433 3
4 3
434 62
435 11
436 13
437 38
35 1
95 1
438 17
439 32
440 23
441 23
412 5
442 23
443 7
444 54
301 29
445 17
323 32
446 1
447 41
279 38
448 62
341 29
420 9
449 7
31 13
450 5
197 62
451 13
452 23
453 75
454 5
381 9
455 5
327 29
277 38
456 3
457 11
458 54
459 70
412 70
460 80
461 38
448 11
197 7
149 29
462 38
49 7
463 70
464 54
465 29
466 1
467 25
230 62
468 7
469 41
470 45
8 25
346 62
471 1
472 3
473 11
474 11
387 7
274 70
475 11
476 1
477 25
478 7
422 41
302 25
479 29
480 3
481 32
482 25
483 3
484 23
485 13
486 45
487 29
488 80
489 7
490 38
465 1
279 23
142 41
491 38
492 32
493 38
353 62
494 23
495 23
496 3
497 70
498 17
499 25
500 1
501 70
326 32
79 32
502 17
503 23
325 38
504 25
505 75
43 25
506 45
507 13
243 17
508 11
509 29
338 41
510 54
26 80
511 54
171 13
512 75
513 11
315 62
465 70
232 75
514 7
371 5
515 54
456 5
516 25
517 70
90 23
518 13
519 3
520 38
521 38
316 11
399 17
522 41
523 17
99 25
503 80
524 54
525 45
526 23
527 29
43 70
528 32
154 45
529 17
530 62
531 29
532 3
487 41
533 9
534 13
27 70
364 80
535 5
469 5
536 75
537 41
538 3
539 54
499 70
95 29
339 1
183 3
540 41
541 11
542 25
543 3
544 38
358 3
214 11
545 38
546 70
547 75
548 80
549 75
550 70
551 5
552 23
553 29
189 23
42 13
554 25
555 38
556 1
557 23
558 45
559 1
560 80
561 13
40 5
55 25
145 62
562 38
563 80
459 23
333 1
564 62
439 3
217 32
565 80
566 38
567 1
568 70
569 54
570 75
382 1
571 80
572 5
229 45
240 23
573 45
574 3
575 1
576 13
577 17
300 25
192 1
108 11
578 5
579 80
580 11
581 70
582 45
312 17
583 11
584 1
585 54
586 29
587 25
588 41
589 5
590 17
591 29
144 13
331 11
380 5
592 3
349 23
593 1
594 29
595 38
63 13
596 80
597 9
351 3
281 38
325 1
598 54
599 13
206 5
134 23
600 23
601 29
133 9
602 62
603 80
42 25
604 38
605 32
606 54
607 23
608 32
609 75
610 38
611 70
612 13
181 25
613 62
614 62
443 75
361 7
615 62
612 75
355 11
616 62
617 29
618 29
619 32
620 7
259 62
621 1
270 54
622 80
623 5
282 32
208 70
624 29
625 17
626 1
627 5
275 1
628 5
629 5
570 11
630 17
351 45
631 45
338 25
632 45
633 29
634 80
635 70
46 3
636 3
493 17
507 5
357 32
637 13
505 5
471 38
638 11
639 45
640 17
641 3
99 70
642 13
342 32
114 70
643 75
644 9
645 9
39 29
646 75
647 9
648 25
191 70
649 38
650 5
600 80
346 75
637 75
153 80
651 32
652 62
653 25
654 23
655 25
656 9
657 54
658 17
659 11
660 17
286 7
661 7
662 17
663 45
664 3
435 45
665 3
231 41
605 62
666 9
667 25
564 41
668 75
669 9
670 29
671 9
381 13
532 9
672 41
673 25
674 80
390 1
675 7
676 3
639 3
677 70
526 5
442 75
33 5
352 80
678 3
679 29
680 41
681 1
682 80
683 75
470 5
684 25
156 7
685 5
431 38
180 41
686 5
687 41
249 80
688 32
689 62
226 17
690 17
691 3
692 1
693 3
172 80
145 1
694 23
695 25
696 13
198 5
697 75
478 62
698 32
699 9
271 70
700 70
701 13
203 32
702 11
575 45
703 70
704 32
705 3
26 70
706 32
707 38
291 75
708 17
292 75
709 62
710 80
518 11
711 3
712 3
194 38
713 23
714 54
715 80
556 3
716 23
153 1
717 38
718 9
719 13
720 7
721 9
663 3
722 1
90 38
374 25
723 13
146 41
698 41
724 3
725 41
726 5
727 17
728 23
729 7
730 80
126 32
731 75
732 23
386 25
426 70
733 32
390 75
734 38
16 41
115 3
350 11
255 38
735 75
736 41
737 70
547 1
242 32
738 7
177 13
87 17
296 13
739 38
324 54
740 80
53 32
741 3
742 13
743 32
744 17
745 32
746 9
747 7
103 3
748 3
397 5
749 80
750 54
751 23
752 29
753 62
754 5
755 54
335 29
756 32
622 23
307 80
757 38
63 25
758 38
492 7
759 38
760 23
761 7
762 41
372 80
763 23
764 75
765 80
766 38
579 23
767 75
768 25
450 3
348 45
769 70
770 75
287 9
771 11
772 80
773 70
216 32
774 13
775 1
197 5
776 70
777 38
600 3
157 3
341 23
778 70
693 5
734 3
779 11
780 17
781 80
782 45
642 70
714 11
783 17
784 9
785 41
101 3
786 62
787 38
617 25
788 25
169 45
789 80
790 54
791 38
499 38
792 23
793 41
733 38
106 75
794 62
619 70
795 80
796 7
797 9
798 54
332 9
677 54
799 13
775 70
800 3
696 38
801 7
802 29
803 11
804 70
227 25
151 75
805 70
806 5
123 23
539 75
707 75
585 25
254 25
807 29
808 7
309 7
809 11
810 54
811 80
812 32
813 25
374 11
289 75
370 13
814 9
690 29
815 32
593 80
225 17
816 17
817 41
629 11
818 7
819 41
235 7
820 23
821 29
48 80
822 62
578 25
823 1
824 3
825 54
231 1
826 32
413 17
827 54
828 54
829 29
830 3
333 45
831 80
643 7
832 32
833 25
280 9
834 75
835 32
836 13
92 13
837 7
838 13
839 9
294 75
367 7
840 45
724 23
616 5
168 25
841 17
788 41
842 23
843 54
844 41
845 80
299 45
846 23
847 41
547 32
715 5
848 80
79 75
467 80
849 17
692 45
850 23
851 9
466 9
852 80
81 62
853 32
155 70
580 41
84 25
594 75
626 45
510 1
854 3
855 62
354 23
856 41
489 25
857 80
107 70
638 54
858 38
125 62
859 62
860 80
861 38
550 1
862 75
686 70
863 17
864 3
403 17
121 11
773 9
865 38
866 7
44 41
436 70
251 17
2 5
867 7
868 13
869 17
870 3
871 7
808 17
872 7
873 7
98 25
525 17
295 3
874 3
875 54
876 80
877 13
878 17
879 45
880 75
33 32
51 11
881 45
576 29
572 54
882 17
883 23
884 13
130 5
885 3
476 38
886 38
887 62
664 75
888 25
889 7
188 5
890 5
743 29
563 41
891 9
892 23
780 3
893 70
894 54
188 32
895 7
896 3
50 25
460 3
152 70
169 17
897 3
93 25
328 45
898 17
479 7
674 25
899 23
261 62
900 17
901 32
902 62
655 45
630 80
903 7
214 70
378 32
904 70
134 13
769 80
905 38
906 13
231 11
726 9
502 75
405 80
343 62
386 32
907 32
908 13
909 62
910 45
775 11
767 13
911 32
251 5
445 5
639 62
751 45
912 25
758 7
723 29
913 13
282 70
651 75
914 7
178 41
61 80
915 3
916 80
554 7
83 32
384 23
785 45
439 5
141 54
917 1
918 54
639 80
793 75
341 54
462 7
66 70
919 32
920 3
170 75
921 54
922 32
923 29
910 1
598 41
924 17
335 45
925 3
926 9
110 32
720 75
927 45
928 5
908 11
929 25
405 70
440 38
930 5
931 70
932 11
681 75
933 1
541 25
823 54
934 23
935 11
831 25
936 25
937 62
641 7
938 9
939 25
186 29
940 23
139 23
329 5
941 41
942 75
943 29
269 5
355 38
10 23
944 7
763 62
484 11
283 54
353 38
414 23
285 23
945 7
946 75
551 7
68 25
573 23
682 62
947 62
948 25
538 45
215 5
124 5
949 41
859 29
950 80
402 13
951 70
37 32
952 13
953 38
876 7
377 62
780 80
308 23
954 5
955 17
862 54
956 9
957 41
744 7
958 38
959 1
739 32
960 70
263 1
961 9
962 17
572 11
963 17
964 32
515 80
859 9
344 25
592 75
122 41
965 32
966 17
967 11
756 80
392 13
968 1
969 1
337 5
803 9
970 45
971 9
190 75
972 45
973 17
974 7
975 3
976 1
175 11
798 23
84 32
102 45
186 23
884 25
977 1
978 1
979 62
980 32
211 38
981 75
97 45
768 41
982 38
983 38
984 32
985 45
483 9
986 38
987 23
120 23
988 70
989 17
18 11
705 41
990 38
991 45
627 29
706 5
992 41
993 45
994 23
995 25
996 70
50 45
997 54
457 9
506 7
346 9
998 9
999 7
1000 45
690 3
1001 3
1002 3
1003 70
710 7
69 75
1004 32
1005 54
393 80
660 13
762 32
65 45
1006 80
931 5
709 11
842 17
863 80
363 23
192 25
1007 70
1008 25
40 38
1009 7
561 32
1010 7
307 29
286 41
726 17
66 29
1011 62
877 70
387 3
1012 7
1013 5
137 38
588 70
1014 80
128 7
902 29
146 3
980 80
135 29
1015 62
1016 5
1017 7
793 13
619 25
958 11
174 9
444 41
556 17
232 70
281 3
1018 1
678 38
971 75
1019 29
727 29
204 7
934 13
1020 13
1021 3
332 1
1022 70
1023 41
1024 17
323 45
1025 17
250 45
923 45
1026 11
297 7
443 9
352 7
591 70
1027 80
991 25
932 1
106 7
102 9
812 9
1028 25
327 70
1025 45
1029 54
1030 29
1031 5
858 54
904 13
1032 9
1033 41
1034 23
346 17
378 23
1035 45
1036 13
326 45
583 25
168 17
1037 62
1038 7
250 80
358 1
497 25
435 62
1039 23
641 45
975 80
1040 70
1041 11
219 62
414 32
643 32
1042 3
1043 45
317 70
1044 11
22 70
459 1
1045 1
1046 25
1047 13
1048 25
1049 41
1050 7
1051 32
1052 38
105 25
897 17
248 41
128 62
1053 13
1054 75
948 45
1055 1
899 1
1056 25
65 1
1057 23
876 5
659 70
579 1
1058 70
413 54
378 29
1059 41
1060 75
823 45
253 5
864 23
664 1
1061 70
1062 54
187 75
1063 5
345 11
1064 54
549 25
319 80
1065 3
925 9
966 29
190 41
940 3
1066 25
719 5
772 62
591 80
1067 70
1068 75
1069 9
455 23
559 9
775 62
1070 11
579 9
397 62
597 38
164 80
1071 41
1072 38
1073 54
1046 3
693 11
1074 1
1075 45
617 3
1076 1
676 23
1077 1
1078 23
1079 54
1080 25
213 9
1081 29
1082 80
198 70
176 45
604 54
553 17
18 80
1083 7
1084 62
743 7
1085 11
837 32
710 11
624 25
1086 62
203 54
299 23
335 23
1087 13
1088 45
1089 75
1090 23
1084 32
127 11
1091 7
717 7
131 41
91 23
574 29
1092 17
110 41
853 3
1093 13
1094 32
1095 62
744 1096
519 13
1097 32
1098 1
1099 80
707 5
214 41
1100 75
888 80
732 45
1101 45
738 70
1102 9
1086 54
1103 29
602 9
138 5
1104 75
650 70
979 3
1105 70
1106 1
680 32
358 17
774 38
1107 54
374 5
1108 11
1109 45
1034 70
432 1
519 1
229 54
928 62
854 62
416 9
71 23
375 1
839 17
869 1
1001 5
1110 45
1111 29
1021 29
1071 3
1029 80
996 29
1112 62
930 32
580 3
1113 17
1114 32
905 29
210 80
165 1
965 3
463 3
1115 7
705 29
1079 17
945 13
874 75
951 38
995 5
1116 38
1071 29
1070 7
1117 70
1060 38
908 80
897 13
393 75
1118 5
1119 25
1120 70
995 70
350 41
603 70
1121 5
68 7
711 32
787 45
1122 29
504 13
839 32
232 7
394 80
1123 23
992 75
56 3
550 23
1124 70
1003 11
409 32
1125 5
1126 41
685 80
1046 5
1127 80
285 62
891 45
1128 45
721 41
635 54
209 80
524 17
1129 25
157 70
79 3
796 11
1130 11
1131 45
203 38
1132 54
818 80
1133 75
1134 75
185 80
464 25
254 17
227 23
177 9
1135 75
864 7
426 9
1136 32
343 45
1137 7
1138 29
252 9
505 80
1139 5
1140 5
1141 45
928 41
611 29
1142 11
913 80
1143 80
1144 32
1145 29
1146 32
1147 23
1148 38
903 54
24 75
1149 80
1040 1
1022 32
93 23
1150 3
421 13
1032 11
1151 25
698 13
1152 23
249 32
179 13
865 62
1072 3
1153 70
755 75
1043 3
1154 23
940 17
915 11
1020 70
1142 25
390 70
1155 45
573 54
648 29
570 23
1156 38
476 41
1059 38
680 1
651 3
1022 9
1157 41
1158 38
175 1
1159 75
1160 45
1094 41
1161 45
1162 54
1163 23
1164 29
1165 75
1166 9
106 41
318 11
562 80
1167 23
1168 1
1169 1
900 3
1033 1
608 11
855 80
1170 9
908 7
199 3
986 23
1030 54
373 75
1171 1
1172 75
1156 80
293 62
830 13
1173 17
1174 1
779 80
290 5
162 5
1130 1
804 45
1105 7
664 23
1175 75
548 23
1176 70
30 5
1177 29
1178 32
1179 54
1180 9
1181 5
175 80
113 7
1182 13
608 62
1183 13
738 1
1184 23
1024 62
1020 45
1185 32
224 17
106 23
180 13
745 17
252 41
266 11
962 62
594 32
201 80
1186 70
1187 25
1181 70
602 13
448 3
1188 62
379 32
1189 11
486 25
692 3
461 62
460 29
655 17
1190 23
249 7
64 11
531 38
183 80
1191 80
1192 25
775 5
209 25
1193 45
956 80
367 23
813 1
221 38
417 3
1194 5
586 5
521 80
342 7
1195 13
1196 70
663 11
243 1
71 38
1197 1
1198 17
461 13
180 70
160 25
1153 29
984 17
87 7
145 45
751 1
848 13
654 45
88 54
1199 38
1158 29
1200 9
1201 80
101 38
1202 11
693 62
955 29
742 32
970 62
787 62
290 7
218 5
1203 29
1204 38
1186 25
1205 32
542 32
123 32
1206 54
1207 32
1208 75
806 7
652 45
1209 70
319 23
1210 45
691 1
698 5
1211 13
1054 7
335 3
674 7
544 23
440 13
941 75
1212 17
34 1
1141 9
1213 5
127 25
917 80
312 70
1214 1
592 11
1215 32
883 1
525 23
211 80
1216 17
1217 5
1218 38
819 38
352 41
1089 29
1219 62
670 17
1220 1
261 29
1047 62
994 25
1047 32
639 75
116 41
767 62
545 13
1221 54
43 13
276 9
1222 13
995 54
310 13
809 9
1223 75
925 70
810 23
806 11
1224 13
373 1
1083 13
865 17
1225 1
51 54
728 54
21 70
899 32
55 23
519 23
1226 62
1130 75
1227 29
750 23
1199 7
214 25
921 38
666 38
327 45
21 75
937 5
1220 3
1228 25
613 5
571 7
1229 9
273 13
1230 70
781 75
1231 3
154 54
1155 13
1232 11
470 62
1233 38
550 17
594 41
218 7
337 1
474 23
302 41
389 80
930 75
1234 25
786 25
40 11
688 17
936 23
1126 3
1106 23
497 41
245 23
785 7
685 13
1135 3
95 38
493 25
1235 80
709 3
499 29
857 25
1236 38
1237 7
790 1
745 13
71 62
1089 11
654 7
1238 41
1073 70
1239 11
161 70
1028 54
1222 32
1240 25
1241 62
278 5
1242 1
784 11
167 80
918 11
825 38
220 32
1052 9
713 25
1243 25
1244 29
316 80
61 38
984 25
764 32
1245 70
653 1
869 7
1052 62
1246 11
1217 32
158 29
605 11
1247 70
1248 9
592 25
767 54
257 17
40 32
363 29
624 70
721 54
1249 32
845 5
1250 32
516 17
754 62
893 11
972 70
972 75
202 29
854 75
885 9
515 7
772 29
737 13
939 5
1251 41
1252 62
1184 70
237 3
1068 41
858 3
654 41
52 9
152 17
933 17
932 9
790 17
1253 7
556 7
193 38
610 7
838 25
666 3
206 25
597 45
1254 29
936 1
927 41
612 29
427 32
1255 80
667 5
735 7
1022 75
1256 32
946 25
1134 38
773 25
825 11
453 11
626 25
799 9
1017 1
1228 29
969 29
963 62
887 5
347 9
1257 7
6 32
1258 17
488 7
400 23
1259 11
559 29
1086 38
1260 1
532 13
1261 62
264 23
481 70
310 7
815 3
1262 25
1263 7
1222 17
1264 5
1265 3
1258 54
296 45
1266 7
1079 62
1267 32
193 70
1268 9
1085 70
1251 23
1269 75
1270 11
895 9
1271 25
1272 80
1193 11
1273 3
1087 7
1036 5
1220 5
1274 5
718 23
274 75
1125 54
1275 7
392 70
572 62
1060 23
293 13
398 1
742 5
1180 7
1276 45
888 29
260 62
363 62
361 3
805 1
53 29
1277 3
115 23
1278 41
1269 32
721 11
170 13
648 62
252 1
1279 62
1280 38
455 7
181 7
1005 23
618 41
906 25
349 62
833 29
606 29
1281 70
173 11
253 13
395 9
590 32
428 62
1282 23
1283 62
796 1
1021 32
1284 11
844 25
388 11
1244 45
1027 32
810 25
353 17
578 1
1285 70
37 23
34 23
122 75
487 70
1286 13
848 75
0 9
1259 25
1113 25
1002 17
1287 29
1288 17
596 38
1289 75
59 11
964 38
392 32
689 9
473 38
78 41
673 1
1290 80
292 7
1236 7
1051 9
1168 25
1185 38
616 25
1291 25
467 5
228 3
1056 62
1127 70
1292 5
607 1
294 13
84 41
616 3
166 29
892 32
856 80
1293 32
447 7
1294 41
1287 5
895 3
359 80
1295 3
844 32
490 11
1296 80
933 9
1297 70
1263 23
957 13
1288 13
474 25
1298 23
605 13
298 5
288 38
603 1
258 62
1041 3
339 32
1299 7
277 9
284 7
1300 32
1301 11
1302 9
740 3
315 75
1303 7
872 5
1304 25
1053 54
1305 1
595 9
788 32
1293 9
728 45
954 38
1058 23
637 1
1306 62
1307 9
576 32
1308 13
1078 5
935 25
511 62
465 3
1309 11
658 38
373 54
97 23
790 41
1310 29
1110 41
448 9
1311 45
102 70
1294 9
1063 75
536 3
984 45
1312 38
965 9
1313 38
879 80
1314 23
152 25
1315 7
530 25
1062 9
1316 23
1317 70
1318 1
875 13
1234 29
1319 38
349 1
1230 5
760 54
1320 13
1321 5
951 25
1322 7
736 38
1079 80
1204 70
540 7
297 80
420 1
892 9
408 25
876 23
935 1
336 54
482 80
1323 9
1324 80
741 80
1174 32
723 23
670 45
236 17
1188 38
1325 9
1326 9
97 32
189 17
875 70
948 29
666 7
1214 25
822 7
1131 54
555 80
952 38
548 38
220 23
1327 70
1328 13
795 9
171 3
1329 17
653 41
456 80
1162 1
1031 29
1290 32
562 17
202 32
886 1
154 13
1134 5
1330 23
1331 5
625 70
1329 25
610 25
518 3
871 62
242 23
398 3
256 54
1332 9
1333 17
1334 54
743 5
850 62
1335 11
631 62
1336 13
553 45
1337 9
913 11
1062 7
125 38
523 5
669 32
651 29
1221 29
472 5
1291 5
1226 11
665 45
1037 5
653 45
246 17
1338 75
1129 80
855 11
1339 70
408 80
632 29
871 38
1266 54
1118 32
591 13
459 80
1017 9
310 3
894 62
478 41
1340 29
1269 5
49 75
1341 11
457 70
198 1
1342 11
1343 54
564 23
694 7
735 41
1090 32
1225 54
1325 41
600 5
1341 23
624 9
1098 9
1324 13
1259 3
841 70
1344 9
961 62
1345 11
1346 3
1347 3
540 5
661 11
1348 38
242 62
1253 62
901 23
1231 75
378 3
1217 75
1283 9
1290 5
366 3
730 41
1320 23
1349 1
238 1
265 80
1173 29
570 70
1272 3
889 23
1222 41
586 7
141 25
97 80
1240 45
1091 62
1263 41
931 32
717 1
1350 13
1351 62
1317 3
614 25
1352 1
761 62
0 41
349 54
645 80
1353 41
446 9
926 54
172 1
563 1
1090 1
1354 11
793 11
535 9
990 1
824 41
55 7
834 25
1069 17
1275 54
654 25
1005 80
1036 32
143 25
245 13
1099 9
1347 70
644 7
1355 29
856 1
210 7
1356 62
88 7
716 29
960 5
491 75
1357 5
1101 1
257 23
1237 38
661 45
1358 29
591 38
1273 41
858 45
1138 54
1323 70
260 38
42 45
334 13
431 11
379 29
1359 38
716 3
259 45
1140 38
973 23
1360 54
1361 45
1362 80
601 70
840 7
917 45
1010 29
891 75
1363 7
509 25
943 9
1190 3
428 45
31 1
1364 54
1202 23
149 3
1181 45
793 23
562 62
1268 7
496 29
1332 29
777 70
947 9
1309 25
1097 45
900 38
1365 1
1366 13
633 1
1367 7
1368 45
1369 17
610 13
259 1
39 80
1146 29
791 13
1169 11
1282 32
894 5
1370 5
746 23
724 75
237 7
1371 70
1287 75
461 9
1372 62
762 54
344 80
1373 41
635 25
204 23
1374 3
889 29
48 54
919 80
1253 1
776 54
1367 32
1053 32
544 9
126 29
825 45
1375 9
1376 5
73 41
1024 32
1377 25
860 54
129 25
725 9
1169 75
642 9
1176 38
1032 41
1238 9
85 41
1182 54
1004 3
1378 23
306 23
1313 1
838 45
499 3
770 25
95 7
46 11
1379 38
1327 7
1072 11
505 32
1167 32
1380 13
136 23
705 38
543 17
710 29
1002 38
828 70
320 62
199 29
953 3
294 54
6 3
447 17
104 45
1381 80
436 29
671 38
714 41
163 75
128 25
1382 11
437 80
1383 45
1384 70
1385 11
873 29
868 25
142 38
749 7
626 75
672 70
566 41
1136 45
1000 29
1386 45
1387 7
1388 23
1389 17
401 38
1210 62
976 38
12 62
194 54
571 29
1324 5
926 13
1390 70
175 9
1224 80
525 11
1076 45
1391 80
225 70
410 17
125 13
1080 5
212 3
1392 41
599 41
1298 75
964 7
954 70
533 32
1393 25
584 23
983 11
314 9
1394 32
1395 17
404 13
555 54
1171 17
210 70
718 70
1176 25
1205 38
629 62
30 45
421 38
1003 7
627 62
400 1
1396 80
625 80
636 11
370 80
1077 29
1397 1
1398 41
450 9
1399 7
1154 17
918 25
326 41
170 45
1400 25
613 17
621 29
225 23
1401 80
753 25
118 25
978 41
451 5
637 32
1154 41
1193 62
1089 45
1215 70
1276 23
857 62
593 54
1117 29
867 11
658 70
484 25
781 9
967 62
1349 54
1271 7
466 11
312 38
200 80
806 13
1402 23
989 38
762 5
8 41
1109 70
46 13
37 25
1301 5
1311 5
1135 32
1051 7
1229 25
1403 1
909 54
18 62
978 62
1404 75
1350 11
836 5
1280 3
269 62
530 1
192 29
386 70
1148 62
152 41
526 29
1386 7
1071 75
139 45
1405 62
1339 17
14 9
243 70
63 75
1220 25
1117 54
1319 25
1247 25
1162 45
1084 45
513 17
613 32
779 25
874 62
897 23
247 29
1406 32
1144 17
622 5
1359 32
191 75
1404 45
951 23
1306 75
1407 17
753 70
956 41
840 41
1351 38
379 45
952 17
576 75
1158 23
1408 11
1409 7
638 25
635 62
1373 11
1410 23
614 5
453 32
196 38
633 9
1025 75
348 38
840 75
1020 11
325 29
620 54
188 29
1411 38
819 70
122 23
967 38
1412 25
1413 29
1414 80
460 7
408 17
422 62
1116 45
620 38
508 70
525 13
724 32
1415 13
1416 11
424 45
804 3
1042 13
952 41
1417 75
258 1
1073 80
1398 54
168 70
1418 38
296 32
1298 62
1019 17
552 9
1362 32
1195 7
805 7
1419 23
584 80
832 23
473 45
168 41
1196 7
728 1
523 1
1376 13
156 5
830 62
1420 23
1130 17
169 25
205 54
916 23
441 54
1195 25
524 45
1413 38
258 38
494 75
1311 23
632 38
1421 38
1422 80
595 13
1423 13
559 5
746 32
701 5
1424 32
1242 41
1425 54
18 9
87 1
1036 7
703 9
313 62
1178 11
1426 13
604 5
1427 17
1196 80
406 1
1362 11
1123 25
1251 45
1026 62
1414 13
1076 32
509 41
245 32
1147 75
759 9
1156 3
1191 7
161 29
109 9
1097 38
996 25
624 23
905 17
585 17
676 29
1355 70
527 5
144 45
635 13
820 75
1129 11
515 23
1166 29
1087 1
808 41
882 5
102 3
911 23
1208 3
1428 75
1343 11
793 32
1089 23
377 70
1200 41
1194 32
1417 13
1186 41
1197 11
1429 13
866 45
95 45
472 17
522 62
458 41
1213 70
1145 54
455 70
458 7
1148 13
854 11
1430 54
738 54
802 45
794 29
1431 41
201 1
1262 62
260 1
1373 9
774 45
1163 11
155 13
1378 5
1312 5
558 23
943 25
671 1
149 7
846 3
74 25
651 1
1313 75
564 17
1387 38
36 75
608 45
814 11
1104 32
893 7
858 23
936 17
355 7
1170 45
501 25
1432 3
153 38
1423 5
1235 17
967 9
24 5
1424 29
1426 3
1241 1
1192 13
1026 29
784 54
1190 32
1107 23
1433 70
205 25
421 17
230 75
424 29
1057 80
1280 75
1234 41
563 17
1434 3
769 25
422 5
640 80
1427 1
979 17
1197 62
265 38
1274 54
436 11
650 41
1435 23
1436 75
620 80
369 41
687 32
853 1
565 45
280 45
1329 41
1437 3
610 45
576 62
1438 54
812 62
1437 62
1396 25
206 17
37 70
1195 70
435 54
574 1
647 25
300 70
494 32
1436 38
1333 54
694 11
668 80
1154 38
1141 13
894 17
1439 17
598 38
909 25
1107 7
1232 7
1393 54
92 38
1114 29
176 38
1359 13
444 62
1104 41
805 32
1240 75
1440 11
812 45
195 70
756 25
1091 38
1319 3
883 29
405 75
181 17
942 17
1302 3
1348 32
1308 11
362 38
1033 3
1441 13
1061 54
1442 5
970 1
976 75
88 9
1094 1
484 32
686 75
1443 45
1142 75
728 75
481 38
1183 62
772 7
1075 70
1391 5
1425 3
1238 13
1429 80
254 62
758 13
1432 75
699 38
221 29
1444 41
1150 7
384 3
223 17
896 45
1445 38
672 29
244 62
1292 32
112 29
1446 7
272 7
1441 29
607 62
1257 32
767 38
733 45
560 45
990 62
340 17
1371 9
671 32
1447 17
893 32
918 32
1118 1
1439 32
1077 11
538 1
1083 11
478 17
1272 1
1315 17
73 9
929 41
99 45
1102 75
194 75
382 38
933 41
551 3
523 75
433 7
1396 3
1443 54
1219 29
1448 70
615 3
1292 17
725 23
577 38
1299 9
1449 32
809 25
1450 75
994 9
1451 3
443 25
746 25
663 32
135 38
275 45
1452 3
674 75
839 70
1453 45
137 3
649 45
1163 1
860 32
462 3
1453 80
1093 45
235 45
935 80
1306 41
1110 38
790 45
100 7
1454 80
1455 1
1038 54
360 25
1164 11
1438 45
1122 80
56 25
508 9
756 41
1249 3
585 45
609 80
1451 38
573 17
437 25
135 41
1138 11
134 32
85 13
599 62
1439 62
157 17
669 45
783 38
967 54
717 3
868 7
1310 9
1456 17
880 11
822 80
376 13
169 54
575 80
1437 25
529 13
1130 38
616 29
439 17
514 54
613 75
534 9
1028 29
356 5
479 5
1457 25
1458 45
1270 5
645 38
704 80
1172 62
1459 38
982 11
136 54
853 11
1182 23
1356 45
1079 41
190 62
489 41
903 38
954 13
234 62
499 80
841 7
83 9
1460 5
781 62
1394 62
395 25
561 70
1041 7
1203 7
1049 1
1226 3
334 70
852 3
1461 3
889 41
183 5
1095 29
514 17
553 62
1131 13
1462 5
1463 62
276 3
1210 75
645 23
770 17
1083 80
642 25
1464 75
1465 29
1314 41
224 11
1225 75
1232 38
593 38
385 29
664 38
218 11
897 7
213 5
1273 9
791 54
1318 32
501 3
1000 3
1448 5
713 11
1191 75
1466 45
170 9
1322 23
1467 17
920 32
925 11
652 32
977 80
157 5
580 29
375 5
1095 3
975 54
1450 54
870 80
813 54
1221 45
1111 62
1264 70
1379 80
1170 13
1272 54
596 23
630 25
473 7
893 5
711 1
165 80
667 75
886 29
347 41
1039 45
1386 70
1468 25
635 75
73 23
114 25
1453 7
819 45
1379 25
201 41
1469 62
1470 38
960 41
880 41
1311 75
43 7
1471 3
1296 23
1240 3
878 5
734 23
1314 7
1472 23
266 29
1080 3
179 32
1173 38
415 29
55 17
1473 13
1474 17
462 9
1475 32
166 3
227 62
1384 41
903 9
987 3
810 7
707 1
1170 5
1169 7
298 25
290 38
644 11
166 25
1144 80
1476 13
545 70
518 45
1124 32
304 29
488 54
130 62
765 75
495 29
634 3
558 13
272 13
1018 45
880 70
480 9
1299 32
1198 70
1477 23
35 62
24 70
1404 25
1411 9
546 23
209 29
1253 17
1478 32
1405 75
744 3
1479 9
1401 11
1398 38
1020 5
222 32
1357 80
1424 23
728 38
138 9
630 38
267 38
800 54
1023 7
183 17
533 3
282 45
1313 5
115 7
943 7
666 62
766 45
72 62
1429 1
1212 23
844 1
348 32
500 75
426 80
1457 80
1372 9
734 54
358 25
835 41
614 54
12 54
906 7
956 54
444 7
1061 9
0 11
123 54
1213 38
1115 1
421 7
823 25
1470 75
1461 9
1214 9
74 45
407 13
863 13
1044 38
505 3
1213 11
1350 5
884 80
685 62
799 7
1061 62
359 54
1480 7
268 54
642 62
85 75
332 11
1481 62
193 32
628 3
354 1
556 9
868 17
1388 17
835 54
755 23
497 45
1011 70
1332 1
477 13
1482 25
741 75
964 5
1372 29
1026 7
1386 62
822 41
754 29
482 41
1473 3
354 25
803 45
704 45
112 38
318 54
383 54
379 25
1261 7
932 54
1455 62
813 62
72 17
1204 29
1160 25
768 62
1430 3
517 23
1477 45
858 25
196 32
1457 38
1371 32
997 11
457 32
98 7
737 5
542 29
1349 23
122 29
833 70
1483 41
186 17
1484 54
912 75
313 25
1372 17
1044 3
50 17
378 70
1238 7
969 62
521 7
188 45
201 3
1098 17
156 75
928 1
434 7
500 13
664 54
910 70
909 29
914 23
110 70
196 11
973 38
1073 9
74 11
1485 9
1437 54
1172 41
1127 23
1271 38
108 32
1221 38
700 1
1169 45
906 5
680 70
307 17
1486 29
1331 13
1321 38
824 11
477 3
370 54
1487 54
985 3
572 13
1321 41
1386 32
1115 5
591 62
313 7
801 38
392 9
986 70
1488 9
625 29
336 75
163 45
1483 54
842 5
1019 45
879 41
304 32
1305 13
4 11
284 17
316 29
563 11
692 7
1151 75
1157 3
818 54
1049 80
234 75
1020 41
268 1
699 41
1148 7
672 1
853 9
1320 38
603 7
1489 25
217 41
1490 32
1117 62
1408 75
34 80
1124 3
1211 5
787 7
1491 80
1211 1
15 75
334 75
136 17
1224 41
1304 9
488 41
627 13
1389 23
1492 62
1366 62
1315 80
1102 3
296 25
1493 1
1233 29
430 9
1120 13
1342 23
588 9
82 13
1336 17
46 23
568 23
1242 11
805 25
865 13
1450 25
1305 7
1248 41
1334 80
674 11
1494 80
885 23
393 70
158 75
1440 7
1010 9
330 62
1376 1
779 5
877 25
1079 7
336 13
656 41
646 1
228 45
508 41
604 62
419 17
742 3
1052 23
1416 7
844 38
1380 32
199 5
301 7
765 38
120 11
368 23
1442 9
459 32
1023 5
848 29
1187 3
892 54
1182 9
870 45
973 54
479 62
1146 23
1248 38
879 25
1288 38
1276 54
228 62
130 3
174 1
1224 25
167 75
532 62
746 80
1216 25
1417 41
768 75
1396 75
826 5
455 45
1334 62
1151 38
1125 25
816 70
549 70
1206 38
320 54
1239 41
834 13
1322 54
474 7
549 3
1410 38
137 9
427 29
1212 32
330 75
1170 80
213 11
1034 7
498 54
1259 32
1203 32
1495 3
242 11
464 17
535 29
77 62
1496 13
1254 17
1013 7
1441 23
95 75
651 54
1497 45
1019 11
1433 5
922 29
1154 11
1498 80
1038 45
537 25
795 62
1348 45
1499 62
229 23
1192 11
124 9
449 41
712 13
401 75
1007 5
485 80
837 1
139 9
1118 17
615 9
86 62
1306 17
716 1
969 11
1499 17
195 7
552 13
483 1
949 45
1183 75
833 11
1370 17
1189 80
918 9
1269 70
965 41
804 17
1268 3
629 3
350 1
727 3
989 11
781 17
1153 25
1343 70
589 80
811 54
1241 13
1442 32
592 62
1498 32
44 62
470 1
1180 13
792 29
501 1
1451 23
552 75
1266 1
239 38
1424 38
115 75
191 5
1102 38
1444 13
111 1
495 70
1245 32
901 3
1365 3
810 80
999 9
387 70
275 3
923 62
1092 25
539 23
1357 3
794 70
683 9
1055 62
1342 54
437 70
1000 5
551 70
1416 1
541 23
585 70
887 54
592 17
1072 23
220 75
271 3
1025 80
1262 41
213 23
721 1
1003 17
1500 38
623 45
1344 11
1022 13
756 11
934 1
346 41
530 38
1294 5
105 17
520 54
337 7
703 32
1255 38
118 54
918 13
1173 7
1501 45
1502 70
1103 1
196 62
536 41
522 25
998 1
1451 32
804 9
1049 70
1345 32
1011 9
445 9
16 5
306 5
1084 1
1503 70
1504 11
89 5
331 5
281 75
369 32
498 25
693 9
120 70
172 70
998 5
1505 29
550 41
504 45
1277 17
656 23
607 70
821 75
487 7
799 80
779 32
706 9
942 1
1326 54
1134 62
289 5
661 75
16 7
185 41
661 38
413 3
246 5
609 38
749 45
572 45
680 9
929 5
1057 25
109 54
432 70
805 41
1475 25
810 3
1037 11
184 9
238 54
15 7
1051 23
682 75
416 45
1468 9
1027 5
241 23
1154 9
939 75
165 7
840 9
1006 9
90 29
467 75
861 54
1071 13
251 70
506 54
920 45
0 29
1205 80
1051 25
878 11
941 62
454 23
1293 3
425 7
907 29
61 11
1081 75
734 17
647 62
1359 23
1085 62
658 80
1506 80
991 75
748 9
227 80
917 13
1467 5
297 41
246 75
920 23
1151 17
394 3
900 13
1074 9
946 23
1325 70
1458 70
1507 25
397 7
1277 25
1183 1
371 3
1076 29
16 29
786 1
1030 75
920 41
648 7
1312 3
1364 29
100 70
977 54
68 11
129 54
1383 32
696 45
1396 32
978 38
248 29
169 70
1333 9
1067 9
1389 54
298 62
845 17
1265 9
980 54
991 38
568 9
1109 54
1014 13
260 75
1474 13
1398 7
774 54
781 29
736 5
526 17
1112 29
793 5
1367 17
991 29
534 70
993 38
159 80
957 1
759 5
524 9
1491 29
646 11
503 32
1497 62
1035 41
450 29
1477 3
1461 45
1207 5
1231 45
1121 11
1116 1
92 17
1172 17
1428 23
1467 29
539 13
28 80
546 1
176 29
1148 11
1311 3
1380 38
894 25
1491 9
1126 17
761 54
1421 7
1392 23
1219 25
1504 17
1438 17
282 41
1172 25
490 25
1343 17
989 75
1186 7
1508 62
527 75
699 17
612 9
1401 3
925 17
1407 29
1133 11
1509 54
1128 25
1510 38
1488 1
211 62
531 32
1306 5
135 70
1369 7
1087 32
374 7
810 9
1502 5
407 45
1459 13
1511 25
255 1
981 1
47 45
978 3
843 1
1512 5
1513 45
194 32
1085 54
574 70
683 38
1058 62
1207 7
1410 11
1395 23
1489 17
1514 41
1088 9
842 11
458 32
173 13
1171 32
1515 29
1064 1
500 9
1211 45
547 80
1432 13
1379 41
1215 38
1462 3
216 80
1305 5
352 23
462 32
1042 62
343 17
1516 7
436 23
219 45
535 11
1483 25
976 11
356 80
573 1
482 54
648 3
394 70
639 38
1054 25
58 5
550 54
647 17
1116 17
829 75
1075 17
209 17
923 17
1174 23
1202 54
1285 7
938 45
1201 1
302 45
257 41
869 3
1445 7
1322 1
1274 1
1138 75
528 11
1517 29
1300 62
311 3
470 7
1325 25
205 11
575 38
1409 3
1070 13
1480 25
198 45
237 9
1006 5
1505 70
1070 3
1349 70
394 7
913 54
122 25
709 23
495 80
1342 25
1500 7
1260 11
832 80
1054 9
1393 70
1145 32
897 9
553 80
474 5
1132 62
1387 11
1447 62
852 41
272 45
535 41
1319 54
187 23
361 45
142 23
557 25
1210 11
722 80
178 1
634 54
875 45
1392 11
182 75
103 54
508 62
443 11
1460 9
660 11
213 1
1241 45
1499 7
1379 32
1518 41
1075 62
1489 62
588 3
1382 32
899 54
1434 9
546 54
1519 13
1076 54
736 32
1055 29
856 29
1520 3
783 29
697 25
609 41
1453 75
1223 23
1521 29
541 13
115 70
721 17
816 25
1117 17
1522 25
1523 75
63 3
659 38
1469 13
822 25
628 75
632 23
238 25
578 7
1271 54
1432 17
360 29
1330 62
1364 5
1032 25
1277 80
868 45
421 41
1524 75
78 62
766 7
1517 41
1331 17
490 32
107 3
1158 11
383 13
781 54
1227 62
279 9
1077 62
704 7
248 45
411 45
1519 80
628 17
146 45
1121 80
1365 17
766 32
907 17
1495 41
1484 80
1462 17
669 23
657 45
416 54
1078 25
1119 11
1077 13
10 13
68 41
660 80
1395 32
725 62
1143 70
400 3
724 25
1057 9
583 29
291 29
636 5
1470 3
1351 80
1356 32
501 80
487 38
812 13
629 23
1047 3
449 54
1241 29
1105 41
1336 70
171 32
1440 45
582 3
1050 80
1364 23
442 45
1027 41
206 13
1525 41
246 3
663 80
432 29
974 70
866 23
1443 70
1476 70
167 29
669 3
506 1
240 54
1472 75
236 13
367 3
688 54
262 70
754 45
1137 3
64 3
1526 5
1025 54
1091 29
267 13
1052 5
1423 23
1244 38
1496 38
64 17
1527 38
1353 29
273 41
532 1
235 11
885 45
729 5
873 32
1110 13
58 38
147 41
1464 3
132 17
1327 41
509 54
277 70
1469 41
1397 75
838 1
1367 38
615 80
26 38
1165 80
343 1
419 23
1486 3
763 9
530 3
1518 3
946 80
1289 17
224 29
391 54
792 70
1241 80
1235 70
111 25
1456 11
247 9
249 9
1070 38
579 25
1419 45
288 70
340 62
1495 11
864 41
673 62
1042 80
108 29
1255 23
239 9
234 45
292 29
68 32
1097 25
367 41
1292 25
725 3
1480 1
959 62
1528 7
424 11
1316 3
829 32
1246 13
1295 25
1395 5
487 25
1115 13
902 7
729 23
81 1
1378 17
1036 41
1515 80
675 5
768 1
1501 9
331 54
1223 80
214 38
1312 62
894 11
851 11
1330 5
587 70
100 11
876 17
139 3
1264 11
1476 29
236 62
97 75
807 5
303 41
1120 3
1323 29
1028 32
1384 23
1336 3
490 1
241 54
33 54
1329 11
1329 80
1003 1
395 32
39 75
677 13
1371 5
589 75
565 70
275 9
1208 17
1326 45
451 38
20 11
1038 3
578 62
685 3
729 62
517 75
1393 9
1111 75
1167 11
1529 54
226 7
925 1
589 3
761 1
1230 54
465 54
978 7
264 70
574 7
33 75
323 13
849 80
1018 80
1411 62
91 3
888 23
1314 25
1530 54
1137 80
1309 38
681 70
427 7
792 13
1088 23
618 13
168 1
966 3
646 3
1140 3
82 62
1303 1
339 23
508 13
1311 38
141 38
689 32
269 32
471 75
560 54
1468 17
472 62
27 38
456 23
494 7
1298 54
959 13
1222 54
1531 62
150 80
498 11
136 9
1303 54
498 75
1289 13
938 32
561 80
417 25
1443 11
726 32
593 7
1298 70
957 32
292 70
900 70
1175 11
1209 3
140 23
1532 29
1432 9
965 25
566 70
1533 62
785 11
569 17
1534 62
1505 23
1495 38
1082 29
873 9
1211 3
1318 54
1273 25
1364 80
580 1
1210 23
19 25
476 25
1033 7
1056 75
393 25
1181 62
1264 80
974 5
1039 3
1098 54
903 80
1393 62
304 11
1191 17
1131 11
1215 41
76 3
1261 11
624 17
1040 17
1009 17
333 23
10 54
4 38
1314 29
1522 38
776 62
1302 1
1109 13
396 70
1504 3
1245 17
52 23
305 62
719 75
1245 11
672 11
220 9
789 23
1357 23
856 38
1404 11
233 62
739 3
701 75
662 75
1429 25
910 80
792 17
52 11
413 11
1446 32
1375 54
874 17
218 17
663 7
969 9
1361 80
589 17
1535 80
1360 38
1536 75
314 62
89 32
1448 75
644 54
834 41
532 80
631 5
1140 70
713 80
439 7
1502 62
744 1
1317 29
1136 80
76 32
1084 3
113 29
1537 41
132 3
339 54
1285 75
83 25
1313 45
1092 9
384 32
519 11
217 70
1278 25
878 62
317 32
660 7
961 54
368 80
1449 7
579 32
661 3
1017 23
81 29
1005 5
1318 17
1140 41
502 3
625 45
1493 80
753 7
146 32
858 75
367 11
758 70
466 32
604 17
1244 5
1018 70
836 54
1492 17
1516 29
1143 38
1470 17
31 62
241 70
1144 1
707 70
854 54
356 41
452 80
1027 11
322 41
743 13
641 38
1219 1
856 3
691 23
1110 62
1029 11
165 25
1086 29
1243 9
690 9
1049 3
894 80
588 25
1361 13
26 7
957 70
1075 13
456 11
1260 25
836 29
1335 9
887 1
765 62
132 38
809 45
1016 3
1455 9
21 29
904 5
819 25
843 25
910 5
979 5
1148 54
685 9
1004 29
934 3
1508 70
1376 3
365 38
130 38
141 3
558 25
630 32
636 62
952 70
887 7
1191 9
627 54
1420 41
1157 1
1286 3
307 9
1067 38
570 9
1155 17
1076 11
1538 70
1460 70
548 11
1258 75
1518 38
1036 80
1221 25
636 25
697 70
1402 5
1471 25
58 29
392 23
796 25
127 45
1234 62
1295 45
785 17
855 3
811 23
765 17
1070 41
1488 80
167 7
513 23
94 1
477 80
1239 54
317 11
953 23
1352 54
960 62
1467 13
1200 7
1463 3
596 5
464 75
879 3
96 29
1378 3
814 5
1406 11
471 5
883 75
994 45
1509 1
1093 32
1037 75
261 9
1341 7
902 70
1355 9
388 75
505 13
1465 54
567 3
581 54
1379 1
948 1
504 9
1294 13
475 38
261 25
1101 7
559 11
1256 75
1131 80
670 1
577 29
365 62
1189 25
1138 23
1216 9
37 62
1254 11
113 13
1179 80
546 38
1269 38
295 54
574 75
717 54
1263 25
596 25
160 5
1394 41
290 45
632 62
906 11
1002 9
1418 70
775 54
1333 13
1175 7
176 5
491 54
1146 3
218 45
1367 13
1538 75
702 62
307 62
984 1
847 38
1149 32
459 17
837 29
864 62
1501 13
634 75
37 17
914 3
337 13
896 7
248 75
418 41
952 23
489 11
1374 75
1081 7
1014 45
381 75
489 13
360 13
154 25
124 1
340 38
1518 13
861 32
855 13
1094 54
1539 54
752 3
1101 62
1088 32
928 70
955 1
334 9
1051 5
311 29
168 29
415 45
1275 38
423 75
633 75
1260 38
111 23
1473 1
1021 13
560 13
1101 23
1287 1
1082 17
1060 5
1540 7
536 7
797 62
818 23
800 5
58 11
1297 45
256 80
324 7
478 3
207 29
708 3
967 75
1011 3
1348 54
931 25
187 32
498 70
916 5
263 5
331 3
301 80
212 45
217 23
276 62
1124 25
465 41
828 13
238 45
1527 3
1141 54
119 75
512 41
1467 32
484 54
1238 70
1059 70
268 25
473 32
153 5
1139 9
397 11
1541 11
822 45
1409 54
360 45
244 5
695 38
1112 54
1338 54
1244 17
602 32
756 1
1170 70
968 41
461 23
1415 23
1235 41
1119 32
454 1
115 9
814 17
1460 75
1160 13
1362 5
460 23
1346 32
1050 5
264 29
803 62
1459 32
999 75
327 38
464 5
504 75
847 62
815 5
1490 17
282 5
1542 75
305 17
268 41
1406 13
149 23
1100 3
562 54
1145 80
993 75
461 25
1541 25
1128 5
1127 38
1261 54
1422 5
841 38
677 29
423 23
1521 54
1165 17
87 13
557 80
321 5
823 9
911 70
892 75
87 32
1058 11
1347 54
950 23
463 54
340 23
191 23
519 38
469 11
680 3
30 38
1004 11
447 54
1465 23
1124 29
229 1
849 32
1177 54
1371 45
1532 62
836 23
1157 29
1115 29
774 62
22 41
28 75
414 75
292 1
221 5
279 5
274 7
89 54
370 32
586 62
527 41
726 41
31 25
1399 41
737 3
949 54
1265 7
1292 62
90 41
1146 9
1433 29
237 25
950 9
1429 3
1050 45
323 25
278 11
491 32
681 25
772 13
726 1
1167 41
919 29
1426 11
1534 11
140 17
558 32
1262 13
831 3
621 3
1093 17
1288 7
285 45
1171 23
1254 7
1363 13
1338 7
288 23
1513 41
1538 11
904 54
682 17
1469 9
712 41
730 62
1526 25
634 32
1464 9
971 38
345 45
905 25
453 7
133 41
365 7
1233 45
939 29
1432 7
1278 23
636 70
715 7
1169 32
689 54
230 9
208 32
1467 1
1475 7
177 3
1493 45
175 45
1387 17
404 23
1489 3
869 38
1205 11
131 11
1474 3
1009 41
271 62
626 54
1525 3
987 32
148 29
146 29
1106 54
1492 25
841 45
836 17
1122 41
843 23
1259 29
462 23
830 23
396 25
601 3
1161 41
788 3
92 7
984 54
1377 1
361 17
1431 54
116 11
309 17
387 23
1278 38
829 80
6 29
678 29
1426 17
85 1
1364 32
219 32
1363 17
1412 5
1256 1
1390 7
149 1
1302 54
74 5
838 23
926 17
961 7
1526 41
1369 80
1490 11
1536 11
1519 41
2 23
1507 80
567 29
967 5
60 17
300 13
406 32
1349 25
1225 45
1543 13
656 29
225 80
933 11
546 62
507 41
1442 7
1180 45
899 13
1471 75
1017 13
1100 1
1176 7
1066 75
1198 9
1512 70
742 41
1496 23
48 13
553 13
1437 7
1468 45
829 17
987 7
1408 41
492 5
988 54
1448 17
453 62
131 13
795 3
468 62
306 11
1223 17
679 45
1247 23
630 3
1206 80
1360 45
722 17
955 9
1036 38
626 5
373 13
882 45
679 32
1342 13
912 13
857 9
772 1
707 80
1256 45
608 41
938 13
1067 80
1227 1
1088 25
911 17
312 23
164 62
1521 25
1252 3
1246 17
944 3
1086 1
1357 62
233 23
151 38
1479 62
659 13
423 62
1417 23
295 32
425 45
1278 80
274 29
1482 11
732 5
1408 5
1331 80
1479 70
1064 75
560 11
1050 13
635 5
791 3
303 7
391 80
1257 5
1544 70
1354 9
318 62
1529 41
1239 38
207 23
1454 11
1433 32
396 54
649 11
639 29
958 1
1328 9
1080 13
1250 80
713 45
1234 13
587 75
652 9
1544 7
691 9
1477 32
1261 45
488 75
979 23
1224 38
928 9
1203 54
1478 11
1309 17
300 45
724 1
752 45
760 25
554 5
1304 75
1379 62
1188 41
690 41
811 41
662 7
1341 70
500 7
1439 1
387 41
224 38
665 25
1157 70
537 32
1002 25
1506 13
1201 25
1516 1
941 45
1446 11
837 54
501 32
1381 45
1373 32
42 41
993 1
778 29
150 11
93 1
1049 7
415 5
908 17
869 25
353 45
1432 25
864 32
702 38
1420 17
900 5
901 17
1256 29
645 3
1282 1
785 9
1397 17
1308 45
757 7
817 11
345 5
1471 5
65 7
515 3
817 7
1248 75
1132 25
1372 32
1048 62
455 32
426 25
1450 45
289 38
1145 5
1458 3
110 5
1090 80
1335 62
809 13
1119 38
1152 32
538 29
1108 9
1347 29
1183 29
969 13
1012 54
710 62
1494 32
485 5
286 70
658 5
202 3
365 5
1375 5
460 17
100 75
230 25
81 38
47 11
1423 38
645 7
1363 45
179 7
1149 45
390 45
1545 38
802 23
1362 41
985 70
1042 54
154 41
1152 38
319 17
1309 9
1459 17
63 9
925 54
1041 41
832 25
1478 3
183 41
351 38
1406 5
1107 1
693 23
143 11
1106 17
1134 70
58 32
1328 17
1275 3
296 29
1395 80
958 70
1067 3
170 80
533 54
1307 41
849 5
1045 75
447 70
119 1
673 70
1099 25
701 62
187 45
396 23
1209 45
558 41
1068 1
294 32
1404 17
815 70
1477 9
895 17
10 7
103 1
366 62
137 11
1147 7
1324 25
1250 11
610 17
1142 41
1360 29
985 29
1294 11
401 80
1287 25
1090 62
1405 3
406 9
1209 38
846 41
244 54
580 75
1035 75
309 5
263 11
1008 54
848 9
237 70
385 32
31 9
875 29
1053 70
1069 3
1233 3
1321 9
410 75
1486 13
412 23
270 62
528 45
742 25
1390 80
380 70
591 23
1490 70
122 32
932 23
1543 17
791 45
1330 75
222 17
1453 3
736 13
321 9
683 80
817 62
575 62
531 75
1543 7
225 25
1151 3
552 29
324 75
1546 32
36 9
853 80
1511 23
1097 13
1376 41
299 5
738 23
82 54
820 13
1048 41
331 1
1420 54
1374 11
1168 45
785 70
1175 54
1411 41
1394 70
360 3
1286 7
1279 80
1341 75
1109 9
1388 45
1237 11
67 62
221 11
688 70
1151 45
1353 45
383 32
163 11
548 9
1288 54
1090 45
1022 38
965 62
1282 11
504 38
1335 38
659 75
711 29
1509 32
136 1
787 41
1156 9
1399 13
963 75
1129 29
1547 29
1415 70
1087 38
1232 23
1406 75
288 29
1286 29
1230 25
921 23
1414 7
582 1
754 80
528 54
1043 23
951 11
642 23
1488 17
1514 9
672 3
1388 11
441 13
876 45
720 62
308 80
1180 54
1271 62
862 13
49 80
1548 1
1381 70
1197 17
121 1
1383 23
1056 54
1025 11
687 25
521 25
1210 38
226 70
1133 25
44 5
1212 45
1498 5
1223 32
1405 45
1300 5
1402 13
437 5
441 11
524 13
1291 7
699 75
1290 54
611 25
851 23
301 23
1354 41
904 75
651 62
521 41
271 1
1108 25
1312 75
1258 38
139 38
118 9
1249 38
273 3
1296 75
1125 23
244 29
320 13
540 54
1502 38
308 41
159 70
1507 75
254 80
761 32
950 17
744 41
1203 3
151 9
1339 9
593 25
22 17
1063 7
364 41
1164 70
782 23
1339 38
807 3
112 54
851 13
418 80
1500 25
1425 38
1179 13
407 29
692 70
99 41
110 13
507 62
966 32
541 5
438 62
49 32
1385 41
466 3
376 45
1356 9
21 3
893 41
399 41
381 41
236 38
1193 29
389 41
1419 9
1431 29
523 25
255 80
566 32
57 25
1112 5
1547 17
530 5
476 17
1549 7
22 25
1103 38
788 70
1539 70
1303 80
1075 80
1155 5
230 54
1323 25
732 41
619 62
431 23
735 32
406 29
66 23
1300 11
473 13
605 23
1302 32
688 75
1012 1
1439 11
769 62
896 25
1427 62
196 3
599 17
1465 11
994 32
586 11
866 25
372 32
740 11
1545 23
842 7
751 54
752 80
743 17
799 41
806 54
898 62
1070 32
1488 38
714 38
150 13
802 13
118 11
2 32
77 9
1218 3
233 29
1216 5
1164 80
1196 17
597 1
1325 29
576 23
324 9
1229 54
1102 7
839 54
1031 75
1509 13
955 54
117 75
117 13
1129 9
1297 11
1141 75
641 11
1203 80
394 9
725 70
320 32
468 11
1202 13
622 62
615 45
1152 11
1371 3
1056 80
543 70
1253 29
728 13
649 17
1313 29
409 62
1299 1
335 54
662 41
1009 29
667 3
1374 1
12 1
180 11
36 25
486 13
1526 62
801 29
650 3
1227 13
1390 41
985 62
1407 3
861 23
267 1
1142 3
382 9
1203 45
588 1
669 38
1299 17
850 80
555 23
120 75
1418 62
625 9
688 3
872 11
240 7
708 7
904 41
1279 1
960 29
1334 32
1509 7
640 3
835 23
1481 11
1389 70
797 3
853 23
1215 17
827 5
328 11
72 13
865 5
1308 75
695 54
588 38
867 23
855 9
67 32
424 80
328 25
1045 9
800 17
276 23
61 1
1321 45
1083 29
1095 38
14 13
1045 41
1415 25
807 11
341 25
907 3
557 38
833 5
275 62
289 70
1534 3
1015 80
916 75
760 13
1536 32
248 1
1296 5
91 5
381 54
142 54
281 5
145 23
1024 25
944 11
871 17
1292 23
1006 62
1411 29
1377 38
1519 62
1194 45
961 75
1258 62
267 80
771 75
513 3
161 41
949 13
1368 9
674 70
956 45
719 80
210 32
1358 70
1535 25
1328 38
1255 9
1224 29
6 62
236 1
1060 29
1024 29
150 70
887 80
777 41
1421 70
923 41
993 62
850 29
1315 13
864 17
51 1
955 41
155 7
427 23
773 17
1307 54
1162 9
732 17
544 62
440 17
1540 1
936 11
1480 38
1515 25
568 45
98 13
1338 80
1009 9
574 11
1495 75
303 9
429 13
169 29
1528 75
1129 5
1220 62
291 9
1249 11
103 11
155 23
319 7
1132 32
431 75
1365 54
431 62
536 17
1531 38
623 32
684 75
1519 45
824 80
509 80
1332 80
954 17
852 45
189 7
266 1
1047 38
369 80
776 41
279 54
1262 54
705 23
1433 17
1359 29
891 3
917 54
1431 80
172 32
880 54
467 29
1460 80
780 62
1209 80
444 23
303 32
1090 7
826 75
126 70
152 80
662 29
1547 41
481 11
799 23
171 75
1190 17
1069 32
1063 1
594 70
344 9
235 80
986 32
1018 62
24 54
1291 80
931 17
1310 13
159 9
12 9
1295 1
1289 7
1425 9
393 5
888 75
867 9
1113 13
496 7
902 38
1450 11
988 9
1476 38
1550 29
315 41
1187 11
627 38
1128 62
1522 13
222 1
119 23
589 7
1207 29
1176 23
163 80
527 1
1412 11
1535 17
121 45
1295 70
1040 32
750 5
1324 62
1405 70
522 32
628 80
60 29
1538 9
1521 45
410 13
676 25
1310 7
931 80
815 25
968 3
182 3
1294 29
1247 41
300 38
51 13
1231 11
61 3
1464 29
178 75
932 32
1014 23
1207 70
1121 17
1400 23
654 75
1344 13
101 29
202 5
205 3
1373 70
1214 13
297 5
252 75
1430 23
1136 23
20 75
309 75
67 80
1472 29
981 45
560 5
884 45
616 41
612 7
1267 75
494 29
369 11
184 41
1247 5
797 54
833 17
947 75
1125 38
859 3
44 11
940 9
1174 11
448 80
129 45
1071 17
1051 11
4 75
659 5
1382 17
1240 1
503 54
770 70
517 41
133 62
448 38
1481 3
1235 1
1455 7
1136 13
647 70
1003 5
681 32
96 13
1250 70
559 17
676 9
389 5
370 70
1135 29
318 70
684 3
1315 9
1039 32
295 75
1547 75
347 29
708 9
708 75
237 41
1331 54
1085 9
720 70
1493 13
503 13
849 1
245 75
1293 11
562 70
557 11
1293 45
1122 5
339 9
1215 9
109 7
818 1
1507 17
899 70
470 13
780 54
911 75
1390 45
531 1
1392 5
1012 38
634 70
638 1
818 41
847 80
1419 5
1278 7
1092 13
623 70
1340 3
1506 17
298 29
246 23
1387 13
824 1
1204 11
212 54
396 11
450 75
1272 9
405 17
881 3
976 62
889 13
190 38
977 41
760 17
19 11
184 25
134 45
979 80
1397 23
516 75
1111 41
295 80
537 17
1510 25
539 3
1544 5
96 3
975 62
1054 41
1547 80
983 1
1548 32
344 70
907 62
1463 29
1253 75
469 13
1416 17
631 75
708 25
1285 54
205 32
1175 62
204 1
801 62
1335 80
1408 17
1356 11
399 62
1479 23
1387 9
389 7
1107 62
123 29
1506 75
1306 23
147 5
856 5
384 45
1455 17
510 3
942 5
1324 3
647 38
502 11
936 5
244 75
1030 17
499 41
514 23
828 25
1435 25
372 41
936 41
851 54
382 80
148 45
1524 45
532 54
782 70
1548 45
1351 3
581 45
1274 38
404 7
43 75
1463 7
552 41
1195 17
274 3
1033 80
794 23
496 70
1522 75
144 38
587 23
1158 7
937 17
277 32
1416 45
1532 1
1353 17
1017 5
854 7
644 75
1034 62
200 29
704 9
442 25
1535 1
992 13
451 25
569 41
1470 25
596 3
1534 80
865 32
176 7
59 9
980 7
1297 1
1007 3
294 9
1092 7
72 3
750 1
551 32
434 75
975 5
1469 7
926 23
1474 75
543 25
36 38
688 1
1355 41
584 3
627 32
919 45
910 54
982 80
757 5
1539 7
6 70
1061 1
43 11
890 62
520 7
533 62
997 75
1394 45
1456 23
305 38
1517 62
1082 70
1218 7
1259 7
1046 23
811 38
877 38
814 70
1116 29
1381 1
754 25
1520 62
197 41
747 41
412 80
843 29
412 13
866 17
1535 29
1094 29
1026 17
1430 25
342 5
1113 70
489 1
1286 23
808 11
1266 3
280 32
370 11
185 70
1227 7
949 80
1539 11
157 29
291 23
1205 29
755 3
1337 62
1171 25
871 3
657 13
1541 23
1126 11
862 7
808 23
1466 1
1528 25
383 5
433 1
258 54
1161 3
511 29
1326 7
542 9
867 32
1521 7
1515 62
465 62
1474 29
1168 11
1184 29
576 38
966 5
820 32
1246 75
737 1
314 75
1493 54
656 54
1138 5
857 3
828 1
1441 1
757 29
624 7
1199 80
1122 75
891 13
1373 1
1161 17
1120 5
326 23
1342 75
907 38
744 62
18 32
1097 1
1034 38
1159 13
919 23
786 7
172 5
114 38
1454 23
1522 9
614 45
526 9
960 80
88 45
1188 13
937 25
1044 23
79 13
164 25
1551 29
280 17
871 5
280 25
471 54
1468 80
1368 41
286 3
1184 45
1249 1
882 62
289 3
196 41
691 5
762 29
999 13
1026 1
1001 7
1297 75
817 5
1045 3
1486 9
1440 1
1112 7
1400 9
94 25
427 17
119 7
400 7
114 1
992 62
404 45
964 54
1328 25
1164 1
1413 45
881 1
830 41
548 70
789 70
1121 29
1548 41
619 38
1524 32
540 62
34 54
909 80
65 70
851 75
561 45
1283 70
83 45
870 17
182 54
1419 32
1399 5
1011 5
866 32
827 75
630 11
1139 75
22 54
96 38
40 17
1523 11
921 62
774 3
262 45
1129 23
1177 9
1508 11
1513 17
1402 62
1361 11
1370 80
349 75
458 17
1198 80
996 13
1007 38
1240 29
808 9
997 25
1303 23
401 5
1284 7
401 62
1352 5
1462 9
1441 38
1426 5
926 62
733 23
1409 45
1485 32
717 9
360 9
949 38
1368 38
47 1
1185 29
321 25
1035 80
988 17
211 29
788 62
667 62
1422 7
320 75
1466 5
716 54
675 54
1341 3
496 54
1321 11
974 41
798 25
927 75
1425 5
1491 3
1088 70
440 1
1037 1
690 45
289 9
407 70
962 70
883 17
1473 62
881 7
784 75
333 29
1350 17
425 70
1325 5
1122 11
1175 38
525 7
1106 13
1214 80
469 1
1009 13
182 70
195 3
516 3
113 5
1443 32
673 11
646 5
611 11
457 62
986 11
71 3
15 80
1082 13
321 45
52 75
1319 41
1139 11
1402 75
1448 3
792 11
745 5
1513 54
1520 23
1294 38
650 1
579 41
1449 1
1445 13
1022 11
475 29
1512 32
107 38
910 13
1208 13
1055 9
1081 9
219 13
769 23
1165 3
561 17
92 54
181 9
1008 38
684 5
1500 29
399 32
1264 25
974 29
234 23
1115 41
603 38
1418 23
156 54
484 9
682 41
266 23
1218 23
79 41
1163 45
956 32
120 54
901 54
1059 3
166 75
770 54
357 23
733 70
835 70
679 41
368 17
1266 25
1252 17
1080 23
981 9
1033 54
700 29
163 25
1538 7
1141 23
971 1
601 41
442 29
1529 38
1459 80
1355 80
583 38
1030 32
107 1
1270 1
443 45
709 25
1452 62
1179 5
1311 1
1015 11
872 3
125 75
1186 1
139 11
1189 62
912 80
758 41
177 41
1265 13
714 5
1467 75
958 54
1507 3
215 13
727 62
58 1
284 1
930 54
890 13
251 32
1444 25
1152 1
957 29
999 54
1472 70
1457 5
1159 23
1268 75
1420 80
507 75
1099 45
1529 9
608 80
776 45
483 7
716 38
604 45
1042 25
1503 45
977 13
1031 32
789 54
1338 32
1284 25
1179 17
1084 5
497 29
310 70
376 25
447 9
881 25
83 80
995 1
820 17
1536 54
86 54
1485 29
991 54
300 32
1173 41
1242 38
1109 80
1421 23
422 13
1500 54
86 29
598 70
594 5
1407 23
623 11
940 70
1271 3
1243 45
1097 9
884 17
113 11
12 29
181 38
191 38
1427 38
832 3
1351 54
678 13
1187 7
1328 11
547 3
203 11
60 1
1263 1
1495 5
895 11
784 17
1142 1
813 7
1133 62
1320 9
547 9
1437 70
981 70
739 13
686 7
1064 11
844 70
1451 1
830 70
859 54
1197 25
357 17
1230 80
791 7
1105 45
1511 3
659 80
973 70
40 75
1307 3
877 62
1456 70
523 45
1417 11
1386 41
1408 54
449 5
1531 23
90 17
1072 32
912 29
1401 32
452 13
430 32
1189 5
516 7
1284 23
1231 62
1340 41
1254 38
1265 32
1526 45
328 3
1481 70
583 17
655 70
1317 62
778 62
506 41
582 38
184 29
121 25
1505 62
740 29
166 13
1248 45
1103 9
397 1
814 7
1476 45
656 80
1392 45
173 3
582 13
1297 41
309 11
1011 38
1039 29
1252 80
1423 7
329 7
727 5
550 3
1196 29
741 5
882 75
1174 29
403 54
784 62
73 5
1537 25
916 54
763 11
1041 80
1221 9
1366 11
1237 29
542 70
1167 29
985 9
538 25
184 38
955 13
151 41
1188 32
1336 23
695 1
1551 62
373 25
351 13
648 80
946 3
322 9
668 9
729 25
1370 29
311 41
437 45
812 80
736 25
527 70
259 54
102 29
1216 13
530 41
1232 75
179 1
668 54
948 80
1226 32
1508 32
540 32
395 23
1496 11
494 45
812 29
888 54
700 38
1476 11
1550 80
930 62
1089 5
1368 75
932 29
1143 45
966 25
221 25
562 41
1023 17
1527 11
1127 62
1339 62
1290 25
253 17
1229 17
1452 11
134 70
334 17
1275 75
1537 23
429 70
569 62
1168 9
1018 38
329 13
720 1
391 7
1267 45
791 23
1105 25
1228 45
1524 29
924 41
46 41
1356 38
162 45
1039 13
1016 17
67 11
469 9
103 23
1542 9
167 62
818 62
243 54
380 3
446 25
313 3
67 17
24 41
414 45
581 7
1395 45
847 70
299 9
857 45
1424 1
1160 41
1525 23
42 7
1161 32
1552 9
541 45
980 3
570 32
991 3
312 45
1128 17
930 80
1449 70
1149 41
798 5
189 62
1531 32
1384 13
316 70
1380 11
581 1
1534 38
218 80
606 23
502 38
1042 11
1458 29
103 80
1298 38
226 5
94 70
1358 25
1427 80
1148 5
1378 29
451 9
1276 29
1375 38
477 32
1206 17
739 7
701 41
1078 29
597 3
1281 62
1418 45
1084 7
874 11
199 23
670 32
1400 45
243 7
823 29
1153 32
230 5
1208 5
26 11
1064 62
315 32
571 11
731 11
799 45
715 17
269 17
269 1
1461 13
1352 45
502 9
834 17
923 38
1197 9
1450 41
430 29
1242 17
228 54
695 62
677 9
1236 1
1341 38
1184 5
1437 32
1151 62
271 75
123 45
417 13
979 7
702 25
1488 32
1377 75
345 41
1510 32
1549 75
1200 13
1392 38
1487 13
1494 3
918 70
518 41
1385 7
444 38
1535 11
263 80
480 29
1020 38
415 3
1086 3
619 17
1103 3
174 75
1524 11
468 25
1542 7
959 32
804 7
492 38
526 54
677 7
1043 25
528 75
1308 9
1475 1
1243 38
557 62
1363 54
1373 7
1145 7
817 29
1188 80
1498 41
173 75
1400 80
747 13
1035 38
543 13
143 5
1260 17
1361 70
398 75
1276 32
972 23
1329 5
74 32
248 13
1086 9
732 70
929 80
1224 11
270 9
402 3
60 41
317 29
1483 75
845 7
933 13
1221 3
347 32
328 13
929 13
752 13
1545 9
153 13
942 38
1280 7
1053 41
96 75
755 7
534 3
86 17
195 17
59 38
1228 9
1496 70
1005 9
751 62
927 17
116 32
569 1
1083 45
256 1
586 1
1133 54
992 29
1245 1
1434 5
618 38
1337 45
1274 7
1487 38
1343 23
679 17
1002 54
492 41
529 11
792 75
1074 62
1281 29
1205 54
1225 23
1543 80
438 32
209 70
1045 17
522 38
664 13
1478 80
1150 23
158 70
266 54
700 80
1279 45
1430 9
171 1
883 80
948 3
1139 29
324 3
1502 29
1498 17
922 70
252 23
1189 3
690 32
1433 38
1001 32
982 5
480 11
107 29
441 62
749 3
722 41
1199 41
1384 75
400 29
1275 80
429 23
333 32
317 41
1043 80
1164 3
783 3
738 80
916 7
174 13
1212 41
963 3
79 29
1537 13
287 38
638 23
1069 75
1370 11
253 23
917 23
1285 45
149 13
634 25
1289 70
1409 32
462 1
69 9
819 13
1462 41
398 13
1233 13
1208 80
734 11
1403 9
1050 9
1229 80
210 54
719 32
1506 41
336 38
371 13
863 32
842 1
1005 1
241 75
1465 25
710 13
156 32
438 75
1352 32
769 17
565 11
446 75
1235 62
1015 17
930 13
135 25
204 11
18 45
1201 7
1194 17
1159 80
1398 29
1517 7
231 23
1551 45
1343 75
1258 41
363 80
1132 29
777 13
536 70
380 75
200 9
327 80
1356 7
735 70
618 25
697 80
1252 54
764 3
941 38
449 29
1120 17
516 1
378 45
996 23
749 62
1137 45
355 41
826 3
565 41
943 11
259 32
794 54
971 3
305 54
1304 13
376 54
1278 3
1008 23
606 3
953 1
1358 5
224 7
368 1
233 38
1269 54
36 13
452 54
1021 1
612 3
117 70
1358 80
987 9
1533 45
145 17
1484 38
111 38
307 23
782 9
668 45
1494 70
534 45
820 45
1532 5
922 25
1367 29
258 70
1538 1
1471 17
64 32
59 41
364 62
915 23
212 70
1504 80
121 17
1551 54
700 7
47 25
1445 54
848 38
1258 11
180 5
337 25
1540 80
131 32
780 7
623 75
247 45
913 32
460 5
1331 62
722 54
537 7
684 80
1454 45
789 3
357 29
873 45
1101 38
82 9
515 25
1201 54
667 41
1211 75
663 54
633 5
937 29
1512 54
1260 29
167 3
8 75
1038 13
20 80
1445 45
453 1
1473 54
281 25
1175 23
1410 70
1141 3
669 11
594 23
1317 1
1012 25
1438 75
1065 54
1100 62
1471 38
28 32
454 9
385 11
1550 32
896 9
1019 5
1389 32
1418 29
314 11
907 70
1441 80
313 23
687 80
132 11
1296 11
57 9
513 75
712 29
737 32
412 29
1446 62
1494 13
219 3
1337 5
1089 70
1391 32
920 17
681 13
1461 32
611 5
715 41
602 45
809 75
796 23
242 7
714 13
215 32
917 41
417 5
1491 75
319 75
581 9
1463 32
564 3
539 5
1244 62
1358 75
981 3
1194 7
1456 1
632 41
734 5
703 23
507 80
825 23
416 25
250 62
1458 13
1138 13
138 80
1537 70
243 38
1346 75
90 11
644 32
138 13
722 62
768 32
577 25
119 70
143 54
1144 70
1176 41
1264 23
221 9
1160 23
192 41
1390 54
1457 45
618 45
59 25
1128 38
440 80
1214 5
1172 54
1233 11
210 38
903 75
1483 23
1497 3
1281 25
491 7
656 45
568 5
884 54
1000 11
1246 1
1091 32
59 80
956 25
997 62
944 5
1440 80
945 38
428 29
1421 17
99 75
678 41
528 5
77 32
72 41
1066 38
1324 32
67 7
1507 38
247 1
1540 41
88 3
852 38
1383 5
135 62
279 7
15 38
1104 3
802 75
1383 17
1490 80
617 1
1114 11
178 70
561 1
52 17
496 9
1456 5
1300 13
1177 1
814 23
1361 29
1492 45
1552 5
1354 5
57 3
1527 80
983 32
434 9
63 62
975 29
705 11
1447 29
709 9
358 29
1185 7
1128 75
304 41
308 5
567 54
1126 32
326 11
1046 80
555 13
733 13
1006 32
748 1
563 70
1270 7
1029 62
219 11
622 70
1498 75
786 32
188 3
1106 32
1056 11
776 5
571 54
66 3
569 80
533 23
1303 5
521 17
1502 25
174 5
1492 41
493 75
1548 25
1327 3
1027 62
682 54
1334 38
631 9
1381 23
1370 13
87 11
1277 29
881 75
607 25
1413 5
654 9
138 25
402 17
1474 5
146 7
1439 7
351 29
1117 5
1396 54
727 13
723 5
238 62
1299 54
747 9
1251 1
211 25
877 80
878 7
293 11
1464 45
76 11
403 9
475 62
848 1
849 25
1471 54
568 29
418 54
281 80
105 3
1345 25
467 7
306 17
780 13
826 9
262 62
990 3
697 38
1053 75
999 1
790 38
757 1
1451 62
1003 54
1398 11
1177 5
1333 80
614 32
1340 5
1092 1
1376 75
1408 9
235 13
739 75
1472 32
1525 13
860 29
1131 9
1116 70
337 3
1420 45
303 29
695 70
1532 11
1248 5
819 9
807 75
1322 70
1434 41
1012 62
182 38
1180 38
611 23
1229 3
666 41
1335 3
508 45
317 9
1005 70
260 25
1223 70
620 17
998 45
1033 75
1496 29
492 80
1359 62
1255 75
1337 7
935 29
1449 23
1076 70
947 17
782 1
128 75
1487 5
861 75
429 5
1117 41
674 54
695 7
863 5
1479 25
915 17
831 54
1463 9
1519 7
746 11
1404 38
839 75
868 29
1484 29
1360 1
1010 1
649 1
430 41
1206 45
448 5
472 54
1261 25
1289 11
1188 45
1167 13
1365 13
1391 45
395 54
56 41
934 80
535 32
1152 9
52 1
595 5
1064 23
1040 54
1438 23
1530 25
1277 13
1316 1
1488 41
510 5
1350 54
1508 25
229 13
1087 62
1353 11
1422 1
1060 41
882 1
710 32
73 7
2 62
1388 29
1380 25
1548 23
1269 13
148 3
504 70
1007 32
1176 45
1354 1
692 25
994 17
1549 45
426 11
202 23
1330 25
1075 25
330 11
1458 17
435 38
201 17
801 11
283 62
338 54
1302 38
1137 23
1074 80
1532 75
593 41
751 29
1366 54
1455 70
30 11
1163 62
1048 54
771 3
410 7
609 25
737 54
1232 13
66 62
754 75
1381 29
1531 75
1536 5
1011 13
325 5
431 80
1178 62
1264 7
1163 29
322 1
1470 41
826 25
452 62
512 17
256 45
1113 32
423 45
147 23
686 62
1211 29
1526 9
843 70
234 70
1319 70
1040 7
1416 32
916 41
655 23
1375 32
1503 5
1542 25
143 75
1540 45
280 11
269 25
1396 23
379 5
1014 5
984 13
426 75
1522 23
649 7
1381 25
270 3
1347 38
4 29
1339 7
215 25
419 7
1490 38
1407 25
434 11
599 54
997 45
1367 11
1029 7
1008 41
1525 75
371 80
1065 62
1032 1
1286 41
1357 13
759 32
227 32
144 75
1412 29
863 11
1336 75
1123 41
731 38
1375 23
1119 80
418 9
1480 29
1015 45
643 62
1104 9
1112 3
428 25
319 45
1028 80
985 75
302 5
903 11
1346 29
1499 45
28 62
342 45
678 75
382 7
1322 17
859 41
314 23
1345 45
151 1
746 41
420 25
549 38
403 11
1015 7
484 17
1527 54
133 3
787 23
597 5
1459 5
891 17
255 7
1305 9
151 32
1446 13
1038 1
1015 70
989 80
403 3
1270 38
165 54
1412 70
534 80
1548 54
720 54
696 5
650 9
825 29
869 23
1182 25
33 11
216 25
466 75
1132 5
386 23
436 9
1204 7
470 32
126 7
963 45
1490 25
1190 41
1236 13
1170 32
1200 38
1198 32
529 80
451 29
1093 9
1546 54
575 9
108 54
1453 25
1209 1
1496 80
1235 45
1551 80
418 5
1520 75
962 80
1035 62
1474 9
940 7
411 75
959 5
1363 11
847 5
409 29
20 38
463 75
1166 5
963 38
1519 54
995 75
369 70
601 9
82 29
1099 7
398 9
1435 75
718 62
1542 1
206 38
653 17
48 41
682 11
1109 7
657 62
125 45
109 25
1004 5
1481 54
1541 9
158 41
1449 29
348 13
1249 5
610 62
1105 13
977 70
632 54
1209 23
1028 75
771 54
65 54
676 80
287 54
921 45
1040 25
752 38
173 1
670 13
1037 70
163 3
1299 80
445 41
56 70
1422 32
873 3
377 17
390 62
1290 38
777 17
1447 7
376 9
617 23
1305 70
662 62
1252 75
643 25
1058 75
954 29
846 38
844 3
1115 75
347 3
343 25
598 7
1078 41
85 11
117 38
1536 1
1482 75
898 7
924 80
184 75
35 80
577 13
1010 41
81 17
250 17
567 62
1337 25
468 45
1382 1
827 1
921 29
1142 38
1403 23
665 17
982 70
1083 75
27 75
1021 7
672 54
1178 29
512 54
1413 32
1514 23
1364 62
1118 80
927 7
1318 13
211 23
113 23
1111 17
1523 29
568 41
1452 75
1461 38
938 7
1491 41
637 80
1307 38
1403 41
1400 17
94 41
862 41
657 25
945 25
22 45
1186 11
914 62
702 29
1368 5
321 3
1123 45
336 32
1100 29
104 11
1300 41
1173 54
826 45
730 75
1543 3
795 54
1478 13
583 1
1289 38
1307 13
417 75
382 75
267 45
1233 62
1533 25
821 23
406 11
1047 54
1292 45
763 3
1447 5
1510 23
174 29
215 38
523 13
391 38
1156 54
1136 54
341 41
1227 3
284 9
952 25
350 62
446 3
1073 11
1230 75
445 62
1032 7
1048 38
1077 54
386 3
846 32
1171 13
739 80
1178 23
938 3
474 38
1333 5
880 32
91 7
541 1
1123 13
676 41
599 38
1226 1
64 29
1270 25
114 32
481 23
228 41
1119 23
127 80
898 5
760 38
1055 11
159 5
1146 7
797 70
506 3
1481 7
841 25
261 32
1295 29
1454 38
463 25
1382 62
958 32
729 54
600 75
34 41
606 38
91 45
1113 23
473 23
458 25
1505 5
943 17
887 25
440 7
129 32
534 23
1328 80
286 75
1338 29
675 70
1531 17
60 13
886 80
271 38
706 41
1550 3
831 23
899 75
350 54
1313 70
1213 75
1397 41
1272 75
1378 1
162 17
27 41
640 1
428 17
224 3
1190 54
1077 70
1525 54
500 32
226 1
345 62
1371 38
1386 9
655 80
424 70
1533 5
1065 75
821 41
1442 70
1143 11
1403 38
321 70
383 25
1436 7
1412 62
629 29
609 3
1485 17
1431 5
186 5
1187 41
359 70
885 62
1435 41
1276 9
1351 41
1002 1
442 80
1406 54
53 3
1082 75
486 80
302 9
144 7
366 5
223 41
362 29
468 38
685 75
1523 13
1492 5
870 41
1019 70
890 54
602 70
1385 70
862 45
1275 62
31 11
1430 70
441 75
1507 70
1362 38
8 23
745 3
929 9
273 80
612 62
655 11
1414 29
1215 25
1301 23
1451 25
964 62
449 45
190 25
1288 23
1276 17
261 7
1527 13
1482 5
1411 45
807 17
455 80
698 29
1345 80
834 62
882 23
1095 13
965 5
846 11
928 38
797 13
64 80
906 62
783 54
471 41
893 1
605 54
229 41
854 17
878 13
421 29
1111 5
1540 3
49 17
291 45
1247 80
493 80
1369 3
160 45
643 3
1247 62
986 54
48 38
306 75
411 7
389 29
828 32
566 13
388 62
897 11
773 45
213 13
1506 5
1059 7
267 23
1323 13
1534 70
254 45
1291 62
613 25
647 45
1178 7
1080 70
961 5
264 38
371 38
721 62
896 32
1205 75
1309 32
495 7
1140 9
1291 13
1454 70
1285 29
730 11
703 3
671 23
996 1
735 45
1031 3
1279 13
1383 54
1207 3
44 29
642 54
94 80
795 5
1214 23
1192 80
433 75
896 1
1487 45
747 54
1446 75
1499 32
1428 38
1167 45
1370 45
1161 62
86 38
1423 80
825 5
216 54
1404 54
1414 9
493 11
584 13
46 80
26 62
265 13
47 70
415 13
520 1
481 7
313 13
1459 1
1314 11
717 32
1273 29
924 75
993 41
208 11
384 41
1282 70
658 7
15 41
565 75
938 17
1534 75
919 9
1366 45
962 32
1236 41
945 80
517 17
131 70
69 45
1166 70
1041 13
385 41
1099 13
1048 9
193 54
1320 54
537 70
302 80
144 11
1486 23
1150 11
201 75
601 11
275 17
675 1
475 9
1216 41
329 3
833 23
351 80
187 80
270 1
617 5
998 13
1257 80
192 32
1136 9
119 41
1244 11
314 41
1257 25
364 9
718 54
1016 11
646 17
1420 9
978 5
338 11
1139 13
1424 54
273 29
369 25
283 80
543 41
902 5
679 75
236 45
1239 32
216 70
759 70
1114 13
1349 38
1535 32
1062 38
1291 75
39 17
1327 32
215 17
1130 13
986 25
1338 13
375 38
1212 11
447 45
1521 1
1448 11
1532 38
183 54
1357 41
699 62
511 41
983 25
1182 11
241 45
355 5
1223 5
513 1
89 62
1060 3
770 45
1308 80
141 70
257 38
879 62
658 9
804 1
645 62
379 23
1174 25
170 11
1166 38
1415 17
408 1
578 80
1531 5
748 75
1150 70
1282 9
358 13
1369 32
637 29
1331 38
971 17
1265 70
354 17
1245 38
177 38
1297 32
439 29
709 29
687 45
1178 38
941 9
154 80
1025 5
692 38
180 38
93 41
30 7
813 32
769 54
1484 32
1189 41
1326 70
118 5
1530 70
620 70
776 80
1509 5
10 41
628 13
1149 25
741 54
393 11
323 3
362 80
898 32
322 13
1123 17
1066 32
1066 3
380 23
1186 23
1434 7
1035 5
338 7
309 62
137 25
859 1
1057 32
1112 32
970 38
537 45
116 25
1057 1
1049 11
239 54
409 25
592 32
531 9
1516 45
53 25
1034 5
640 5
463 11
372 9
420 32
552 54
1290 62
458 29
297 25
1236 54
1438 25
209 7
57 38
1482 3
827 13
948 17
456 17
1431 45
1520 5
397 13
660 1
797 41
1409 41
1302 62
1110 70
1484 17
773 32
753 23
1387 25
618 5
898 70
1219 41
583 62
614 41
124 32
935 17
1541 32
1108 29
125 41
1460 54
55 41
311 80
679 1
1146 11
720 11
1551 9
268 70
1421 80
1161 25
121 9
1443 38
98 17
411 29
357 62
1305 29
505 70
939 41
763 38
1309 13
824 70
998 70
463 5
479 41
509 32
1201 45
683 3
323 17
1092 62
621 5
950 13
1285 25
822 3
843 38
872 9
1023 75
1065 9
1301 32
472 1
129 3
1366 7
1550 7
1029 1
1254 45
1332 45
911 38
482 9
413 45
510 62
1120 32
1202 41
482 32
981 13
1007 13
1079 13
140 9
883 11
912 3
1349 13
1332 32
162 13
28 38
1074 11
88 41
1037 7
6 80
830 80
1518 5
89 23
1520 80
1533 80
195 9
517 29
363 54
1187 9
1053 80
755 41
1225 29
862 17
1168 38
461 11
638 7
885 70
1516 11
1204 23
1228 1
680 25
597 54
1513 29
1204 3
870 7
24 17
1372 41
909 3
438 1
35 75
104 25
800 38
1000 7
867 1
136 7
946 62
872 70
1250 29
1503 7
1545 3
133 54
514 13
220 41
1415 80
665 23
861 45
274 25
1312 11
157 7
886 75
1091 75
1061 3
778 25
137 7
698 45
816 54
356 32
1124 9
120 7
653 5
433 54
1127 13
735 5
69 41
1045 29
1392 75
802 1
673 38
1335 17
1293 62
486 5
1024 41
366 23
304 9
675 41
1460 7
301 5
1017 3
816 62
1399 1
1095 1
452 17
764 25
992 1
1403 3
1081 13
482 3
150 38
419 1
1279 3
253 9
480 25
427 13
1407 54
1054 45
1412 45
904 23
414 5
1046 54
1107 32
1177 45
1065 1
1340 70
223 32
1517 80
1239 45
1199 29
957 7
361 13
551 13
590 45
1248 70
193 11
1074 41
165 62
1435 11
432 17
1514 75
529 62
970 23
1316 7
1353 13
742 29
98 41
773 23
1100 23
240 80
477 11
102 54
895 5
257 25
1212 38
116 80
350 70
1391 1
332 7
387 11
577 1
91 75
898 80
1389 45
1192 38
912 54
223 80
96 70
446 70
262 9
203 13
1044 1
987 62
1108 13
1348 75
212 13
1524 17
922 9
1234 11
1329 7
900 9
1281 32
547 62
779 17
982 17
1544 29
1366 23
76 13
1207 54
1464 13
185 25
1428 25
1502 32
687 13
1098 41
931 9
1443 17
702 54
1337 54
405 38
752 32
1475 3
257 7
193 62
1414 3
1160 75
1377 29
1257 62
1243 54
1436 17
478 29
1347 9
766 29
1062 23
847 1
1552 41
1166 11
796 5
161 80
1182 1
740 17
1013 75
179 25
1016 1
14 5
1433 11
874 70
1149 75
453 29
251 23
555 7
914 29
1410 29
118 38
1516 17
1121 45
1250 75
789 5
1530 9
1177 7
223 62
1284 32
990 54
452 5
451 32
529 41
973 75
329 32
126 54
392 5
186 25
283 17
457 23
1180 1
1323 54
1058 25
19 7
1144 75
788 29
1546 29
1546 7
657 9
405 32
730 32
1173 1
207 25
836 3
304 25
112 45
1068 17
375 62
1517 25
1260 62
1041 32
805 23
310 1
362 13
445 80
1417 3
108 62
964 29
1012 70
259 70
600 9
1360 23
27 5
569 3
1503 54
865 11
1527 45
970 25
876 3
366 9
255 9
901 45
498 80
1483 13
1237 13
206 23
1333 62
410 3
51 41
860 1
1206 3
130 41
441 5
489 38
1549 13
1482 29
660 29
1388 9
197 9
803 29
316 54
254 23
1018 7
684 38
1524 9
1466 62
264 45
683 13
1485 38
1415 75
968 70
1283 29
895 38
1197 32
811 9
557 9
1125 17
943 54
450 45
1163 25
1222 23
715 9
1147 1
197 70
715 11
61 29
1043 5
1268 32
1104 25
1242 9
1213 54
408 23
845 3
1007 23
1155 38
1279 23
595 23
1267 54
1310 23
375 9
503 70
308 29
1319 80
1044 7
580 5
1021 54
587 7
1023 13
485 38
1032 29
385 54
529 29
1016 13
1431 17
1282 41
1210 7
1274 3
245 7
937 7
1158 75
208 3
380 80
771 17
1452 13
513 62
1332 25
1499 25
1155 75
841 54
388 45
142 11
944 41
641 17
1315 70
1345 23
702 23
1256 70
766 3
880 62
1270 45
866 70
375 54
1394 1
1497 25
1480 54
423 17
1134 41
15 32
1550 17
108 3
815 1
768 70
510 17
753 1
374 13
831 70
347 11
129 9
565 1
939 23
1374 23
217 38
598 5
1277 11
607 80
766 1
545 32
1391 62
535 17
708 45
652 7
233 80
544 13
1254 3
760 9
1300 23
924 5
937 54
288 3
1442 62
160 7
359 3
1192 9
1200 17
886 17
544 75
231 80
1137 32
1422 17
232 62
1095 75
719 54
1458 80
1098 70
1255 62
420 75
595 1
908 23
555 45
50 9
522 1
299 54
713 17
1444 17
1419 62
1505 17
98 62
1511 9
1226 29
1393 5
1393 45
362 11
544 80
511 5
16 1
1234 54
837 9
697 7
1193 25
315 3
1187 23
1336 80
1510 70
1435 1
490 70
1284 9
802 54
1072 62
1198 11
1380 3
510 32
1348 23
879 1
1008 7
972 7
714 32
621 11
1199 3
1147 17
514 5
1489 23
1549 62
1501 41
756 7
330 29
1435 5
1108 80
782 62
959 17
1434 70
566 62
1466 25
582 54
283 13
1122 17
155 80
1330 1
1281 5
344 75
1271 75
231 45
697 41
587 1
1345 70
817 1
699 45
1066 54
988 5
1159 7
689 3
874 13
318 80
538 54
1119 3
1308 1
1436 25
101 54
842 75
884 7
66 54
1019 9
1093 41
439 62
1511 1
429 38
1231 17
861 1
433 32
1133 45
1365 70
615 17
1250 7
653 62
511 7
1374 54
990 70
1078 1
548 7
1121 54
743 23
1344 70
1217 54
542 41
1164 25
731 23
929 23
8 54
787 54
1251 9
1394 13
1544 25
1301 1
1054 62
1511 54
563 62
107 5
762 45
1157 5
764 17
153 25
990 80
564 1
328 9
1515 5
1410 54
1238 32
1296 7
1094 13
1000 23
1093 1
949 11
1008 29
273 9
1359 7
790 11
418 7
35 41
758 25
1156 75
1486 54
1511 70
1268 38
303 11
286 54
1498 9
1477 80
571 1
933 7
1388 25
247 3
526 32
521 23
1001 80
824 5
1397 62
850 25
1491 25
983 23
36 62
384 9
106 62
1445 41
292 45
1547 70
1472 3
1143 1
995 11
411 17
1147 13
150 1
520 45
383 9
225 1
1196 45
1149 29
423 41
1468 54
140 32
1401 45
1026 80
1114 38
545 25
1195 5
1494 45
857 13
192 62
1185 9
1384 62
1398 23
83 7
1368 70
1406 70
1228 70
1523 70
1034 75
1227 9
329 23
1448 13
1380 62
905 1
764 62
1251 11
480 45
1225 13
1399 54
759 62
1118 70
649 70
851 32
1016 45
1304 23
1468 62
148 23
1514 25
606 32
1103 32
703 7
1181 75
1340 9
44 80
1475 80
223 45
845 75
78 70
277 3
1489 13
585 13
1262 32
677 3
1515 1
496 25
116 17
1536 38
1098 11
631 13
53 70
1544 38
1043 17
770 5
855 41
1529 23
272 17
476 80
749 9
424 62
584 11
587 3
69 80
1219 80
1031 45
1409 29
1500 62
1243 62
711 23
35 70
1352 13
1326 80
402 7
324 25
840 17
1023 38
1528 45
285 13
1334 5
1127 45
1497 13
1385 38
339 80
1513 1
1543 45
338 9
1546 5
1323 17
549 7
989 3
1159 1
226 9
927 23
65 11
1342 5
919 75
512 70
934 38
147 62
1401 41
1417 29
1419 75
1539 3
495 41
1152 25
1085 29
132 23
1444 75
845 62
573 80
1099 23
1537 38
727 45
515 62
1067 13
251 29
868 32
430 17
85 80
39 9
265 5
1444 11
487 17
355 32
1263 13
1013 80
1430 7
172 29
1062 5
2 17
972 54
500 41
701 3
600 41
366 70
415 54
372 13
1052 25
1010 13
298 54
1013 45
1059 5
1191 70
1273 13
377 9
189 9
556 11
689 11
414 29
723 45
1476 75
1522 80
644 38
506 9
1296 13
871 45
1351 5
625 38
296 80
181 41
670 5
1171 38
1503 41
775 17
202 11
783 41
945 70
342 11
590 23
1426 25
344 1
622 75
633 38
381 1
1457 29
1072 70
507 23
736 3
798 1
1510 5
1377 62
726 62
110 17
922 38
914 13
1478 7
757 80
528 38
1073 32
741 32
471 17
808 29
1453 38
661 1
1081 17
701 70
771 13
778 1
1237 62
1310 25
1445 1
158 7
764 80
779 9
1346 11
228 32
1293 75
1365 5
1147 45
284 70
1497 41
749 41
633 32
1157 38
1400 7
420 5
352 5
892 29
953 7
1283 17
1438 70
1501 29
545 75
1492 3
142 13
352 1
1165 11
187 54
1217 41
687 29
1482 1
834 54
803 23
1114 3
497 1
767 1
821 25
1538 41
124 3
295 13
1384 32
1454 41
704 62
798 62
1506 1
947 45
171 29
53 80
924 25
147 32
740 5
258 25
1301 17
839 62
585 3
1479 7
159 75
1434 45
800 41
1280 1
570 41
1056 1
993 13
1427 41
84 17
318 41
77 3
1314 38
686 29
416 17
1057 5
1447 70
428 23
711 54
881 11
1422 54
190 9
294 3
1232 3
545 80
891 41
260 29
509 23
572 3
622 45
1039 1
975 70
801 75
652 38
643 1
934 11
1014 17
278 32
1344 62
1287 70
1355 3
1489 1
613 23
409 13
960 54
571 25
432 13
604 70
997 3
1307 1
325 62
1382 54
1030 62
290 41
806 1
1162 70
162 41
124 45
468 5
1418 7
1456 41
999 29
464 70
678 11
1521 11
920 1
253 25
750 29
1006 38
662 1
39 7
101 25
322 70
646 32
905 7
182 41
1266 9
305 7
1320 45
832 9
786 9
325 70
1355 1
602 23
549 32
641 41
1113 38
354 70
104 1
158 17
1218 17
616 11
740 75
901 80
1362 17
596 7
815 29
1216 3
784 25
1220 38
204 45
99 9
1477 54
1520 7
1334 29
1029 75
772 32
454 54
1068 32
1101 41
1145 75
1078 45
432 80
1120 11
1546 9
256 7
573 25
1501 54
554 32
413 41
403 38
1193 23
1369 75
305 41
78 17
272 70
1259 13
1339 5
747 62
1516 62
914 5
698 25
175 62
849 13
1487 41
435 32
696 7
301 54
1528 41
1399 9
1462 11
941 32
972 25
1181 23
617 9
1059 13
391 29
240 13
349 29
1346 70
235 62
161 62
789 41
1218 1
946 32
913 7
599 7
1446 38
1238 29
648 41
577 5
1135 54
927 25
1348 11
980 25
706 25
777 25
1529 25
1541 5
373 80
270 17
554 80
33 1
1256 17
1475 54
718 45
1241 17
1201 29
778 41
1166 54
1068 5
1429 32
402 80
365 75
1081 70
518 17
179 11
1530 75
744 11
1272 29
1541 17
1001 62
1423 62
1466 32
973 41
56 9
481 29
1283 45
668 13
1539 38
731 7
1091 41
299 1
750 41
1480 32
1009 11
1508 38
483 11
954 11
527 7
623 54
1543 11
731 41
21 9
430 80
750 9
14 7
429 25
1318 75
1544 75
148 75
650 32
525 62
1172 38
469 7
686 11
886 9
1494 25
1266 5
539 45
356 11
559 23
249 70
444 13
951 75
1512 7
1094 38
1439 5
889 38
71 25
888 62
1262 23
117 54
915 29
348 7
1143 29
51 75
757 70
1046 13
276 38
1153 5
1407 70
809 80
944 32
1135 5
606 75
1153 75
840 32
143 41
1304 17
1006 70
1162 7
425 62
140 29
396 13
245 3
1100 41
996 54
512 32
584 29
475 45
1410 62
827 62
725 5
1261 32
242 9
94 17
1444 29
958 45
637 11
417 1
551 29
188 80
425 29
730 7
340 25
1316 5
1483 38
156 80
208 9
531 17
1055 38
1414 25
1004 25
285 54
942 11
272 75
1402 7
878 41
1031 80
611 45
472 29
553 32
476 70
1347 62
763 17
1058 17
892 70
176 9
1466 75
581 23
1104 80
385 80
239 17
1202 38
1194 11
681 11
1508 75
342 25
829 23
1055 25
1372 13
284 45
1340 25
101 13
1510 54
419 25
450 7
694 54
668 1
762 13
1199 1
293 25
265 54
603 54
312 5
491 9
400 54
729 1
1133 9
1126 23
782 3
1208 32
388 1
696 23
514 25
8 1
1395 13
712 23
1528 17
282 23
97 38
1087 23
628 38
1479 75
589 32
607 9
336 29
554 38
56 29
1267 13
860 5
207 70
1047 1
542 5
1206 62
1280 29
89 70
1361 3
1110 1
1452 41
733 5
1457 11
1310 1
1267 80
1505 1
12 17
603 5
885 29
765 25
449 13
1028 62
76 9
821 80
1062 45
863 38
1181 3
706 29
777 23
1449 45
1550 62
988 62
345 17
199 75
1263 80
376 29
724 41
388 13
813 3
1014 75
159 13
1397 5
361 11
719 3
835 3
1004 54
464 62
666 13
21 32
1391 25
807 25
640 41
980 38
1487 80
922 75
704 25
1363 75
222 70
1478 70
765 9
850 54
1385 23
374 80
92 1
1303 32
1065 7
1106 7
191 54
1283 38
68 62
988 41
1382 5
435 80
1252 11
516 70
575 17
93 17
1140 80
1528 54
1424 25
1063 38
372 38
20 32
962 75
503 62
713 38
238 5
821 54
1074 75
684 70
485 45
1231 25
0 13
586 75
1452 25
520 11
1134 32
298 17
890 38
264 62
1401 54
1484 1
278 7
348 54
1427 32
1185 62
723 3
1552 23
1463 75
287 17
800 9
1421 25
1549 54
1160 7
1497 38
1174 41
162 1
84 75
217 11
961 32
57 45
1236 70
1063 62
1429 70
1374 32
256 70
621 80
831 5
1001 17
1185 13
1447 41
1440 62
774 32
1378 80
1327 54
890 7
1413 41
330 25
186 45
1413 62
49 9
1168 62
315 80
478 45
208 75
492 3
1027 17
1512 29
214 62
1473 80
434 29
1354 38
944 23
446 32
1085 17
105 45
1063 25
1545 13
1066 1
1465 13
1154 25
222 11
1230 13
1038 80
1428 80
330 32
100 5
483 17
479 23
1183 80
1130 70
969 17
216 75
1442 45
921 1
694 41
1325 17
164 1
601 23
394 11
1239 9
1217 13
1481 75
155 25
34 45
1352 9
454 45
194 17
1107 70
1286 17
128 41
923 11
47 62
1192 7
14 11
566 3
438 45
971 25
1486 25
605 17
1287 3
823 5
475 41
517 13
1144 3
1194 3
512 3
333 9
707 11
399 75
1402 32
308 17
1226 13
1268 45
203 5
1218 11
1321 3
78 9
1369 54
77 25
850 3
250 7
1061 7
1461 54
1493 29
1071 80
1251 75
419 38
540 23
1103 54
716 70
890 3
411 54
1184 3
518 25
1245 25
194 13
1306 7
909 41
950 11
1529 3
1465 32
1504 75
1183 23
436 38
1537 9
250 9
1044 80
1405 11
811 1
1179 3
200 62
947 23
745 75
1389 13
185 3
906 45
1450 80
761 29
398 11
691 54
456 70
778 75
1169 54
81 75
1155 11
443 54
86 41
870 23
1322 25
343 38
1195 11
445 29
1493 11
501 9
1358 41
968 29
1552 38
1353 38
712 45
1436 13
640 9
290 54
10 25
1243 23
1010 70
835 25
457 7
1228 17
72 25
1501 5
1360 41
42 3
198 13
1135 7
316 25
982 29
711 17
354 80
693 7
1219 75
1552 54
1546 23
1320 41
1539 41
1108 7
297 3
263 41
675 17
924 11
962 7
748 29
538 70
1162 17
364 5
359 23
1165 62
490 41
1298 29
106 32
1500 41
671 7
977 11
1540 29
689 7
160 75
127 5
1132 23
1196 9
1246 54
1131 29
846 80
913 70
945 3
963 25
1428 45
266 80
1440 23
1213 62
783 7
732 29
367 45
621 17
1316 17
474 9
1013 23
1517 54
327 3
970 9
19 9
422 75
771 29
293 23
1200 75
16 75
877 9
166 41
425 75
939 11
992 45
1118 41
265 45
1464 11
976 70
1346 25
326 29
486 41
590 7
974 1
694 1
1190 11
287 41
1191 3
560 17
524 23
1542 45
1350 80
748 13
718 7
161 17
1102 1
1343 9
1242 80
1344 23
1253 9
554 3
1316 80
1125 41
1545 75
246 45
1545 5
1317 75
1116 23
1503 23
1533 23
1273 7
1179 1
131 75
915 13
786 23
497 23
1220 70
178 25
262 3
543 7
741 13
968 23
377 32
1330 3
731 54
438 23
1514 5
1530 13
875 62
723 9
968 45
480 80
1137 13
608 13
1509 80
942 80
801 70
673 3
987 54
140 80
816 5
758 62
485 75
595 32
875 23
748 38
794 41
926 3
755 17
1217 38
390 41
401 25
1542 54
940 62
104 70
293 7
522 54
331 7
751 25
626 23
491 23
1469 5
1295 54
408 3
199 1
1518 80
466 62
712 70
1288 1
816 38
867 13
454 11
935 54
276 5
1354 7
1526 7
232 13
485 70
1383 13
111 70
667 80
694 32
759 1
84 80
1525 25
111 13
745 29
1265 5
1416 38
828 9
989 25
407 62
795 41
1105 75
1405 25
827 45
953 54
838 41
1150 54
706 13
1455 45
268 38
407 9
852 75
502 54
404 3
78 54
1124 7
459 5
1472 25
479 11
1523 45
567 5
152 13
852 13
19 62
132 9
486 38
27 45
1139 17
700 11
1499 23
820 29
416 13
638 17
1080 17
1246 23
1067 23
1114 75
665 32
1428 11
1470 32
1301 75
582 23
1514 70
263 62
1153 11
1462 23
703 54
160 29
422 54
1469 17
207 32
1184 25
590 13
109 3
128 29
437 3
953 70
1315 41
204 75
1052 54
434 38
1193 13
1551 25
1068 45
619 54
278 54
1425 80
104 13
1064 38
1237 23
1375 7
915 75
362 1
1150 38
1222 3
1281 54
386 29
200 11
966 9
105 62
524 1
1229 7
1030 80
837 38
287 3
1530 3
753 45
1280 41
71 5
636 45
747 75
477 23
905 9
829 3
873 54
409 38
1073 7
578 54
519 17
138 11
1069 11
488 11
1257 9
1050 70
126 17
620 1
50 1
671 29
1158 17
173 23
495 1
134 11
998 23
320 25
1473 45
240 75
798 75
1504 5
1267 41
1165 23
1048 32
77 75
1344 1
93 9
365 25
558 38
536 9
311 38
546 7
147 1
683 29
335 38
1549 11
164 9
1385 25
631 41
1126 38
433 29
1485 80
691 32
112 3
252 70
722 32
564 5
1326 62
488 62
1274 62
117 32
356 7
222 25
803 32
908 32
1390 11
567 11
665 62
1240 54
233 9
255 23
189 32
1533 9
1547 1
738 32
959 3
902 75
60 3
310 5
1255 54
1156 25
806 23
652 11
410 54
889 45
332 75
950 45
1317 80
1102 45
1198 75
1426 45
520 9
368 45
1024 5
1403 11
1123 11
696 25
976 13
74 13
234 9
1350 75
322 7
364 25
1523 62
249 17
1111 45
377 5
983 45
615 23
590 38
947 80
205 45
974 75
1159 41
629 75
442 1
872 13
239 13
1515 13
391 1
1249 23
100 13
1441 54
399 11
241 5
1495 1
177 11
832 41
657 41
838 38
533 80
1202 7
994 13
1376 7
1377 13
232 3
141 11
761 41
1411 5
494 9
767 45
796 41
1513 75
1284 75
951 5
609 13
794 38
1312 41
57 75
291 25
911 45
332 23
406 13
1552 25
148 5
1485 25
389 11
598 29
1425 17
467 54
1436 80
1069 23
198 7
285 7
368 3
353 5
1088 38
1512 13
1518 62
283 5
493 1
14 29
1327 25
1304 45
860 7
1013 54
1504 45
556 62
705 7
483 45
1082 11
511 80
1318 62
