40 292
0 1
2 3
4 5
3 6
1 7
8 6
9 10
11 12
13 1
8 14
15 5
8 7
16 6
0 11
17 18
19 20
13 4
21 14
2 16
17 22
18 4
19 6
16 18
23 1
19 8
16 4
15 4
2 1
6 24
19 4
21 25
19 1
26 14
0 23
2 12
15 14
2 21
27 5
3 4
22 7
17 12
22 1
6 28
27 18
2 22
26 10
0 7
2 10
27 6
26 29
27 22
0 22
2 23
23 11
23 22
26 0
4 12
14 6
3 1
16 10
14 12
21 3
26 23
3 29
3 22
11 30
26 11
15 25
0 8
11 14
15 8
29 11
16 7
19 18
19 15
19 21
22 14
21 7
11 6
21 17
26 3
13 11
16 15
18 3
11 25
3 14
14 7
23 3
16 13
0 3
18 7
18 9
23 10
2 11
6 12
0 4
2 18
17 20
27 14
21 18
13 7
13 14
18 12
21 20
0 18
16 3
0 17
21 12
26 6
2 4
18 11
2 6
27 4
21 6
31 7
21 8
13 17
26 16
0 6
12 7
29 14
26 4
16 23
2 17
10 12
29 6
17 7
32 11
27 13
2 8
26 12
33 18
23 12
16 25
8 12
18 10
11 20
13 10
26 5
27 29
2 26
34 12
21 13
21 15
8 11
23 14
19 29
17 3
6 10
26 1
27 16
2 14
0 21
2 7
2 29
19 23
2 30
18 22
17 29
19 17
1 10
25 7
18 20
16 14
17 6
16 19
27 21
17 1
16 29
2 0
4 14
18 34
15 10
27 3
23 17
26 33
23 7
17 4
23 29
2 20
18 6
21 29
12 20
0 20
6 5
19 7
19 25
11 5
23 4
19 11
21 1
2 27
15 29
7 20
16 17
18 1
0 15
26 17
19 22
34 10
15 33
29 4
35 25
4 7
16 30
4 22
13 12
16 11
0 25
13 6
4 6
8 10
19 13
29 7
13 22
21 23
17 10
16 1
26 18
26 19
15 18
27 7
13 18
27 12
22 6
34 6
17 11
16 0
15 17
29 22
10 7
0 13
31 21
26 13
0 10
3 11
0 14
14 25
2 13
27 19
19 0
13 36
10 20
1 14
6 7
13 3
26 21
2 19
22 12
37 18
0 12
8 5
19 3
19 12
19 10
26 15
16 33
23 18
27 0
21 10
18 29
14 10
29 12
33 5
3 12
16 22
18 38
16 21
3 7
27 11
39 35
21 22
6 20
26 7
16 12
19 14
0 29
23 13
26 27
21 4
11 7
21 11
26 22
15 11
16 8
17 14
15 7
4 11
13 29
22 11
16 20
1 12
