252 476
0 1
2 3
4 5
6 7
8 9
10 11
12 13
14 15
14 16
17 18
19 20
21 22
23 24
25 26
27 28
29 30
31 32
33 34
35 36
37 38
39 16
40 41
42 43
44 28
45 36
46 47
48 49
50 32
51 52
53 54
55 56
57 58
37 58
59 22
60 61
62 63
64 65
66 67
45 68
69 70
71 72
73 74
75 76
29 77
78 79
45 80
81 68
82 83
84 85
8 86
87 88
89 63
45 72
90 41
35 80
6 91
46 92
93 94
95 96
97 98
99 100
101 102
51 103
104 54
105 106
107 108
17 109
33 110
111 112
57 113
114 115
116 61
117 118
119 120
121 122
123 124
107 125
90 126
127 11
48 128
21 129
13 130
3 131
2 132
133 134
97 135
136 122
116 80
60 137
73 5
138 9
139 140
141 142
55 126
55 143
144 145
146 47
136 26
147 148
149 109
150 28
62 72
81 80
29 151
152 88
51 142
114 113
153 154
155 156
17 15
157 91
158 100
159 135
23 137
119 160
161 162
163 108
164 32
165 166
167 24
168 169
170 11
105 171
172 43
173 174
105 175
176 177
178 179
27 180
133 11
146 112
181 180
182 106
183 184
77 129
81 70
147 185
138 186
187 92
188 160
95 189
172 190
159 98
191 34
146 56
119 1
152 83
192 142
158 65
53 193
194 195
196 34
42 197
198 20
87 140
6 171
199 52
50 106
158 67
200 201
14 18
155 202
153 67
111 76
10 203
29 204
196 197
205 109
111 52
31 151
69 206
199 112
207 208
209 94
101 38
210 134
211 38
6 145
183 131
194 203
75 98
59 148
212 79
182 70
202 213
181 214
111 47
215 209
168 170
42 49
150 216
149 204
139 217
44 113
10 195
218 219
161 185
194 220
13 140
90 143
156 221
222 49
57 38
141 179
115 132
223 145
152 217
93 162
150 169
224 129
105 91
21 225
226 227
157 145
222 216
168 216
16 9
210 228
229 190
191 197
37 184
90 122
211 135
200 219
158 128
146 143
66 193
230 67
187 231
89 174
159 232
84 88
223 54
33 231
218 78
155 172
107 79
176 41
233 228
40 112
141 102
234 1
224 5
235 174
236 185
237 238
2 220
192 98
188 239
222 128
187 208
149 189
116 240
241 137
84 130
117 206
181 169
151 22
12 131
101 139
219 79
242 134
66 100
114 180
236 225
73 86
23 243
198 47
46 20
224 86
121 18
57 244
69 245
17 96
97 102
202 190
71 160
99 238
27 113
60 24
164 209
233 246
97 142
247 238
82 85
167 239
99 171
161 246
35 248
116 248
173 126
157 70
69 68
191 190
114 58
226 74
223 61
237 171
205 204
214 132
180 132
147 94
35 239
191 43
200 103
241 243
8 227
99 7
237 166
31 204
165 209
123 238
235 63
234 63
136 96
236 148
136 174
144 54
249 133
163 125
165 175
229 34
170 195
249 127
207 231
104 137
218 16
75 92
117 106
247 124
229 231
192 76
222 65
64 124
192 52
53 250
77 22
165 32
89 245
153 221
8 74
75 232
3 115
64 127
77 186
40 143
224 186
4 225
82 125
144 7
62 245
93 134
40 201
163 85
44 197
164 151
144 193
50 118
187 232
50 175
205 30
247 242
212 125
211 110
167 248
183 58
183 115
207 213
176 18
14 177
95 26
249 242
214 220
237 175
19 208
4 129
153 128
150 49
133 228
157 240
25 206
247 166
59 94
149 118
234 251
230 221
19 92
25 245
147 162
104 61
138 86
196 244
230 193
173 122
60 248
176 201
121 41
212 83
179 83
156 154
89 26
181 170
196 110
10 228
235 251
107 227
184 140
233 203
178 212
71 36
95 109
44 244
39 15
159 110
101 135
0 120
33 232
51 179
210 162
210 246
71 1
39 30
46 76
123 100
81 240
182 206
199 103
215 93
31 118
215 166
200 177
214 195
27 169
64 216
78 9
87 217
164 59
198 56
182 91
178 219
42 28
168 127
25 189
39 138
172 154
241 250
78 227
229 213
0 251
104 250
141 152
234 72
218 177
188 36
82 88
178 103
117 189
226 108
205 15
215 242
21 148
48 43
30 186
123 65
62 68
37 139
66 7
223 240
87 130
102 217
48 154
121 96
249 124
211 244
199 201
12 184
