162 510
0 1
0 2
0 3
1 4
1 2
1 3
1 5
4 6
4 3
4 5
4 7
6 8
6 5
6 7
6 9
8 10
8 7
8 9
8 11
10 12
10 9
10 11
10 13
10 14
12 15
12 11
12 13
12 16
15 17
15 13
15 16
15 18
17 19
17 16
17 18
17 20
19 21
19 18
19 20
19 22
21 20
21 22
2 3
2 23
2 24
3 5
3 23
3 24
3 25
5 7
5 24
5 25
5 26
7 9
7 25
7 26
7 27
9 11
9 26
9 27
9 28
11 13
11 27
11 28
11 29
13 16
13 28
13 29
13 30
16 18
16 29
16 30
16 31
18 20
18 30
18 31
18 32
20 22
20 31
20 32
20 33
22 32
22 33
23 24
23 34
23 35
24 25
24 34
24 35
24 36
25 26
25 35
25 36
25 37
26 27
26 36
26 37
26 38
27 28
27 37
27 38
27 39
28 29
28 38
28 39
28 40
29 30
29 39
29 40
29 41
30 31
30 40
30 41
30 42
31 32
31 41
31 42
31 43
32 33
32 42
32 43
32 44
33 43
33 44
34 35
34 45
34 46
35 36
35 45
35 46
35 47
36 37
36 46
36 47
36 48
37 38
37 47
37 48
37 49
38 39
38 48
38 49
38 50
39 40
39 49
39 50
39 51
40 41
40 50
40 51
40 52
41 42
41 51
41 52
41 53
42 43
42 52
42 53
42 54
43 44
43 53
43 54
43 55
44 54
44 55
45 46
45 56
45 57
46 47
46 56
46 57
46 58
47 48
47 57
47 58
47 59
48 49
48 58
48 59
49 50
50 51
51 52
52 53
52 60
52 61
53 54
53 60
53 62
53 61
54 55
54 60
54 62
54 63
55 62
55 63
56 57
56 64
56 65
57 58
57 64
57 65
57 66
58 65
58 66
58 59
58 67
60 62
60 68
60 69
60 61
60 70
62 63
62 68
62 69
62 71
63 69
63 71
64 65
64 72
64 73
65 66
65 72
65 73
65 74
66 73
66 74
66 59
66 67
66 75
68 69
68 76
68 77
68 61
68 70
68 78
69 71
69 76
69 77
69 79
71 77
71 79
72 73
72 80
72 81
73 74
73 80
73 81
73 82
74 81
74 82
74 67
74 75
74 83
76 77
76 84
76 85
76 70
76 78
76 86
77 79
77 84
77 85
77 87
79 85
79 87
80 81
80 88
80 89
81 82
81 88
81 89
81 90
82 89
82 90
82 75
82 83
82 91
84 85
84 92
84 93
84 78
84 86
84 94
85 87
85 92
85 93
85 95
87 93
87 95
88 89
88 96
88 97
89 90
89 96
89 97
89 98
90 97
90 98
90 83
90 91
90 99
92 93
92 100
92 101
92 86
92 94
92 102
93 95
93 100
93 101
93 103
95 101
95 103
96 97
96 104
96 105
97 98
97 104
97 105
97 106
98 105
98 106
98 91
98 99
98 107
100 101
100 108
100 109
100 94
100 102
100 110
101 103
101 108
101 109
101 111
103 109
103 111
104 105
104 112
104 113
105 106
105 112
105 113
105 114
106 113
106 114
106 99
106 107
106 115
108 109
108 116
108 117
108 102
108 110
108 118
109 111
109 116
109 117
109 119
111 117
111 119
112 113
112 120
112 121
113 114
113 120
113 121
113 122
114 121
114 122
114 107
114 115
114 123
116 117
116 124
116 125
116 110
116 118
116 126
117 119
117 124
117 125
117 127
119 125
119 127
120 121
120 128
120 129
121 122
121 128
121 129
121 130
122 129
122 130
122 115
122 123
122 131
124 125
124 132
124 133
124 118
124 126
124 134
125 127
125 132
125 133
125 135
127 133
127 135
128 129
128 136
128 137
129 130
129 136
129 137
129 138
130 137
130 138
130 139
130 123
130 131
132 133
132 140
132 141
132 142
132 126
132 134
133 135
133 140
133 141
133 143
135 141
135 143
136 137
136 144
136 145
137 138
137 144
137 145
137 146
138 145
138 146
138 139
138 147
138 131
140 141
140 148
140 149
140 142
140 150
140 134
141 143
141 148
141 149
141 151
143 149
143 151
144 145
145 146
146 139
146 147
148 149
148 142
148 150
149 151
142 152
142 153
142 150
142 134
152 154
152 155
152 153
152 150
154 156
154 157
154 155
154 153
156 139
156 147
156 157
156 155
139 147
139 157
139 131
147 157
157 155
155 153
153 150
59 67
67 75
75 83
83 91
91 99
99 107
107 115
115 123
123 131
61 70
70 78
78 86
86 94
94 102
102 110
110 118
118 126
126 134
158 159
159 160
160 161
161 14
