1091 3421
0 1
2 3
4 5
6 7
8 9
10 11
12 13
14 15
16 17
18 19
20 21
22 23
24 25
26 27
28 29
30 31
32 33
34 35
36 37
20 38
39 27
40 41
42 3
43 29
44 45
46 47
43 48
49 50
51 52
53 54
55 56
57 58
59 60
61 62
63 64
65 25
66 67
68 69
70 71
72 73
74 62
75 76
77 78
55 79
80 81
82 52
83 84
85 86
87 88
89 90
91 92
93 94
95 96
97 98
99 100
101 102
103 104
105 48
106 3
107 108
109 110
111 112
113 114
115 116
117 118
119 64
120 62
121 122
123 124
125 126
127 128
129 88
130 131
132 133
134 104
135 136
137 138
99 139
140 48
141 84
142 143
144 145
125 146
147 92
130 143
148 149
150 151
152 153
154 56
155 92
156 157
158 159
24 157
160 161
162 41
75 163
164 58
165 166
2 167
168 136
28 33
169 170
171 172
75 41
173 174
175 64
162 176
177 178
179 145
180 181
39 29
182 183
184 185
186 58
187 188
189 181
87 7
190 191
192 193
194 195
196 197
57 198
199 21
200 201
202 203
109 13
204 205
206 133
207 208
209 60
210 25
211 212
213 176
214 118
189 215
216 217
189 218
219 220
154 221
222 223
224 225
226 15
227 50
72 157
228 159
229 96
87 230
231 232
233 64
234 235
236 138
237 183
238 37
194 239
240 241
242 243
244 245
246 172
175 159
247 248
249 172
250 215
12 201
34 67
80 79
251 52
168 235
6 252
125 104
253 198
103 193
228 50
254 151
255 256
257 258
259 260
261 241
262 96
263 258
103 221
264 265
214 25
22 245
266 267
268 188
242 203
200 33
134 269
270 195
271 272
249 273
274 256
275 81
276 143
168 17
277 278
249 279
280 281
4 13
282 283
284 285
286 287
87 198
288 203
65 289
290 291
292 293
294 45
295 166
296 203
297 298
26 126
42 223
299 181
300 272
301 170
302 303
276 304
305 306
80 9
307 279
308 309
134 310
311 131
312 260
312 225
313 35
314 41
315 114
316 76
213 212
317 122
318 319
229 320
321 322
300 1
323 86
324 124
155 325
326 9
121 221
327 293
328 329
330 131
317 54
331 159
332 225
333 67
334 27
39 310
190 335
43 21
336 170
93 1
337 58
338 339
340 11
341 218
338 163
288 62
342 343
344 345
99 345
346 347
348 78
349 220
154 319
312 73
288 88
247 350
351 153
352 220
353 5
290 258
354 320
355 241
356 220
317 357
97 358
119 88
359 15
360 166
317 174
334 19
262 361
362 195
189 62
363 143
103 170
364 283
365 181
207 71
366 25
277 367
111 256
103 273
368 241
369 96
300 370
317 225
371 73
366 159
228 278
372 56
373 322
177 193
34 374
356 81
375 376
377 361
378 374
379 345
292 174
308 198
312 380
271 159
381 325
175 7
75 225
382 383
384 225
385 243
386 15
387 298
388 23
389 110
263 370
390 285
391 350
392 358
393 291
179 394
395 376
134 178
360 19
43 143
372 108
168 339
194 159
396 7
397 383
155 256
398 252
399 289
57 11
154 71
366 31
32 278
268 50
400 304
399 138
401 248
234 185
402 322
388 193
403 100
404 405
406 104
301 79
407 13
408 303
26 122
409 217
210 410
65 361
233 303
366 92
411 256
412 163
413 325
288 1
312 325
414 374
415 41
416 345
417 19
169 367
4 380
247 48
80 418
419 248
420 367
421 104
384 320
43 320
80 258
323 201
422 235
290 383
423 272
424 145
425 102
426 273
427 9
107 31
428 86
89 265
16 90
277 29
429 281
430 62
368 218
431 339
317 64
432 88
433 434
213 128
435 1
436 383
437 335
438 67
299 167
93 361
439 143
213 440
441 110
169 442
89 139
443 357
51 81
300 188
240 110
385 444
378 445
323 7
24 230
10 60
446 283
447 306
271 322
448 287
449 394
103 252
450 343
451 96
452 181
453 102
103 9
454 60
455 62
353 21
43 56
456 383
263 260
457 138
12 118
379 285
40 335
458 176
356 309
459 58
59 460
461 108
317 319
103 460
268 193
189 283
61 35
155 281
308 79
317 60
288 60
462 380
463 464
465 319
155 232
466 440
467 440
468 48
469 440
16 19
456 161
470 69
42 185
353 38
471 298
408 434
472 159
473 81
353 86
474 239
120 21
475 205
4 96
476 94
32 357
375 235
332 445
477 153
59 478
479 21
480 481
482 7
483 188
348 287
247 163
87 484
485 486
487 488
292 243
341 320
209 122
288 143
26 217
489 220
59 488
12 139
490 273
491 267
61 176
255 159
492 235
493 232
494 94
213 195
495 496
169 309
497 27
386 161
498 76
499 11
500 33
378 143
501 167
158 394
158 100
160 122
502 149
312 319
503 38
469 15
294 151
476 230
24 33
504 149
451 205
61 88
32 56
505 345
228 176
506 232
507 230
508 185
207 3
213 444
509 33
437 367
288 394
510 54
349 29
511 98
512 124
513 102
134 289
93 245
514 258
515 159
516 79
517 223
155 484
262 434
518 445
209 367
87 281
519 347
520 126
194 98
240 3
461 212
521 245
214 310
51 243
175 405
522 38
255 116
277 122
292 58
308 208
523 283
294 191
524 525
526 90
20 444
93 370
527 86
528 298
529 146
249 208
270 252
209 440
530 54
326 380
177 283
331 198
109 47
531 394
125 217
386 178
532 267
533 269
262 153
348 7
534 278
520 5
535 62
228 76
536 481
360 146
537 484
353 325
24 361
341 303
538 205
312 69
539 540
93 52
541 100
542 339
543 153
544 170
545 478
332 157
103 86
474 54
408 325
546 269
57 442
250 185
547 215
428 100
268 394
24 357
548 496
250 460
277 108
177 221
529 549
59 1
22 322
189 223
317 69
550 410
36 551
229 248
552 33
109 298
233 195
553 444
125 102
80 193
209 289
554 486
555 71
556 357
557 265
378 50
419 235
353 558
247 1
214 112
559 374
290 283
506 357
427 376
209 220
560 86
348 183
561 58
562 484
87 235
158 265
563 287
207 170
334 376
233 122
300 460
564 540
384 90
300 195
51 58
565 136
566 440
360 161
567 124
389 232
568 163
569 279
570 151
99 285
571 172
179 163
572 549
154 347
573 252
389 67
574 124
575 217
229 258
386 304
576 62
168 151
577 245
213 325
147 71
433 25
175 11
240 525
72 578
579 380
194 444
580 376
581 440
582 558
583 269
262 7
584 92
175 31
585 289
586 215
587 394
588 100
2 71
589 367
590 166
433 488
365 208
591 287
12 558
87 163
57 79
43 146
360 322
592 273
593 136
378 265
40 71
569 325
594 178
300 442
595 374
130 549
72 481
271 596
175 358
597 329
598 149
263 272
389 267
599 287
600 13
601 358
602 188
127 19
603 174
604 45
605 69
308 114
276 31
323 484
194 116
606 52
292 361
607 258
608 149
155 551
495 329
427 47
609 167
263 23
473 201
610 278
379 67
2 131
611 79
612 178
408 157
613 128
317 380
529 23
588 56
428 19
462 76
501 176
61 320
384 215
614 38
427 112
451 167
615 100
332 188
12 329
250 245
616 252
617 176
592 269
618 35
168 325
619 73
341 90
384 45
263 112
574 188
430 481
607 3
620 50
621 35
622 178
12 460
341 139
404 239
623 218
624 361
462 71
277 218
308 94
625 79
453 136
308 29
75 239
26 549
503 114
312 62
626 243
627 124
323 218
628 325
42 35
629 118
630 285
451 361
233 367
57 279
20 339
240 256
603 488
87 153
72 172
631 88
290 265
162 232
529 310
247 174
617 464
632 176
89 335
633 596
209 174
634 287
389 319
635 357
636 198
89 245
637 376
638 45
639 143
103 370
75 86
429 525
255 248
334 112
228 256
61 269
640 23
207 191
641 37
503 197
642 225
624 159
643 183
142 329
462 410
209 33
300 376
214 279
644 444
419 488
645 163
168 88
179 303
93 486
24 267
356 343
427 166
646 104
603 309
566 1
209 178
455 241
586 25
20 258
192 481
647 464
648 405
603 319
266 98
389 191
127 322
649 410
276 118
43 176
408 235
455 124
42 13
106 212
650 76
651 143
652 31
653 383
654 218
292 434
349 149
379 273
219 347
655 540
656 21
158 464
44 243
657 149
658 304
57 81
80 478
659 122
428 139
660 481
22 67
661 357
516 185
308 102
277 232
662 350
639 496
663 37
175 122
664 596
271 230
665 221
666 203
548 367
72 69
667 201
353 37
603 232
653 122
75 484
59 370
51 124
134 170
466 17
668 96
669 178
670 481
671 434
22 478
672 281
6 41
673 218
674 205
57 153
162 21
12 100
2 325
379 675
676 17
169 245
389 235
360 153
611 376
674 112
262 319
677 221
678 484
2 48
24 31
276 540
169 195
356 376
317 62
4 21
613 71
257 37
233 76
300 293
679 287
503 418
6 131
125 193
386 159
680 235
348 380
681 157
134 283
125 243
247 217
271 29
341 176
268 145
682 484
531 410
683 220
529 434
8 181
408 88
323 88
65 9
312 252
541 96
684 293
666 444
348 13
409 151
300 112
20 525
57 9
521 76
162 183
433 145
130 188
194 33
115 376
398 35
685 303
371 139
686 94
508 116
277 205
687 221
571 33
366 27
688 248
80 410
689 146
16 124
690 23
430 167
300 29
300 212
459 289
349 358
691 114
240 267
95 79
119 215
229 90
430 139
692 269
308 161
693 197
348 558
654 310
6 78
408 50
694 558
250 370
695 265
249 260
16 285
378 279
696 136
4 38
697 23
277 445
698 41
61 358
642 235
699 358
620 217
700 298
517 110
292 102
341 319
24 484
30 212
701 464
514 174
702 383
419 45
703 217
386 486
352 558
109 71
704 549
705 445
20 496
706 525
137 62
707 104
708 265
428 17
709 38
710 256
173 108
581 223
711 139
53 218
712 167
713 167
714 540
389 5
262 131
317 440
89 540
384 241
715 41
716 163
502 11
105 69
717 245
119 172
194 357
24 60
288 235
206 131
718 306
719 283
720 496
721 343
485 163
722 243
378 145
705 17
723 19
724 335
725 88
312 64
724 86
503 298
726 131
727 92
557 256
728 223
288 343
155 149
229 172
87 11
729 347
103 347
730 161
89 100
731 157
312 357
732 223
169 212
103 197
109 138
233 212
308 596
419 551
308 149
545 48
290 410
268 138
276 291
175 153
175 25
733 88
641 197
65 60
22 418
696 549
360 394
4 203
130 343
503 67
61 203
734 367
735 172
154 484
736 157
179 76
290 442
737 183
738 460
664 81
739 484
740 100
427 193
741 11
742 358
34 283
42 596
276 146
743 3
300 464
744 138
745 62
99 110
158 217
746 319
378 245
366 100
747 33
473 374
748 243
127 442
679 110
449 25
288 358
93 128
749 197
24 96
505 58
433 198
750 116
751 445
39 149
164 138
752 131
580 170
333 198
455 96
753 551
127 195
189 347
346 306
72 278
682 181
754 197
222 17
755 54
573 25
634 309
356 112
756 551
20 232
93 208
570 33
26 285
757 58
65 193
61 67
233 267
758 52
489 350
80 58
759 460
760 239
277 394
158 166
6 96
341 76
487 139
65 114
334 178
189 339
761 444
207 78
233 50
556 131
175 367
762 64
763 269
582 260
764 410
576 272
765 183
356 84
286 41
274 205
766 178
39 122
426 47
386 33
24 309
428 9
767 78
261 405
263 410
168 47
165 118
768 176
228 143
769 92
189 48
26 304
59 540
770 347
353 256
247 405
268 304
430 357
771 90
144 60
509 153
334 17
636 260
772 116
773 172
715 223
633 76
774 11
775 133
712 9
229 54
473 376
776 188
353 116
169 350
777 13
356 58
384 260
290 558
16 185
229 444
249 118
294 76
240 203
778 309
734 230
152 151
72 273
290 269
433 19
308 488
779 56
290 289
780 320
781 293
154 273
39 394
155 159
433 245
430 191
782 133
93 549
379 418
690 540
783 221
784 267
785 596
786 293
787 47
294 358
177 118
379 304
554 339
349 293
788 217
789 488
790 418
791 272
530 405
308 174
155 29
381 114
125 350
250 383
676 309
792 98
292 185
40 5
793 27
373 370
408 76
769 139
794 11
795 64
318 166
796 94
32 445
300 220
711 71
65 185
631 478
323 278
168 183
42 279
797 54
798 92
799 19
384 335
800 13
169 50
356 143
433 79
72 136
430 256
801 293
158 298
419 549
802 37
565 252
360 11
250 191
386 208
250 47
803 380
214 188
455 484
804 27
51 525
32 293
154 252
643 258
589 94
89 151
805 208
806 203
807 444
808 445
451 358
179 203
809 358
348 64
810 481
294 383
748 157
811 104
348 136
812 161
277 128
813 110
372 146
247 358
177 183
292 464
599 445
316 81
428 215
419 88
529 279
814 52
12 287
572 394
51 252
43 343
51 197
815 325
419 380
816 675
109 410
384 201
237 108
290 191
51 201
75 47
817 370
818 558
819 118
820 309
408 488
821 94
822 258
32 48
268 166
341 558
386 442
465 243
75 260
75 303
168 157
823 174
93 551
207 201
61 3
603 88
824 279
825 675
12 136
795 193
826 367
827 9
93 138
263 496
158 434
828 110
443 596
829 361
830 139
233 56
250 84
16 172
294 167
831 232
603 29
119 37
168 67
240 139
22 496
194 167
276 29
194 161
268 15
334 675
282 50
832 230
2 56
416 248
127 52
833 166
87 131
80 310
59 166
247 146
473 335
732 1
177 9
302 7
407 383
834 361
480 23
155 163
433 23
16 540
109 114
835 215
836 320
135 25
837 38
42 27
34 269
838 215
839 110
840 133
841 345
323 163
842 540
843 112
602 128
844 126
845 90
130 309
846 88
847 128
475 265
408 181
848 201
427 35
529 60
849 167
672 343
22 464
156 45
850 405
851 558
356 551
852 306
123 128
255 108
348 405
263 442
177 52
366 367
591 223
75 3
186 248
853 212
179 230
854 69
382 281
855 73
72 167
427 245
856 218
294 96
433 118
327 230
179 15
134 215
441 440
150 50
378 100
857 131
57 212
792 278
858 551
859 79
609 484
619 488
290 178
860 153
171 153
214 376
341 223
614 29
337 7
628 98
861 215
467 309
730 90
862 193
360 81
249 136
344 21
250 52
154 248
43 15
175 116
59 143
386 195
529 464
356 114
155 230
177 269
863 488
294 47
864 145
336 56
865 285
615 116
360 104
835 35
451 94
349 195
866 418
341 335
51 306
276 343
831 76
801 191
867 278
656 272
87 444
6 339
868 208
695 478
760 291
362 102
869 434
870 81
276 149
378 243
871 298
726 245
411 104
872 198
473 215
168 54
51 496
99 496
20 287
349 405
873 102
189 37
32 339
874 21
875 116
876 181
207 383
125 230
20 410
32 549
308 478
665 90
207 35
877 69
775 76
451 76
4 278
878 291
262 339
686 86
603 161
99 298
503 208
305 67
353 139
268 281
68 265
503 191
229 124
389 88
49 29
379 37
276 350
179 225
879 215
119 235
428 596
880 370
800 221
262 98
704 252
881 19
427 260
16 410
334 252
334 260
155 45
356 549
341 197
389 38
491 370
12 675
177 298
386 94
544 185
559 176
360 440
39 52
214 217
882 235
529 289
249 376
294 124
32 350
883 345
89 197
428 558
452 176
462 48
213 361
39 185
814 256
65 178
233 48
430 444
255 92
384 110
603 481
392 322
360 58
386 289
884 3
663 108
389 241
39 596
885 241
886 69
348 358
162 320
175 157
179 50
887 239
529 551
378 92
428 221
332 126
622 81
294 303
332 278
16 306
888 558
798 488
738 239
742 370
20 69
349 225
889 193
34 370
890 31
876 380
840 285
473 540
684 86
891 442
207 104
330 596
378 174
644 45
892 220
893 52
80 86
125 285
240 172
154 287
585 272
4 35
119 98
187 73
462 56
180 464
290 208
294 405
894 183
262 11
4 124
51 304
895 558
323 78
288 198
184 225
247 126
896 434
34 79
897 17
898 29
288 176
42 306
899 675
645 27
430 116
900 304
372 325
408 440
228 174
901 183
616 102
902 178
861 252
603 267
860 29
127 126
39 361
262 239
14 41
903 208
904 78
93 185
412 64
40 170
63 27
462 241
334 289
471 239
103 243
72 183
905 370
378 138
263 287
906 161
372 54
907 488
348 157
725 205
119 380
229 205
908 260
842 193
158 92
386 265
288 320
909 13
158 23
196 551
788 38
228 320
826 329
910 35
685 62
428 37
59 198
786 335
401 272
91 418
911 19
430 98
457 248
912 464
34 335
213 133
728 309
913 217
323 223
914 675
119 13
119 45
317 102
915 310
214 126
916 73
917 84
918 279
721 90
34 178
363 86
853 37
427 138
379 13
919 7
920 383
503 478
567 488
194 256
921 94
922 146
852 350
546 47
263 464
433 293
341 47
40 38
271 149
923 230
194 62
924 310
162 56
209 243
168 496
925 176
926 358
713 208
927 159
605 104
276 374
323 444
268 9
72 218
125 9
419 98
419 198
379 41
928 100
294 481
366 675
836 23
929 195
255 133
240 496
538 48
4 205
127 361
930 19
931 96
39 279
932 35
692 126
247 133
229 176
295 442
698 440
12 27
909 90
933 78
349 181
155 440
934 345
356 298
26 198
119 273
262 128
360 108
341 151
482 248
308 272
763 78
72 223
323 410
743 108
22 118
913 153
42 5
935 232
415 445
130 153
130 11
65 33
334 73
175 256
26 551
751 309
610 279
244 232
277 203
4 232
271 440
433 322
250 124
40 136
782 596
669 245
12 183
26 345
936 5
99 265
462 64
179 281
937 370
109 245
34 90
332 69
938 17
939 84
940 170
884 31
941 303
408 339
169 145
312 329
246 29
224 56
360 486
529 84
942 25
943 7
744 345
727 188
332 218
276 272
944 405
536 27
945 445
250 287
946 31
240 339
40 304
947 208
929 549
386 92
353 232
268 291
427 151
290 139
213 248
827 464
473 298
194 481
334 329
130 551
898 201
455 110
906 281
348 201
462 444
948 52
292 81
119 133
949 145
950 198
646 478
951 13
952 67
419 126
228 145
42 675
109 151
127 285
408 25
953 212
26 15
758 478
119 248
395 100
158 285
954 157
462 329
955 58
65 52
6 239
956 380
263 525
42 329
255 394
255 241
811 112
129 69
389 481
425 394
957 319
125 281
39 675
958 45
494 335
348 329
175 131
959 285
770 350
943 272
312 17
379 27
737 212
379 329
960 320
80 78
175 92
874 289
332 161
65 128
280 122
681 118
427 73
772 225
72 248
294 205
603 102
658 325
843 478
699 278
961 15
962 197
963 225
43 149
780 486
130 7
964 357
103 172
914 167
965 191
534 114
249 73
966 191
4 218
315 98
848 50
753 174
813 445
209 112
483 418
328 293
419 367
384 73
323 235
59 374
277 361
271 84
214 161
967 52
968 163
51 464
851 159
249 383
969 525
970 47
209 188
32 218
754 212
292 23
255 339
828 309
910 195
971 218
134 464
972 549
846 256
402 278
87 278
973 81
774 269
353 221
632 380
199 303
408 145
4 223
436 434
179 239
2 203
386 100
629 243
259 350
562 675
378 540
162 157
379 84
503 272
706 221
717 285
529 350
974 172
372 440
140 112
202 166
99 3
975 64
207 81
745 289
268 112
247 56
109 258
965 329
26 478
158 309
209 322
109 27
292 52
308 486
378 159
213 54
413 267
271 281
419 15
976 172
977 118
978 322
372 7
979 335
168 525
920 221
323 67
6 181
213 343
648 298
229 335
360 94
881 298
16 345
26 367
433 440
960 27
194 212
980 230
228 303
890 551
42 166
709 153
896 343
271 92
526 525
263 38
379 478
253 347
649 252
981 185
169 146
957 118
366 153
276 104
809 304
65 31
982 143
229 273
93 50
983 486
430 410
99 558
276 170
211 174
65 309
984 291
83 203
503 486
969 434
985 481
377 558
946 258
940 225
379 172
529 104
154 172
986 17
987 319
529 33
430 239
504 47
594 76
908 361
419 239
797 291
606 88
43 239
40 183
61 287
366 81
455 357
988 96
939 45
119 239
262 102
356 374
162 5
989 118
75 151
87 195
379 291
61 283
162 335
125 170
233 309
438 558
109 104
20 5
277 21
353 54
332 220
66 220
6 319
209 675
40 291
419 64
729 260
990 159
598 273
991 325
134 223
472 220
673 239
992 197
503 79
428 272
75 221
949 5
993 139
2 191
366 460
503 596
57 488
864 78
994 145
995 329
889 320
752 81
177 136
470 112
77 11
867 267
417 54
372 48
80 442
996 488
24 128
966 86
424 126
57 310
997 92
332 31
998 56
759 19
433 31
240 133
999 410
313 394
1000 339
233 444
4 306
0 287
20 181
1001 64
877 478
1002 269
99 525
938 41
901 197
189 278
194 15
39 367
462 267
1003 394
857 76
127 440
12 370
354 339
621 136
34 166
132 245
1004 320
349 1
34 460
529 293
1005 90
32 146
2 35
720 191
659 434
555 73
907 418
1006 157
268 245
214 285
1007 143
82 48
213 320
583 5
985 320
1008 183
249 310
473 73
408 31
667 217
89 47
177 86
247 319
1009 322
528 310
177 110
43 350
503 243
832 86
603 149
740 79
384 267
553 166
448 440
768 484
103 285
736 319
1010 102
34 418
550 549
1011 221
823 3
824 304
46 5
816 374
1012 13
850 291
895 350
473 84
1013 367
687 281
130 320
1014 335
959 596
312 283
271 549
1015 17
231 81
179 98
810 339
300 23
99 35
803 208
228 218
356 153
587 195
348 116
277 96
72 225
1016 96
262 174
755 460
300 149
360 208
492 170
323 221
334 197
158 126
247 484
353 215
249 285
204 478
1017 258
473 114
535 7
542 540
1018 45
168 303
236 21
834 198
1019 241
1020 100
650 285
6 496
590 157
1021 248
921 293
1022 549
249 183
158 114
24 163
1023 267
332 481
1024 464
603 167
838 549
1025 215
366 122
103 345
703 33
353 45
1026 212
765 174
451 551
497 486
89 252
65 118
51 291
1027 50
1028 139
1029 225
858 3
6 306
626 166
903 374
255 181
342 525
931 225
332 133
379 215
974 217
1030 62
130 45
393 310
263 460
240 273
1027 38
103 287
101 410
349 339
776 139
141 243
127 374
1031 181
1032 478
288 488
683 306
294 306
678 374
612 133
127 540
1010 215
430 258
317 188
951 525
1033 260
968 320
130 220
334 243
865 178
1034 149
42 52
271 19
934 289
1035 15
718 159
57 445
177 114
419 217
918 98
603 198
229 17
277 380
462 258
22 19
89 138
990 260
154 358
65 281
693 108
584 146
431 23
276 25
264 104
427 3
372 94
93 84
691 322
262 15
99 464
1036 128
169 298
26 79
869 161
341 256
1037 345
127 143
661 245
390 131
955 272
507 329
761 442
168 181
378 343
51 41
255 203
22 47
1038 60
988 56
87 218
791 138
593 195
229 410
127 345
247 281
863 188
290 41
539 481
26 675
1039 116
263 596
32 45
1039 56
40 347
334 283
455 306
75 98
899 380
334 13
134 525
1040 405
1007 94
454 47
783 434
384 78
403 170
623 460
439 335
950 350
515 347
627 73
16 258
958 442
1031 675
741 273
980 191
42 272
423 345
32 434
387 218
503 252
332 167
42 38
372 131
372 203
214 220
6 197
400 98
930 310
430 283
912 675
455 267
1030 248
249 345
189 45
87 212
353 17
428 193
360 170
189 357
134 84
240 181
1041 47
995 94
372 350
42 310
830 128
169 104
463 167
99 172
503 383
334 322
1042 220
428 265
109 442
61 235
177 185
708 48
16 374
119 41
271 551
214 345
214 94
228 92
127 343
518 15
32 62
12 78
2 383
179 220
130 225
70 188
292 153
249 223
1043 283
80 67
271 193
1044 525
194 94
503 5
972 102
1045 13
849 374
819 45
341 252
109 675
240 35
134 347
169 675
601 279
209 27
340 126
80 279
1046 126
512 71
179 69
349 21
22 138
349 69
290 304
80 221
109 329
451 1
80 223
603 21
722 442
1047 267
34 540
595 181
20 358
57 230
1004 64
989 444
378 102
1048 128
1042 361
384 176
72 260
323 131
189 56
757 303
276 15
356 11
406 88
977 84
292 304
43 31
451 50
451 128
276 596
1049 374
226 223
523 151
493 133
652 183
1050 146
893 265
935 178
428 5
1012 343
1051 163
694 198
18 405
964 133
353 163
250 306
34 478
427 41
34 287
175 380
1020 235
932 25
421 48
1041 11
59 394
24 241
127 212
408 54
125 1
1045 122
1052 418
917 442
597 335
4 64
560 367
435 445
372 481
103 71
43 98
789 146
254 29
229 133
604 203
1053 136
807 84
948 104
866 128
12 81
2 481
189 496
825 208
963 100
638 319
288 33
155 549
1054 319
250 151
787 145
268 376
462 110
1049 9
271 9
408 293
384 7
805 484
16 322
882 79
20 260
268 220
1014 496
119 67
240 248
324 418
40 272
353 484
317 367
75 35
292 291
57 195
1023 358
255 217
292 15
323 418
640 27
26 291
93 145
804 193
1055 241
24 205
268 230
883 7
317 220
169 114
688 289
356 188
630 357
970 126
134 279
608 60
670 64
942 195
779 185
284 232
868 9
1056 114
1057 418
568 481
1048 146
982 367
1058 230
351 201
214 486
1059 5
1037 303
1060 496
207 322
1061 146
57 478
859 116
875 235
22 79
207 347
427 304
262 205
162 71
249 112
1047 304
349 444
767 149
233 350
233 146
746 442
349 212
1062 232
986 15
1063 146
735 201
32 181
169 122
240 116
1064 69
915 54
162 90
458 675
433 138
1056 267
1065 306
999 195
1003 252
207 58
24 281
250 138
527 329
1066 31
389 197
366 1
275 133
1067 138
372 11
1011 161
263 376
905 278
369 116
919 289
154 197
428 38
477 50
1038 5
250 37
1022 25
384 37
1009 279
837 151
207 486
332 94
1068 303
4 329
51 78
756 258
255 267
277 149
603 241
384 69
113 358
455 221
59 178
821 191
209 19
213 217
430 383
65 230
1069 126
179 108
430 558
1070 98
888 347
391 159
967 112
130 267
428 84
378 310
39 128
20 73
1028 124
603 94
255 309
214 31
6 525
806 157
1071 7
397 525
579 484
263 73
1032 256
228 319
158 293
503 110
529 178
473 260
1072 343
1040 460
364 38
1073 67
75 69
911 241
154 48
366 370
499 5
815 278
297 54
59 289
372 153
451 549
522 201
127 217
61 335
561 21
923 143
1019 239
134 71
1073 350
451 45
671 281
473 78
238 174
1074 41
925 9
871 241
366 118
462 347
451 161
450 122
510 241
189 269
99 273
655 320
348 131
26 84
1055 460
818 306
1052 146
961 287
422 96
419 122
1060 293
777 434
51 185
89 310
263 5
793 339
1075 265
209 102
552 38
233 380
1076 203
169 138
1077 108
1078 15
127 185
532 322
348 256
473 58
1000 193
39 166
933 47
312 197
1068 289
600 281
89 558
59 33
216 29
802 3
862 486
40 90
1071 138
975 339
900 278
408 198
1051 193
1072 383
177 289
99 166
1044 122
973 285
926 325
1079 215
213 126
93 460
455 86
1054 444
1058 496
34 3
255 126
125 370
125 345
229 306
2 7
332 25
51 23
647 208
904 273
214 208
1015 110
513 25
312 269
978 325
820 41
12 265
341 116
1080 60
290 100
945 440
870 357
177 124
689 71
714 486
498 357
16 52
984 460
543 283
288 108
360 350
89 279
312 54
519 67
228 343
1081 201
473 90
89 243
420 293
233 145
700 291
290 486
61 357
1082 460
668 376
386 212
43 232
1017 197
311 232
1083 145
162 136
366 265
1081 151
490 60
75 203
1084 540
976 38
57 193
455 183
292 11
250 486
1084 64
992 174
162 347
379 79
766 596
723 239
355 310
4 3
2 201
1062 596
1063 124
85 496
72 133
473 112
249 486
575 283
981 96
162 38
784 279
1085 161
317 325
93 161
1034 126
839 1
134 37
635 178
1026 258
26 488
43 157
229 325
349 434
277 64
1086 304
1057 71
841 62
288 357
953 551
308 298
366 58
677 343
928 185
1046 78
773 151
65 298
1059 273
6 205
349 188
1016 170
300 434
1036 92
500 283
1078 309
447 361
134 23
314 1
6 124
249 191
80 201
468 88
651 191
213 143
389 418
228 102
885 291
1002 60
154 133
537 464
902 131
1080 78
697 163
255 434
89 374
1025 394
39 445
43 25
61 405
731 442
300 596
250 208
247 102
947 176
937 279
1066 37
359 1
733 265
233 241
396 21
332 217
61 90
419 133
1013 191
618 410
880 114
39 272
894 551
317 33
785 245
268 108
308 243
1067 303
993 418
34 289
996 71
189 71
16 273
462 13
386 291
155 54
1061 188
372 167
213 96
1065 260
389 167
987 84
997 124
952 361
764 136
577 81
42 124
817 304
547 136
1024 380
125 174
739 9
625 225
117 442
855 128
716 540
22 17
57 281
162 98
386 60
40 104
1018 166
879 410
162 239
40 596
72 383
680 56
348 139
878 218
271 100
389 21
109 347
356 540
564 27
887 310
936 78
99 114
2 54
983 23
1087 174
710 48
2 78
886 52
433 464
451 303
61 418
433 478
719 201
637 185
455 136
660 486
1006 444
1033 67
130 241
207 17
446 172
372 394
954 84
944 310
312 13
158 108
479 248
59 108
247 230
130 176
702 90
288 405
294 215
194 60
427 86
1088 9
455 269
59 79
603 235
1083 149
75 73
6 98
994 273
433 50
130 69
941 272
2 347
182 37
998 376
255 293
979 230
657 269
366 11
1087 31
844 273
747 50
971 19
119 329
251 205
6 201
750 170
168 418
154 405
158 345
296 319
892 260
87 445
428 322
707 205
72 191
155 21
1089 220
194 92
1090 549
228 116
511 322
179 188
2 17
189 525
294 37
771 122
24 62
427 221
924 460
1021 303
455 157
462 151
227 172
701 374
451 405
213 205
262 181
533 145
1086 114
812 13
427 291
154 163
451 145
16 335
1050 73
563 17
1053 394
40 374
292 128
22 525
162 48
873 35
414 380
125 460
16 442
462 303
148 5
349 232
175 1
455 283
991 370
389 252
856 405
323 258
524 161
214 445
372 161
922 139
39 108
89 223
177 306
1074 110
927 67
962 3
808 223
228 445
119 418
662 361
294 287
109 170
262 293
271 265
891 203
778 1
430 41
432 112
22 151
1035 110
1064 256
1090 35
59 343
847 488
1082 298
334 269
87 488
430 269
916 92
32 551
40 118
168 76
529 445
179 484
207 19
833 84
389 383
473 37
1001 486
169 27
790 73
829 347
872 306
781 143
22 136
321 304
1005 434
956 167
1070 370
1089 198
134 496
99 23
1076 118
799 291
473 110
455 163
332 248
749 31
20 405
455 205
796 496
1079 195
1043 29
74 58
451 481
1085 343
1029 376
22 183
209 376
854 205
1069 60
32 60
240 558
529 170
1077 551
384 131
1075 112
1088 675
154 86
307 114
207 166
155 116
762 23
40 540
341 278
462 47
794 145
822 108
1008 3
897 1
12 58
20 225
845 281
