274 669
0 1
0 2
0 3
0 4
0 5
0 6
0 7
0 8
0 9
10 11
10 12
10 13
10 14
10 15
10 16
10 17
18 19
18 20
18 21
18 22
23 24
23 25
23 26
23 27
23 28
23 29
23 30
24 31
32 33
32 34
32 35
32 36
32 37
32 28
32 38
39 40
39 33
39 41
39 36
39 42
39 43
39 44
39 45
39 46
47 48
47 49
47 50
11 34
11 12
11 51
11 13
11 14
11 52
11 53
11 54
11 55
11 56
11 17
11 38
11 57
11 58
3 4
3 59
3 5
3 6
3 7
3 8
3 60
3 9
61 62
61 63
61 64
61 65
61 43
61 66
61 44
61 37
61 67
61 45
61 68
69 70
69 71
69 72
69 73
69 74
69 75
69 76
69 77
69 78
25 79
25 80
25 28
25 29
25 81
25 30
25 82
79 83
79 84
79 85
79 86
79 80
79 28
79 87
79 29
79 82
79 88
83 89
90 5
90 91
90 6
90 92
90 93
90 94
95 96
95 97
95 98
95 99
95 100
40 41
40 101
40 42
40 43
40 46
96 97
96 98
96 99
96 42
96 102
96 100
96 46
103 104
103 88
33 34
33 35
33 36
33 37
33 28
33 29
33 38
33 105
106 34
34 52
34 36
34 38
41 101
41 42
41 107
41 43
108 109
108 110
111 112
111 113
114 115
114 116
114 78
114 117
12 51
12 13
12 14
12 55
12 17
12 57
12 58
35 71
35 16
35 118
35 36
35 38
35 119
120 121
120 122
120 123
120 93
124 125
124 126
124 127
124 128
124 129
124 50
124 130
131 21
48 49
48 50
51 13
51 14
51 52
51 53
51 57
51 58
132 133
133 134
133 63
133 135
133 136
133 137
133 138
133 139
133 140
134 141
134 142
134 138
134 143
144 101
13 14
13 55
13 17
13 57
13 58
145 125
145 146
145 99
145 102
145 55
145 56
145 147
145 130
145 148
149 150
149 151
70 71
70 76
70 152
70 153
70 77
70 78
70 117
62 63
62 154
62 45
63 142
63 155
63 135
63 20
63 87
63 156
63 139
63 105
142 157
142 158
142 159
135 160
135 136
135 20
135 137
135 138
135 156
135 139
135 140
135 161
135 105
160 159
14 15
14 118
14 17
14 119
14 58
136 162
136 137
136 138
136 139
136 140
52 53
52 54
52 56
52 38
52 57
52 46
109 150
125 126
125 127
125 128
125 147
125 129
125 130
163 164
163 165
163 166
163 7
163 167
164 168
164 169
170 171
170 172
170 72
170 73
71 118
71 76
71 77
71 78
64 65
64 173
64 37
64 45
174 175
174 176
174 177
178 179
178 180
178 181
178 166
178 182
178 168
97 98
97 99
97 102
97 100
97 130
4 5
4 6
4 8
4 9
183 60
183 184
165 7
185 15
186 16
187 188
15 16
15 118
16 188
16 118
16 189
16 166
16 167
188 182
53 38
53 57
53 46
190 191
190 192
190 94
193 175
193 176
193 194
193 195
146 99
146 128
146 102
146 55
146 56
146 147
146 130
98 99
98 100
72 196
72 73
72 74
72 75
197 198
198 199
200 201
200 202
118 189
189 203
189 204
189 166
189 167
205 206
206 207
206 202
36 38
99 208
99 128
99 102
99 56
99 147
99 100
99 130
99 209
210 89
210 27
210 81
42 43
42 44
42 46
211 212
211 117
213 158
158 89
158 214
158 215
158 216
217 218
217 122
65 43
65 37
65 219
65 45
220 221
220 148
222 123
222 223
107 173
126 127
126 147
126 129
126 50
126 221
126 224
126 130
225 166
226 166
43 173
43 44
43 37
43 45
227 204
227 218
227 228
59 60
59 9
229 77
162 66
162 230
162 231
162 67
232 177
232 110
233 89
89 31
89 215
89 234
179 235
179 236
19 237
19 104
19 82
19 22
19 88
66 230
66 231
66 67
66 68
66 202
230 231
230 202
238 239
44 45
175 194
175 195
5 91
5 6
5 92
5 8
5 223
5 93
5 9
5 94
26 31
240 219
240 214
176 112
176 151
37 28
37 45
37 29
37 105
20 156
20 104
20 22
196 73
196 241
196 75
196 78
196 242
214 234
180 166
180 192
180 168
180 228
180 94
27 29
27 152
91 6
91 92
91 93
91 94
137 138
137 159
137 139
137 140
31 237
31 30
115 116
115 78
115 117
127 128
127 147
127 221
127 130
127 148
204 181
204 166
204 218
204 228
204 167
181 236
181 228
80 243
80 82
80 88
243 215
28 244
28 245
28 87
28 29
28 104
28 30
28 105
244 87
166 167
231 67
6 7
6 92
6 8
6 93
6 9
6 94
246 241
246 116
246 75
246 242
247 248
248 249
73 74
73 75
73 94
87 250
87 139
87 105
7 192
7 60
7 9
192 169
182 236
182 167
168 251
168 252
138 159
138 139
138 140
208 100
208 209
253 242
253 199
74 75
254 241
241 116
241 75
49 50
49 209
249 67
236 255
236 256
236 257
194 221
194 113
194 195
128 102
128 147
128 130
128 209
116 75
116 212
116 78
116 117
67 68
54 102
54 56
54 38
54 57
54 46
102 258
102 55
102 56
102 147
102 130
102 209
55 56
55 147
55 57
56 147
56 57
56 130
156 21
156 139
147 259
147 130
147 148
237 215
92 93
92 94
215 260
75 78
21 159
212 261
212 78
212 117
17 58
129 130
129 209
50 209
159 143
159 161
159 216
29 81
8 9
100 209
76 77
76 78
262 263
262 242
38 119
38 46
264 139
139 140
139 143
139 105
139 265
104 82
104 22
104 88
152 263
60 266
60 267
60 184
60 9
121 122
121 123
121 93
268 122
169 9
153 78
82 22
82 88
221 224
221 113
221 195
57 58
130 209
239 201
113 195
218 269
218 122
218 223
218 228
269 223
269 228
122 123
122 93
123 270
123 223
123 93
270 228
93 94
77 263
77 78
263 242
263 199
78 242
78 117
271 22
22 88
88 260
209 272
117 199
105 216
105 273
119 58
