260 2676
0 1
0 2
0 3
0 4
0 5
0 6
0 7
0 8
0 9
0 10
0 11
0 12
0 13
0 14
0 15
16 17
16 18
10 19
10 20
10 21
10 8
10 22
10 23
10 4
10 24
10 25
10 26
10 27
10 28
29 30
3 2
3 31
3 32
3 33
3 34
3 35
3 9
3 36
3 13
3 37
3 38
3 39
3 40
3 41
3 42
3 43
3 44
3 45
3 46
3 47
3 48
3 49
3 50
3 51
3 52
3 53
3 54
3 55
3 56
3 57
3 10
32 58
32 59
32 31
32 6
32 56
32 60
32 61
32 62
32 36
32 63
32 13
32 64
32 20
32 65
32 66
32 67
32 68
32 40
32 69
32 1
32 70
32 43
32 22
32 23
32 4
32 26
32 27
32 49
32 57
32 35
32 12
32 71
32 72
33 2
33 73
5 74
5 2
5 3
5 32
5 75
5 6
5 62
5 27
5 76
5 77
5 78
5 79
5 80
5 37
5 81
5 66
5 38
5 82
5 83
5 31
5 84
5 8
5 85
5 40
5 86
5 87
5 88
5 89
5 90
5 91
5 92
5 23
5 46
5 93
5 94
5 95
5 48
5 96
5 97
5 98
5 35
5 52
5 99
5 53
5 100
5 101
5 54
5 102
5 14
5 65
5 41
5 10
5 12
5 103
19 99
34 104
34 2
34 65
6 92
6 53
6 101
6 99
6 82
105 106
9 52
9 28
9 107
9 108
9 76
9 77
9 2
9 92
11 2
11 109
11 110
11 34
11 111
11 6
11 112
11 113
11 108
11 114
11 115
11 116
11 46
11 117
11 118
11 119
11 120
11 41
11 121
11 68
11 122
11 45
11 4
11 123
11 47
11 124
11 125
11 126
11 106
11 30
11 127
11 128
11 10
11 82
129 1
129 65
129 2
129 13
129 130
129 4
129 5
129 55
129 131
129 27
129 132
129 133
129 134
129 12
129 135
129 72
78 136
78 2
78 26
114 10
64 58
64 67
64 27
64 60
37 137
37 92
37 4
37 101
37 53
37 75
138 58
138 2
138 139
138 3
138 32
138 75
138 35
138 49
138 36
138 37
138 65
138 140
138 66
138 31
138 141
138 68
138 40
138 142
138 143
138 69
138 88
138 43
138 90
138 61
138 70
138 92
138 144
138 4
138 145
138 26
138 27
138 48
138 146
138 147
138 148
138 50
138 149
138 150
138 151
138 52
138 152
138 95
138 53
138 101
138 54
138 153
138 12
138 154
138 155
138 156
157 65
157 11
39 59
39 23
39 4
39 22
39 20
39 26
39 65
158 2
158 3
158 4
158 5
158 26
158 159
158 12
158 10
158 160
161 5
161 57
161 2
8 92
8 99
8 12
162 65
162 2
162 163
162 164
162 24
40 35
40 36
40 13
40 65
40 116
40 70
40 61
40 4
40 26
40 95
40 90
40 27
40 75
40 139
40 12
86 92
86 23
86 12
69 51
69 56
69 62
69 4
69 26
69 95
69 61
69 53
69 101
69 12
69 72
69 10
69 82
7 2
7 83
7 65
7 128
7 114
165 45
165 166
165 167
165 168
90 137
90 75
90 37
90 92
90 23
90 4
90 26
90 95
90 82
90 53
90 101
90 12
169 65
169 2
169 170
169 75
169 96
169 107
169 94
169 95
169 68
169 56
169 103
169 11
169 12
169 41
169 70
169 155
171 65
171 2
171 4
171 31
171 153
171 3
171 5
171 26
171 147
171 70
171 49
171 13
171 172
173 92
173 174
173 76
173 114
45 65
45 175
45 176
45 166
177 151
177 87
177 11
177 2
107 83
107 178
107 136
107 104
107 27
107 179
107 127
107 12
107 10
94 2
94 28
94 68
94 85
94 159
94 70
94 14
94 10
47 55
47 65
47 68
47 70
47 10
180 2
180 1
180 63
180 13
180 181
180 68
180 40
180 70
180 4
180 26
180 27
180 49
180 153
180 65
180 12
147 58
147 2
147 3
147 5
147 35
147 36
147 63
147 65
147 66
147 31
147 68
147 40
147 43
147 144
147 4
147 26
147 95
147 48
147 146
147 49
147 50
147 149
147 150
147 6
147 52
147 54
147 70
147 155
147 82
96 65
96 1
96 4
96 8
96 26
96 70
96 68
96 127
96 12
96 13
148 43
148 81
148 2
148 75
148 101
148 54
148 124
148 91
148 95
148 40
148 61
148 12
148 90
148 80
148 37
182 26
182 65
182 2
182 45
182 92
182 166
50 35
50 61
50 36
50 65
50 40
50 69
50 4
50 26
50 12
50 90
50 95
50 53
50 70
183 184
183 1
183 5
183 185
183 13
183 186
183 187
183 188
183 109
183 68
183 8
183 162
183 178
183 136
183 122
183 4
183 26
183 12
183 24
183 142
183 151
183 163
183 27
183 91
183 65
183 70
183 57
183 103
51 62
52 58
52 35
52 36
52 63
52 13
52 65
52 68
52 40
52 95
52 49
52 50
52 72
101 137
101 92
101 4
54 58
54 139
54 75
54 35
54 36
54 13
54 65
54 66
54 116
54 49
54 68
54 40
54 69
54 61
54 4
54 27
54 152
54 50
54 52
54 95
54 101
54 12
54 72
189 101
189 88
189 19
189 124
189 37
189 81
189 138
189 116
189 68
189 41
189 122
189 190
189 191
189 139
189 148
189 74
189 90
189 153
189 75
189 65
189 192
189 12
193 44
193 159
193 108
194 0
194 109
194 32
194 5
194 11
194 129
194 114
194 180
194 38
194 138
194 39
194 162
194 40
194 69
194 92
194 171
194 45
194 177
194 47
194 147
194 96
194 148
194 182
194 50
194 183
194 52
194 54
194 132
194 193
194 31
194 195
194 111
194 77
194 27
194 56
194 196
194 159
194 36
194 79
194 166
194 188
194 21
194 67
194 141
194 42
194 43
194 144
194 121
194 4
194 190
194 197
194 198
194 24
194 74
194 149
194 150
194 199
194 95
194 200
194 201
194 10
194 12
194 71
194 202
194 72
194 154
194 146
194 58
194 203
194 2
194 204
194 205
194 206
194 35
194 60
194 207
194 13
194 208
194 140
194 66
194 68
194 209
194 120
194 87
194 210
194 122
194 23
194 26
194 211
194 212
194 49
194 142
194 151
194 213
194 214
194 163
194 53
194 28
194 91
194 65
194 155
194 215
194 184
194 1
194 216
194 217
194 218
194 175
194 76
194 168
194 63
194 156
194 160
194 97
194 18
194 219
194 119
194 187
194 89
194 220
194 46
194 81
194 99
194 48
194 103
194 221
194 135
194 222
194 61
194 15
194 223
194 102
194 55
194 224
194 133
194 143
194 164
195 11
195 2
195 205
195 193
124 75
124 110
124 101
124 116
124 223
124 47
124 139
124 77
124 90
131 65
131 27
131 13
131 28
131 26
131 12
131 14
131 159
131 135
131 1
131 179
131 72
62 4
62 223
62 61
225 83
225 55
225 18
56 59
56 61
56 13
56 20
56 22
56 23
56 12
112 108
112 83
112 18
112 68
112 12
112 10
112 73
159 1
159 77
159 60
159 62
159 21
159 67
159 83
159 68
159 117
159 118
159 69
159 14
159 89
159 92
159 4
159 211
159 135
159 142
159 136
159 55
159 163
159 27
159 75
159 10
113 65
113 1
36 35
36 65
36 69
36 95
36 53
36 72
79 44
79 2
79 1
79 4
79 13
79 26
79 68
79 72
79 159
79 12
79 108
79 57
79 65
166 12
226 65
226 107
188 2
188 193
188 227
188 5
188 167
188 105
188 76
188 185
188 77
188 184
188 13
188 186
188 160
188 21
188 228
188 39
188 68
188 8
188 162
188 209
188 119
188 1
188 178
188 89
188 136
188 173
188 170
188 4
188 93
188 26
188 27
188 24
188 152
188 57
188 151
188 229
188 163
188 91
188 65
188 133
188 12
188 71
188 72
188 164
188 103
230 137
230 189
230 2
230 180
230 227
230 32
230 19
230 58
230 35
230 56
230 152
230 63
230 80
230 37
230 140
230 191
230 138
230 231
230 232
230 39
230 18
230 233
230 220
230 135
230 69
230 208
230 88
230 75
230 43
230 171
230 23
230 81
230 205
230 95
230 48
230 24
230 139
230 148
230 50
230 234
230 158
230 142
230 150
230 90
230 156
230 163
230 53
230 101
230 54
230 224
230 153
230 10
230 12
230 71
230 83
230 155
230 146
67 4
67 26
67 27
67 12
67 72
67 14
235 58
235 2
235 194
235 32
235 51
235 56
235 62
235 36
235 65
235 230
235 116
235 69
235 88
235 144
235 95
235 191
235 146
235 49
235 233
235 52
235 53
235 10
235 133
235 143
235 155
235 156
236 141
236 104
236 2
236 204
236 73
231 65
231 81
231 59
231 23
231 110
231 4
231 5
231 26
231 68
231 12
231 2
231 57
83 12
83 8
83 14
141 2
141 173
141 219
141 174
141 11
141 237
141 92
141 114
116 19
116 75
116 69
116 223
116 23
116 99
116 101
116 12
118 26
118 127
118 12
224 200
224 1
224 4
224 5
224 116
224 26
224 27
224 68
224 209
224 12
224 41
224 8
186 45
186 212
186 182
186 42
42 44
42 65
42 166
43 58
43 2
43 75
43 35
43 60
43 49
43 36
43 13
43 37
43 65
43 68
43 40
43 69
43 88
43 1
43 4
43 26
43 27
43 50
43 52
43 95
43 101
43 54
43 57
91 2
91 238
91 60
91 159
91 13
91 80
91 116
91 69
91 14
91 107
91 26
91 27
91 12
144 58
144 2
144 3
144 32
144 5
144 35
144 49
144 36
144 63
144 13
144 64
144 65
144 66
144 31
144 68
144 40
144 69
144 43
144 4
144 26
144 95
144 48
144 61
144 50
144 52
144 27
144 54
144 133
144 57
170 55
170 5
170 41
170 179
170 14
239 178
239 71
239 2
121 65
121 60
121 2
190 89
190 2
190 153
190 224
190 109
190 116
190 181
190 65
190 101
190 132
190 82
190 75
190 12
190 142
197 2
197 45
197 162
197 175
197 24
197 11
197 182
197 166
197 164
197 186
197 42
198 126
198 25
198 68
198 10
198 119
198 120
198 77
198 2
198 179
198 172
198 76
24 12
240 65
240 12
240 159
240 77
240 2
240 57
98 238
98 74
98 84
74 2
74 238
74 19
74 124
74 131
74 185
74 13
74 115
74 116
74 8
74 119
74 27
74 6
74 15
74 100
74 128
74 70
74 10
149 58
149 75
149 88
149 5
149 6
149 49
149 36
149 114
149 65
149 66
149 31
149 40
149 143
149 43
149 144
149 95
149 48
149 146
149 152
149 50
149 35
149 52
149 53
149 101
149 54
149 70
149 154
149 155
150 58
150 2
150 180
150 31
150 3
150 32
150 35
150 56
150 60
150 49
150 36
150 63
150 13
150 65
150 66
150 68
150 40
150 1
150 43
150 144
150 4
150 26
150 27
150 48
150 61
150 50
150 149
150 52
150 54
150 12
150 57
150 154
150 155
199 65
126 65
99 4
99 62
99 13
200 89
200 65
200 214
200 2
200 159
200 1
200 184
200 4
200 5
200 26
200 27
200 68
200 72
200 240
200 12
200 41
200 13
241 0
241 142
241 2
241 180
241 194
241 1
241 32
241 5
241 206
241 35
241 77
241 27
241 9
241 60
241 76
241 129
241 200
241 216
241 79
241 13
241 63
241 37
241 188
241 65
241 140
241 67
241 138
241 83
241 31
241 18
241 74
241 218
241 40
241 149
241 89
241 209
241 87
241 208
241 14
241 43
241 103
241 46
241 92
241 144
241 45
241 130
241 4
241 107
241 99
241 198
241 146
241 147
241 96
241 97
241 135
241 182
241 242
241 158
241 183
241 150
241 151
241 131
241 199
241 55
241 163
241 211
241 28
241 75
241 54
241 224
241 91
241 132
241 160
241 133
241 12
241 48
241 71
241 72
241 154
241 156
243 58
243 2
243 180
243 194
243 3
243 32
243 216
243 241
243 35
243 60
243 36
243 140
243 66
243 138
243 31
243 68
243 40
243 143
243 69
243 1
243 43
243 144
243 145
243 27
243 48
243 156
243 147
243 49
243 50
243 233
243 149
243 150
243 52
243 235
243 54
243 65
243 133
243 12
243 57
243 72
243 154
243 155
244 3
201 151
201 89
201 2
201 12
201 57
201 188
128 65
128 159
132 2
132 1
132 28
132 131
132 27
132 135
132 72
132 159
132 41
132 55
132 13
132 12
12 38
12 101
12 27
12 4
12 99
12 72
12 35
12 62
12 61
12 44
12 223
71 70
202 65
202 68
202 12
202 10
72 13
72 27
72 35
72 53
72 28
154 58
154 2
154 180
154 3
154 32
154 5
154 49
154 36
154 13
154 65
154 66
154 31
154 68
154 40
154 1
154 43
154 144
154 4
154 26
154 27
154 152
154 50
154 84
154 95
154 53
154 54
154 153
154 12
154 57
146 137
146 58
146 215
146 31
146 3
146 75
146 35
146 49
146 36
146 13
146 80
146 18
146 68
146 162
146 40
146 142
146 143
146 43
146 144
146 12
146 48
146 24
146 61
146 50
146 90
146 52
146 95
146 153
146 101
146 164
146 65
146 127
146 70
146 154
146 155
58 51
58 56
58 62
58 36
58 13
58 65
58 67
58 39
58 68
58 40
58 69
58 61
58 4
58 26
58 70
58 152
58 50
58 35
58 95
58 53
58 12
58 72
203 159
2 29
2 6
2 114
2 37
2 8
2 40
2 86
2 92
2 45
2 107
2 47
2 96
2 50
2 52
2 54
2 30
2 193
2 124
2 131
2 77
2 36
2 166
2 67
2 83
2 118
2 106
2 25
2 126
2 10
2 12
2 71
2 58
2 35
2 207
2 13
2 172
2 42
2 66
2 68
2 210
2 122
2 15
2 212
2 152
2 49
2 163
2 53
2 65
2 127
2 192
2 175
2 185
2 168
2 63
2 97
2 18
2 85
2 46
2 27
2 103
2 135
2 179
2 136
2 44
2 245
2 153
2 102
2 55
2 57
204 6
204 104
204 2
204 5
204 34
204 26
204 8
204 65
88 75
88 37
88 81
88 116
88 23
88 4
88 107
88 26
88 12
88 90
88 53
88 101
88 65
88 70
27 13
27 4
27 99
27 28
205 2
205 1
205 4
205 131
205 127
205 76
206 2
206 5
206 116
206 60
206 159
206 11
206 16
206 80
206 232
206 109
206 18
206 68
206 89
206 92
206 17
206 23
206 153
206 65
206 127
206 12
206 57
206 83
206 10
35 61
35 4
174 92
60 56
60 13
60 12
60 65
60 68
60 40
60 23
60 4
60 26
60 27
60 61
60 50
60 70
237 229
237 2
237 173
237 100
237 174
237 9
237 92
237 114
237 10
184 122
184 2
184 163
184 159
184 80
207 12
13 28
242 151
242 228
242 218
242 175
242 11
242 12
172 101
172 142
208 65
208 5
208 4
208 109
208 94
208 12
208 68
208 85
208 159
208 70
208 41
208 202
208 14
117 65
140 58
140 215
140 1
140 32
140 216
140 35
140 36
140 65
140 66
140 68
140 40
140 142
140 143
140 69
140 70
140 43
140 144
140 4
140 26
140 27
140 48
140 147
140 49
140 50
140 149
140 150
140 52
140 95
140 153
140 101
140 54
140 224
140 133
140 12
140 71
140 72
140 154
140 155
66 49
66 36
66 68
66 40
66 4
66 26
66 70
66 61
66 142
66 52
66 152
66 153
66 75
66 65
66 12
246 85
246 247
246 14
246 208
181 65
181 12
68 75
68 35
68 56
68 67
68 83
68 40
68 142
68 86
68 69
68 14
68 90
68 92
68 23
68 4
68 81
68 163
68 101
68 12
209 30
209 1
209 4
209 5
209 65
209 27
209 8
209 13
120 92
120 12
120 72
120 10
41 89
41 2
41 88
41 19
41 124
41 112
41 159
41 77
41 68
41 21
41 83
41 227
41 118
41 181
41 8
41 85
41 69
41 7
41 160
41 75
41 122
41 45
41 120
41 107
41 123
41 94
41 47
41 198
41 25
41 148
41 142
41 44
41 27
41 210
41 55
41 65
41 70
41 57
41 202
41 72
41 10
41 248
87 26
87 2
87 53
87 4
87 6
87 27
87 8
87 9
87 12
87 13
70 61
70 75
70 56
70 62
70 36
70 21
70 39
70 81
70 23
70 142
70 163
70 95
70 53
70 101
70 14
70 65
70 127
70 10
210 12
109 137
109 75
109 83
109 101
109 181
109 142
109 12
109 18
229 68
229 113
23 59
23 20
23 22
23 61
26 61
26 62
26 37
26 51
26 104
26 4
26 95
26 35
26 99
26 53
26 75
26 12
211 176
211 71
212 70
167 2
139 90
139 4
139 53
139 101
139 75
139 26
139 95
139 12
139 37
49 58
49 75
49 35
49 36
49 63
49 65
49 68
49 40
49 142
49 69
49 4
49 26
49 95
49 152
49 50
49 53
49 101
49 153
49 70
49 72
142 137
142 75
142 53
142 101
151 89
151 184
151 193
151 3
151 5
151 205
151 124
151 131
151 76
151 185
151 77
151 13
151 80
151 186
151 21
151 228
151 68
151 162
151 69
151 1
151 92
151 173
151 4
151 107
151 81
151 93
151 70
151 103
151 96
151 152
151 206
151 136
151 163
151 54
151 91
151 65
151 30
151 12
151 71
151 202
151 72
151 164
213 151
213 2
213 67
213 107
213 93
213 95
213 159
213 221
213 12
214 4
214 170
214 91
214 9
214 41
214 108
214 10
163 19
163 27
163 12
163 13
152 39
152 65
152 106
152 56
152 40
152 70
249 225
53 92
53 4
53 101
31 58
31 2
31 1
31 54
31 35
31 152
31 36
31 63
31 68
31 40
31 43
31 4
31 26
31 27
31 49
31 50
31 61
31 52
31 153
31 75
31 65
31 139
14 12
65 61
65 12
65 37
65 8
65 92
65 84
65 137
65 56
65 4
65 125
65 27
65 10
65 35
65 62
65 207
65 23
65 26
65 139
65 90
65 163
65 53
65 127
65 95
65 44
127 20
127 22
127 250
127 251
127 12
127 59
192 89
192 104
192 83
192 116
192 123
192 47
192 212
192 172
192 119
192 25
192 64
176 12
196 2
155 58
155 2
155 32
155 5
155 6
155 77
155 36
155 65
155 8
155 40
155 70
155 43
155 144
155 4
155 26
155 27
155 48
155 49
155 50
155 35
155 52
155 95
155 54
155 12
155 57
155 154
97 27
97 12
97 13
215 2
215 180
215 67
215 53
215 31
215 54
215 49
215 40
215 66
215 36
215 155
1 13
1 65
1 67
1 97
1 92
1 107
1 99
1 135
1 163
1 27
1 28
1 55
1 12
1 72
134 2
134 1
134 107
134 131
134 132
134 11
134 13
216 58
216 2
216 180
216 5
216 19
216 6
216 11
216 13
216 21
216 231
216 116
216 57
216 68
216 40
216 86
216 61
216 144
216 213
216 45
216 4
216 107
216 26
216 143
216 48
216 49
216 179
216 142
216 35
216 53
216 65
216 192
216 12
216 71
216 154
216 248
123 12
123 10
252 2
252 253
217 41
217 30
217 11
218 89
218 1
218 4
218 116
218 118
218 12
218 172
122 163
122 238
122 69
122 12
122 108
175 166
76 238
76 1
76 4
76 26
76 27
76 159
76 62
76 57
76 13
76 12
77 6
77 12
77 81
77 116
77 68
77 92
77 15
77 101
77 65
77 70
77 10
168 12
168 125
63 58
63 35
63 36
63 13
63 12
63 68
63 40
63 4
63 26
63 27
63 50
63 101
63 65
63 70
254 2
254 18
80 95
80 30
80 127
80 60
80 12
156 58
156 215
156 31
156 1
156 32
156 5
156 35
156 60
156 61
156 36
156 63
156 65
156 140
156 49
156 68
156 40
156 143
156 69
156 88
156 43
156 144
156 23
156 4
156 26
156 95
156 48
156 146
156 152
156 148
156 50
156 149
156 150
156 52
156 27
156 153
156 75
156 54
156 133
156 70
156 72
156 155
160 44
160 2
160 23
160 72
160 32
160 109
160 102
160 91
160 65
160 211
160 153
160 135
160 13
160 187
255 2
255 3
255 34
255 94
255 85
255 11
255 12
255 202
255 14
255 208
256 188
256 151
256 2
256 180
256 194
256 32
256 43
256 149
256 76
256 200
256 63
256 183
256 156
110 23
18 51
18 4
18 26
18 136
18 100
18 10
257 153
257 3
257 18
257 65
257 11
257 13
219 258
219 11
219 41
219 10
85 107
85 70
85 68
85 12
85 14
187 83
187 109
187 12
108 120
108 19
108 27
89 174
89 250
89 68
89 127
89 4
89 26
89 47
89 84
89 12
17 26
17 60
17 4
81 137
81 75
81 12
81 37
81 92
81 4
81 26
81 99
81 82
81 139
81 90
81 101
220 107
220 18
220 65
220 12
220 77
220 78
258 125
258 142
130 28
130 13
130 55
46 26
46 65
46 1
46 4
46 6
46 68
46 71
248 2
248 28
248 18
248 10
145 0
145 65
145 2
145 171
145 250
145 31
145 53
145 32
145 216
145 54
145 154
145 9
145 49
145 41
145 232
145 172
95 8
95 4
95 101
95 12
191 58
191 59
191 193
191 3
191 5
191 206
191 79
191 20
191 81
191 231
191 83
191 116
191 69
191 22
191 23
191 4
191 47
191 90
191 101
191 223
191 65
191 143
48 58
48 2
48 180
48 35
48 36
48 63
48 66
48 31
48 68
48 40
48 4
48 26
48 27
48 49
48 52
48 65
103 65
103 26
103 12
103 68
103 60
103 159
103 113
103 70
103 90
253 137
253 0
253 29
253 194
253 32
253 5
253 34
253 206
253 6
253 9
253 159
253 11
253 254
253 58
253 233
253 13
253 63
253 37
253 188
253 65
253 247
253 66
253 138
253 231
253 31
253 39
253 18
253 257
253 26
253 68
253 40
253 143
253 41
253 87
253 42
253 14
253 43
253 61
253 46
253 171
253 144
253 44
253 82
253 45
253 4
253 145
253 197
253 47
253 48
253 146
253 147
253 49
253 182
253 50
253 125
253 158
253 149
253 150
253 151
253 35
253 52
253 163
253 226
253 95
253 53
253 54
253 55
253 243
253 255
253 56
253 10
253 133
253 211
253 12
253 57
253 154
253 155
253 156
221 65
221 106
135 28
135 4
135 55
135 27
135 72
135 13
135 12
222 11
179 65
179 109
179 28
179 115
179 135
179 10
234 2
234 194
234 4
234 176
234 11
234 221
233 58
233 180
233 194
233 3
233 5
233 35
233 60
233 49
233 237
233 36
233 63
233 65
233 140
233 66
233 138
233 31
233 68
233 40
233 143
233 87
233 43
233 169
233 144
233 170
233 216
233 4
233 26
233 95
233 48
233 146
233 147
233 152
233 50
233 149
233 150
233 90
233 52
233 53
233 75
233 54
233 153
233 139
233 12
233 72
233 154
233 155
233 156
61 4
136 12
245 104
245 18
153 137
153 75
153 88
153 37
153 81
153 40
153 4
153 26
153 95
153 139
153 50
153 142
153 90
153 53
153 101
153 65
75 137
75 92
75 4
75 53
75 101
75 12
102 109
102 8
102 12
102 187
55 136
55 72
55 26
55 12
55 27
55 13
259 136
259 78
259 18
133 59
133 1
133 32
133 5
133 35
133 60
133 152
133 36
133 13
133 64
133 20
133 31
133 68
133 3
133 23
133 4
133 26
133 27
133 49
133 50
133 52
133 22
133 65
133 72
143 58
143 3
143 32
143 35
143 56
143 60
143 11
143 62
143 114
143 64
143 65
143 69
143 82
143 4
143 26
143 70
143 61
143 50
143 54
143 12
143 57
143 72
57 58
57 35
57 60
57 168
57 207
57 65
57 67
57 97
57 18
57 142
57 107
57 95
57 96
57 50
57 125
57 99
57 53
57 101
57 12
164 24
82 75
82 12
82 14
