66 127
0 1
2 3
4 5
6 7
8 9
9 10
11 12
13 14
15 16
17 11
18 19
20 21
22 19
11 3
23 24
20 25
26 27
28 29
22 30
13 31
30 32
33 17
16 34
8 10
35 5
36 37
38 39
40 39
41 42
19 43
44 45
46 47
48 49
50 10
8 50
51 1
6 52
0 42
4 49
52 28
53 31
33 14
47 24
18 22
52 54
55 19
56 57
22 43
38 40
46 23
7 28
58 45
26 15
59 60
60 32
14 2
4 35
46 24
43 32
23 20
1 58
25 21
45 49
44 58
35 59
50 15
50 26
18 55
41 51
48 4
61 60
12 39
16 62
37 47
24 63
41 1
59 30
34 62
3 12
35 61
13 57
40 8
30 43
48 45
11 38
29 42
59 32
49 5
39 9
5 61
25 6
52 29
51 44
15 27
34 55
63 21
17 3
27 62
38 12
37 46
14 31
44 48
16 27
25 7
34 18
0 41
64 65
65 37
6 28
65 36
51 58
20 63
40 9
10 26
62 55
54 29
17 2
53 57
54 42
54 0
33 2
13 33
21 7
59 61
57 31
65 47
23 63
